0.0053411579353113
0.000123228882054654
0.00288678507814033
0.00546970161195819
0.00469153865021316
0.0015488544919771
0.001881259938215
2.16258173904638e-05
0.00363539009663924
0.00280983774386286
0.000132320853203642
0.000313502610699256
0.00143401874423036
0.00209225277963715
0.0019711359929967
0.00337621403840454
0.00148047904016435
0.00252601574381919
0.00107921665643384
0.000952127929054993
0.000727318535196858
0.00201424962821895
0.000564164218925281
0.00142372353130636
0.00168224329205439
0.000648601738506738
0.0018577793219141
0.00197508973347315
0.000862008861874126
0.000622358778301435
0.000490386363944988
0.000580874395005514
0.000216680163121211
0.000332566959443412
0.00360373155054632
0.00218147471038084
0.00129053553240081
0.000912068917488935
0.00834304076848611
0.00383663633474575
0.00253297933420266
7.92397516865594e-06
0.00205578741608242
0.00139213442236804
0.00125496052765856
0.000644674333430565
0.00143955010883174
7.08643739893993e-05
0.00195811284395291
0.00381846140511978
0.00123436709687176
0.000636325583292701
0.00769650496596287
0.00132820711231584
0.00101618270212
0.00191726249620537
2.61336778577193e-05
0.0039694148841804
0.00312655233062061
0.00166407969727285
0.00135260920319546
0.000493535717294053
0.00414445434005605
0.00195054416223014
0.00369443677646776
0.001448202238467
0.00222129425098576
0.000950881758594508
0.000149652758263231
0.00279039767938329
0.00272151466471173
0.000597791813736121
0.00440859564941019
0.000688403699542353
0.00197224151102721
0.00189904058909408
0.0015167375376932
0.00220421373559478
0.00342049704755798
0.00110283093837602
0.00148876538009094
0.00212484013541763
0.00132406703877504
0.00339165379068808
0.00471624119675933
0.00152021776017014
0.000446963024586209
0.000451609867442682
0.000714973161923003
0.00200883663611159
0.00136410733927358
0.00836540642513044
0.00114828109488734
0.000650111356304491
0.00126396722632839
0.00461432872517643
0.0017547723027168
0.00408057566049282
0.00265791627477099
0.000459813253758897
