0.00767819451018205
0.00140286420721858
0.00628043443488186
0.00808183613647117
0.00737174694711904
0.0041885168716374
0.00518075825774331
0.000545123603243297
0.00621448100626214
0.006573186496936
0.00134149175333412
0.00204254197527146
0.00403365356096379
0.00500730436933179
0.00604743131682099
0.00719619609390443
0.00462402749529651
0.00521810452556548
0.0038177148497689
0.00314162873110585
0.00261875504179329
0.00487663617676853
0.00247162133848182
0.00369779530178874
0.00414683646268311
0.00294499543156035
0.00485894406710043
0.0062640547135584
0.0030595393124434
0.00284311726634246
0.00200936411856672
0.00266896711004125
0.00156281969413476
0.00247479709679772
0.00732386498058457
0.0049532809829107
0.00452758599103473
0.00299870562536677
0.0102007512841337
0.00678524665842313
0.00582782114929816
-0.000327283150419864
0.00506352446473462
0.00395188141944681
0.00393444791692182
0.00302423127960128
0.00425598449053253
0.00085508840264897
0.00480097532172967
0.00706811336701641
0.0033967276095727
0.00271434585213099
0.0106335930819969
0.00425672060046508
0.00303422441720538
0.00428584240307687
0.000486020732315989
0.00712061585320683
0.00591915338321105
0.00474461554675442
0.0047555336751611
0.00228257358360276
0.00697342885732004
0.00482046510609746
0.00718412418240996
0.0043167013594219
0.00517136505463393
0.00404440385550927
0.00137198220927415
0.00668308200646947
0.00641481798288452
0.00295172821682383
0.00878945418540452
0.00293910262379212
0.00469027348585499
0.00453818396806845
0.00469294414374099
0.00598615380398662
0.0082604061948061
0.00408365356386117
0.00428292073806556
0.00583996649994339
0.00417236304786266
0.00686363805336336
0.00848411306107716
0.00437331712584576
0.00229372043093588
0.002673945299313
0.00309616101227426
0.00602853835335506
0.00396532611711343
0.0103331075292212
0.00424568088992191
0.00302000418555074
0.00433112920419598
0.00831399591734908
0.00529683312141068
0.00645311428080159
0.00611212274949836
0.0025106215045188
