9.06073466392648e-05
9.00703458456838e-05
8.34049470970443e-05
8.73946824905649e-05
8.9891986572095e-05
9.73395620627456e-05
8.496013669176e-05
9.00115652927931e-05
8.86875595351873e-05
9.00283736278439e-05
9.02110214831428e-05
9.16777822760479e-05
9.04623947608703e-05
9.24332701822706e-05
9.04502259444161e-05
9.03307408218321e-05
8.902091352241e-05
9.17861806103017e-05
9.02723808142188e-05
9.19230983553735e-05
9.08750466530142e-05
9.43491571665042e-05
9.09365092503518e-05
9.48237278755634e-05
9.12804824959775e-05
8.43396960257705e-05
8.97718624676329e-05
9.12036258182455e-05
9.30543997928546e-05
9.17843647400046e-05
9.50162653382622e-05
9.52921220420119e-05
9.50826027843823e-05
9.64457605477552e-05
9.59467211479574e-05
9.19041741527216e-05
9.05429521660044e-05
9.63533158122703e-05
9.0516291606162e-05
9.37700690086946e-05
9.0245156252218e-05
9.11959474315332e-05
9.31761789036424e-05
9.49049746944565e-05
8.96740903887242e-05
9.60945135891786e-05
8.91291559272075e-05
9.2725455029055e-05
9.00627441780175e-05
9.19580665956907e-05
9.66175810607735e-05
8.74346337869942e-05
9.08385479558803e-05
8.80827188650625e-05
9.05923453796608e-05
8.75956163016901e-05
9.04918146877714e-05
8.89340471925623e-05
9.40305216246268e-05
9.60412733936787e-05
9.1031897199995e-05
9.51928723887465e-05
9.17076696076384e-05
8.65804078215646e-05
9.18557254136305e-05
8.91104054779319e-05
9.27910223826284e-05
8.75999594316092e-05
8.99313860311796e-05
9.13587226801026e-05
9.04840138850676e-05
9.06647062518758e-05
9.28146040580707e-05
8.880028376799e-05
8.99369072257596e-05
9.25504385123768e-05
9.10582938553268e-05
9.13594560331345e-05
9.17779258620883e-05
9.0563457515011e-05
9.11423684515836e-05
8.94163796493712e-05
9.01204161277109e-05
9.15579902930486e-05
8.84987619851069e-05
9.01102755250152e-05
9.14639133143369e-05
9.55681980790372e-05
9.21907735610582e-05
9.34615949755701e-05
8.79066759205866e-05
9.11566704357627e-05
8.78796516649732e-05
9.36267664321098e-05
9.06902397843581e-05
8.98890873239669e-05
9.55947971426728e-05
8.7210054808656e-05
9.19058386757421e-05
8.82985424990477e-05
