82.6013806408009
81.7715778477868
88.2997962092413
90.7616032382102
87.2952241245439
81.1962474949542
80.0676130599531
77.9591484775119
74.0000787866229
83.6542085618821
81.570249500699
81.4664502153246
74.5773641250635
71.9794857347879
78.9238694398773
86.9404923200236
73.9005762794404
66.3013451528495
87.0179203632324
76.6242015777607
79.5478235560768
84.2081856812001
73.7093497495953
86.8417341253044
74.679912912783
77.4281643664945
80.82208736346
89.7641185743123
74.1161501673632
87.7805963303654
75.2017518250686
84.6743576759363
66.3832164526539
80.9118848535436
82.0858938524434
82.0364648888608
87.8417125290252
80.1027894589861
71.7555116134572
70.2706603835868
76.8694948724806
84.8675839198149
85.923747929126
75.8037807709661
77.8185459771557
69.0141226522319
82.5217275180585
74.782086157189
86.3525309524448
71.5314949804015
101.981494591899
70.1519626919362
74.4018573895592
81.9057647967929
77.0519979389246
72.292043812562
76.1739475599352
70.1245639419758
69.0792507919032
75.7362533645028
82.9627574589904
81.4009077652299
79.6034753445892
74.6276563093052
81.2199204701355
83.7538608540963
82.7063210866399
76.0845995730051
85.8824658085614
91.1693713612331
92.381033238813
79.6398520618386
71.2974792903406
76.7715142389097
76.8706477413361
89.2327078330782
81.5733773924439
83.5689999351998
83.3584126244859
83.6755727958262
86.3406306968172
83.2878638697366
81.8625699673648
79.8849307037235
70.2200309521104
87.9397609951375
72.7642469623315
77.6980855823349
78.8029923478098
77.3998049213042
87.4676439031791
80.7411167995306
78.3842982266324
84.5518209288311
79.8675464337321
87.2241518961164
77.148172049212
86.9536269391683
86.6179888803963
79.8015967685169
79.9554312914552
77.0548295984154
75.8806092736522
74.9250928577967
85.7111171542565
90.4455954347795
75.6420933220397
78.7915559419635
83.6903353844937
85.8244565531022
91.8006339235144
84.0173634289276
85.3597858169742
90.2793512805547
72.336612542229
96.5969791680072
80.8386403020668
63.4909534211038
80.4096357073031
80.5326522768264
75.1429958303488
79.3539788794187
77.2294498054289
79.0857479625301
96.3311455739859
85.034524167284
68.5683283338112
78.7801006059781
74.8034726237565
69.5183716261454
80.5853111380675
79.7851722212581
84.5297868846428
87.3351997630161
80.2832870787788
74.8912284016005
91.3191291277508
83.796557370566
82.334297578931
78.3162371848339
73.3154900870068
73.7406118268627
76.0319041356706
76.6613576805903
61.8675171941286
80.7408728178052
92.9081591346585
80.9198149545082
69.9089028424823
80.419388897295
77.2199220835282
76.1416542957704
90.5908620334158
80.8060840451617
85.6710812738856
75.7803641431019
94.640306514797
86.2608201124058
83.0417832864405
75.9543330398992
82.6320492781451
78.4704652854489
79.7946575640162
78.5537605273166
76.7177177398153
75.7752096152835
82.3371690180538
66.346928108469
81.102469322188
86.0728838015384
76.3983324496076
72.9932135656636
74.6997120418164
79.0110298259387
83.7027859887639
84.6962530719356
83.2258027835851
81.6933430762801
77.2185448263917
86.511780944933
80.3471874054812
88.8867197915533
73.0811175925228
76.4295031614274
78.2902163341168
83.93521184575
85.0678278261366
101.457523947694
63.5728788684282
70.2631457512871
86.6532369133747
91.8950377075635
78.3951739604308
86.2627699561308
90.0245520340359
87.5124507853798
82.9671958412328
68.4069055262335
64.6388843701607
72.021306960014
69.8609181146603
94.7243886365068
77.2852594840078
85.7738624108715
73.5102735452747
79.9456940506352
84.5866518017283
83.0213342795578
72.2570680786012
72.0729401033532
90.3022677205227
72.3674829755546
90.0087639575613
80.1745495701289
78.7785708580086
86.2457985232104
84.2461065878051
87.9773965943277
85.2210823859059
68.5012179019977
84.7393717210834
88.1800170440583
75.2621416296715
83.0692678636551
83.7047886284527
68.2295855307966
77.6659308110902
76.390986166738
91.6599270961706
76.8540820390008
74.1611794540004
81.8785893102686
76.5866223198682
79.5659951971938
89.1831682896118
69.9739243429503
74.7909348925823
76.5830835485649
80.5227163510572
78.7000963979699
80.894812668761
84.8372721097876
72.9620550032159
75.9392317468482
68.3361453378784
75.7329917605894
75.6844293936047
74.2458036576536
87.3548596015571
71.3472543154458
76.1484878767951
71.0238394356456
70.5253827456763
79.895748034367
69.8875387341286
77.5199791672676
78.673290372335
80.2159817133142
82.7728699494255
77.7427447704686
69.4166471554236
83.7124258366748
83.6033086070202
69.0515260951724
79.0975001076622
69.2535542522855
74.9312488817741
79.8997348175872
70.9525291273894
96.5412987903946
83.7440830043452
74.4460074816234
86.7913945079599
70.9816314384298
89.7947017028237
89.5781342924965
75.2269586503135
84.5913379465965
68.6823817820186
80.5124759739592
83.4400242554038
98.7110197310103
75.4268246473293
77.331552618878
93.3740609251363
70.1137892083098
87.925497412587
78.8650399553917
75.5174791440841
80.9264202624981
79.1245220529054
70.13130247562
82.7288799008784
75.3061926751434
76.6902869191254
72.4648562845068
70.7387456210345
78.9082759895282
73.9319132004021
79.2070479930589
83.7737899461026
77.8351888408833
82.63613870673
71.0923920670539
81.2064726852004
78.135795208862
77.4775698703634
76.8282033843789
74.6362973904652
80.8552708964125
67.7438544310717
82.018966790798
86.0411860840904
78.1382340823184
80.1558056828944
80.8571522537495
77.2169301995418
86.2164519632024
82.2460120158175
86.7789477888728
91.0873701771634
87.7112021360917
63.7536108894128
93.0629208004939
72.1927126995361
88.5752097007207
77.1821175904661
81.9676640672878
83.5036711862049
84.0160873693494
85.2197906326546
74.2921058818465
82.6625151539956
68.298403302113
94.8222506393358
83.9673243198304
62.9071820174504
79.3626846126463
79.2924563652668
82.0420455109015
85.561110464776
83.4938822266304
85.3220612808982
81.2917106980203
83.1863574893505
88.9119290212002
83.5785563571262
78.5672173207749
67.7474884739495
77.4569994769663
83.5749175542805
64.921825499925
77.880206661157
83.871460834238
80.6026611983107
92.4347181126723
82.4674069512112
87.8826509137798
72.98492204586
85.7348935139889
70.2065076943327
71.6228256637551
84.6064276208672
82.5022913458779
72.8842098948844
71.4163685634012
77.000139600219
74.5717788522707
88.7809946351881
75.4611570695743
77.9212596877769
81.8046365604023
80.6219674859021
86.7440819896728
80.9308206877795
82.7450384565782
81.6930468092396
88.0207606293989
90.2570930010661
76.4863538045138
80.8477959217853
75.4039584684724
66.419608821212
78.4477660039811
73.5106716097616
83.8593021631496
92.6844110014063
84.9722346716444
76.8501724619782
77.3753915833622
77.5775298347726
79.5059879649234
85.5859631533749
83.5277712594725
82.9554787754423
81.229809753102
78.6612260095462
71.5327415770626
76.2287831322355
71.9235730411601
82.7733230970734
74.7206565326778
83.4933614150214
85.3745639067383
72.9002262214672
83.8595827779936
86.1410018645074
81.5432714965355
82.7296769567693
81.2316958698211
81.4986459550855
88.1927938879307
71.836578830822
74.3186852632571
85.0161519671565
84.7695896029654
85.5687770099539
71.7783917777742
65.6368280129172
92.7407439220442
80.3627222903124
83.9463015996116
83.1395000034609
77.7360718480195
72.8541847514934
83.9616382624881
71.4553074777687
97.4528673981222
73.4672563851309
72.4581239604959
88.5937435087508
93.0459452403156
74.5164638646966
80.4722562598654
86.6491755847601
90.0828597393011
89.0095530199942
86.6989104580389
82.8839552015233
82.5225711161984
78.9463831804314
68.0142494628599
68.2714519519759
80.8797837482161
70.8378144528724
81.3350787593081
77.1614408868809
69.4995571464569
80.5232612237087
78.8599660977961
87.2883206314218
73.7162870184475
77.1182687695109
78.6438879772104
69.7014024781638
66.0187419181311
75.8273876336898
78.1811218807889
89.2161430737542
69.6517997849332
80.3633637924904
81.7373736603295
82.2008946093192
80.0336088740951
87.465937070152
86.2234279907061
80.2000938387719
73.4611030829656
76.0944130192038
81.2691403768222
89.3737964485299
78.0365109010527
85.1369441684728
74.2040348668124
85.5020333394968
85.1821193650503
85.8730829151355
75.741372824581
81.7146722541656
90.1857452295008
82.7573471003161
78.4600249243995
84.08085466376
79.7025649040952
74.0531191897899
72.729822330879
73.7730649730074
65.0867752129088
62.4439889869464
83.7210333876355
65.5959134408586
77.1855112979501
75.5375531932295
81.4094048878615
78.4659746544421
88.3879935952573
72.9643407021285
86.2923184911706
86.3431568096494
79.8420177472835
74.960417931361
79.5048720462764
86.3945265317998
71.2977351685513
90.2267581907872
82.1267589455965
77.2532345340005
74.1372644491494
86.7777522310171
75.7279501253433
73.6836006183075
94.4381801868258
82.6061368512746
80.26144429747
63.2021050045951
74.2597329903037
82.9571963238996
98.0979063659579
95.8144535045212
87.0443760775524
83.2674253108598
76.2675247307488
85.6131469551219
86.5448337440575
78.9279947306713
75.9969792884258
79.283754727654
72.3512779897028
88.7177325294033
76.6406740219172
84.313915434519
91.3884498099032
78.7762524698155
73.5004122233695
88.1433799137667
91.060139657995
82.3580830091123
87.4746626963715
75.4384352216184
72.0866441272701
82.3645748579147
87.4966515071355
82.6458270068651
85.0795045615778
85.8146599199936
81.0184401853185
82.9198711056888
78.6110230940903
81.3930906268179
71.2598206831935
68.7422366386927
78.0110520486123
80.6655541909277
87.457632393056
64.1044510922547
75.6880542001491
82.923477583834
89.1198417185697
75.5659121539102
67.0876001373872
80.2045067103863
83.1519664829284
78.4005513016127
80.7174066047228
71.4075153371086
77.0124859349962
69.8356944957341
70.1260182932419
74.5379277867687
86.4532799704757
79.9984554145667
77.6820936919139
85.6203543242555
81.2286026866823
86.3826375732606
93.1599370562035
81.0491034165534
83.5797244409478
78.8262923662769
89.9556629616709
78.6907923158833
74.4569819628596
77.8067248050029
91.4359766636226
77.3160433623743
82.9103795924821
80.6108537732835
77.3387699418672
81.8867318679841
75.4541505184279
82.7029487853288
77.3797370975153
91.8796199147473
76.9879497243091
70.7858367099288
67.3459592688232
82.6561959050159
76.8159939944162
86.9237525950084
64.8898647572678
79.114825454315
72.1753022115372
78.4287727328374
78.8795011188558
79.5789656043562
82.7574865837632
76.1064675082125
79.0781269968975
74.8375047715563
85.9968643849861
77.1853678861153
74.746573095912
84.3637801362966
75.7494065281171
78.9412979817716
89.4000539059743
82.2915211261825
88.1903739296758
83.6892131126879
78.1479181562972
66.0489198636496
84.7012247949679
74.2461204693936
83.5354512030463
78.1318060760022
89.8484088738696
87.5445876367885
77.8331725770877
73.7622666872303
85.7711498828139
70.6714273898906
76.0288801294446
72.6860244215495
87.5076691418762
81.7856091063331
83.4805108032197
82.3229745884273
89.2918440445937
75.3596591015666
63.4081711180588
81.6081065176622
77.8466652929965
79.1995333568921
88.118313135903
78.2524472591213
87.8482543595928
72.9304994321719
75.2631538787537
81.9046441170103
85.60108419686
89.3096337467796
70.3040393342126
89.5545253326636
79.6035532405549
74.008027850763
69.6309401251274
83.9542275917884
82.4206511710145
73.5165173300265
89.3984849063127
85.1066883028616
91.3383880938563
72.3306354335364
71.9346033100192
85.554539264198
83.2110154538786
77.0324959587742
88.4896404232095
83.870280433046
85.446947601522
90.0656569121129
87.8142910562274
72.6210574101897
78.6802895436376
84.405129945535
85.9662110062563
71.8393350646766
78.0657347185515
75.3865746885313
73.4814773272446
78.3829810316129
76.6011893613359
97.8271001076537
79.7556300751421
80.4201688402536
93.6192342557879
97.0580102280983
95.3504060937921
78.0872435194979
86.0466096306809
88.1462709597399
88.7504874958322
72.3445271070741
65.6610145743689
89.64441428379
81.2421115565739
77.5593277674961
82.2402413738382
75.4293753626771
74.0012634045379
75.4558269160916
87.8713389869481
74.0849888194898
86.7677035771412
84.6749788037632
81.3224769377921
94.8825549715584
98.0242468159704
78.0848903626866
81.4553736706403
80.4220347333794
86.9816679656105
81.5242456463857
65.2555554767387
91.4190275434703
65.7618003991593
76.039321840206
69.8597394302196
73.4507474563361
86.2418740216199
82.4847115410303
86.4127059515449
70.9801835025428
72.1366695527249
75.6782958234144
72.0300353202074
80.8598424043121
78.268244409308
72.5632473958067
75.9256310507299
77.855321895935
88.9793593841314
83.1018327160928
75.2989622114183
73.5106601585321
85.1902008987636
69.1468533010411
84.1877324189918
76.7777773425369
83.763946198651
82.0715941515591
96.9485150309993
83.6202711629376
90.4898271966194
76.2347439403384
75.7695146685619
93.6867434416454
70.4142742844997
81.1606249466458
71.5492117452886
92.4584991307893
76.6787669712758
83.9210277594466
85.8708692631189
80.3580298183988
69.5550673906473
81.5118502658843
89.770937073703
90.726426637957
74.8261033944473
85.6107077610686
74.3576391553906
86.1342461911518
82.4410445748836
71.6393246408297
80.6850057964439
85.9033623268879
71.6448794886528
75.5333151421619
83.2031816190465
90.3315732210249
77.1361851351903
79.8428965054991
84.1270353892505
79.9725275202363
86.892938023997
76.8069676243686
76.1577481883687
80.144784342232
77.4991632219826
74.7684127051944
77.5418872064256
80.228533160287
76.6573851673747
83.5778048608991
82.2195896374797
83.5846936854759
79.5171497378506
70.4578487888248
79.6561225538244
93.3343097642792
72.7336079937559
82.2997626397446
77.8540661303959
87.6595123152401
81.4469089647428
83.4342898858995
79.3238181630404
60.5156520915407
80.6986222014966
76.6913535929598
71.8826692357143
80.8752857872532
84.5497172299656
69.5804733216901
85.5998665857223
73.1434312547535
79.4930366027838
78.0857948003249
77.4765438231007
64.9899698648296
74.958817202576
80.1250787358331
76.4265426776401
76.3496549210431
78.524774184345
91.0214693268463
89.1052130104508
69.8479816730433
80.599623069138
83.0378778783452
73.6893267451051
69.1582997283294
91.7560367544684
73.0329279876278
91.4309286563657
80.5196994137623
79.8567143525215
87.0149897531483
85.6094634180627
70.3207342724927
67.086054622363
69.046721391067
84.4871320087987
93.5422255595877
83.4668552655421
84.8679492376723
94.4264788650689
71.6036352071969
86.3851794687762
72.0009220299544
71.3862086174449
79.3962417906077
68.4023864761839
74.0220782698525
71.4403431630526
72.9589791779435
76.9199465523634
80.8453355295933
77.4838941639282
74.0497297972615
73.4997257314608
80.9098616664123
87.6620376480823
73.2323741512882
80.4517201654635
78.9641766651366
79.2991214217254
86.1020240288053
78.6064414340253
79.4968792965992
88.6380201466491
78.9915678486832
75.9344110363163
76.020961740971
72.9911258246575
88.0981867608461
80.4211268289291
82.8345993207695
76.5796712744341
76.9650948310518
80.8788341936634
78.5577061649492
58.5514348422294
79.5677330699436
77.6685663827375
72.3731315945079
82.2798878418726
88.0503663279815
83.1720585485418
76.8984425068302
79.6758557521534
77.5429722805748
68.4202576120661
73.3422908400134
88.4038099155878
75.5609093746425
79.6833757083659
68.5114151735761
89.5378079427974
85.1745927129668
77.73836708612
96.9257932395194
75.3602653396774
80.3191841061562
77.9108571473735
75.3272360136107
80.0099118818252
81.2121494261228
73.1566176575216
61.9827609449349
77.1522423739152
83.9414639691531
86.9318544503512
78.6120284883182
79.3793590201421
87.9884809359573
84.8919417541001
81.0560232820026
75.9288176573573
89.1311163027385
66.2527611531586
87.5443325434353
87.4613532990188
85.42677551612
80.4756009861012
84.5229614739219
81.734722933521
72.8640353454539
86.1776835266464
85.7731572149751
78.7035739146086
75.0399820957355
66.7205706154491
73.9914059198563
86.0008131347313
83.2296918757747
73.8797894313102
92.3741682396685
81.3669128988004
86.4573003603546
82.1017918729849
84.1544642103581
69.3452677699206
72.0972707218898
86.3731697896292
89.8229455832952
84.8295057913965
75.1734184945199
72.8778092340253
72.7477777731947
85.1446446995906
78.8457888321682
81.9191466864322
79.7055845930881
83.7745365326409
89.8143775312237
82.6367035503972
79.0901422123097
72.4532834123565
88.990403506119
83.0162111435711
76.2194383630886
76.7621982370401
90.5147644191529
66.8369124671772
85.9446150793119
60.2323551540758
70.1256818357615
77.4472525257916
82.7174912833289
87.82381209093
83.0887772384267
84.0108235741427
73.8214691009343
91.1118345118557
72.9515637845179
86.9112509853367
88.579239168419
77.7593137700569
73.4848685811085
87.9261731229526
80.8599505015263
74.6301407055398
86.0020826342188
106.424459570517
82.5983466127727
71.0296558959635
83.9275416941891
84.4247414590754
83.2108180159448
80.3636563631298
79.454371855114
77.4131091808449
82.4337146949365
75.8779566152771
82.791054723788
74.5122054976782
66.0539590638691
72.6255960918788
75.7619226551687
82.2926876653182
70.9835044619504
97.1907141449556
84.8530134260182
67.904829308929
85.6776497051615
75.8701807755024
80.7065821997276
75.3275778193893
