0.32617042977513
0.326010542736428
0.345854497195468
0.123804714889497
0.324836105973515
0.354997273783429
0.320702503757552
0.33851086578918
0.323082989203093
0.342389050706605
0.330210928095635
0.318715165896679
0.3250814486385
0.337471850993622
0.336934658219001
0.333014209486981
0.338555670057517
0.177249442440878
0.119880834988198
0.336497061846244
0.345335319467938
0.329232925055535
0.333856548491997
0.316852744050242
0.326735014538817
0.337111201319757
0.325934409279547
0.156096940929427
0.149213501598019
0.343061119233413
0.348691587164295
0.344386308217701
0.144405803831107
0.332353685691737
0.329578733376326
0.34258962352943
0.332241424628295
0.337270761439333
0.151584083252668
0.333102065177243
0.330556017175762
0.336136086387179
0.325768258249116
0.350733477325779
0.154670868127547
0.332370377331951
0.327242158251204
0.335723691536718
0.346613827777431
0.328072131988273
0.34292325964738
0.160657058684755
0.331034053314941
0.326732721620538
0.0633102212694984
0.341162953142754
0.172484477229396
0.155026150437495
0.143253945984333
0.327075119728401
0.328224170573293
0.324607546512118
0.32249610118097
0.330492191660425
0.331429487080114
0.16359397539126
0.157129647761552
0.333520034907946
0.333215492350652
0.332895370609925
0.325835906462098
0.330459589285059
0.328136095422094
0.331609837354936
0.338296583550081
0.327121694344234
0.336010440334116
0.328114286968042
0.330135406665107
0.0990305998037458
0.331292793376411
0.334893744322118
0.125854241405395
0.154044125635076
0.32273916302797
0.332611422672138
0.163448314589612
0.333786432006391
0.318446399666959
0.329027451800444
0.31915622096163
0.339148007442189
0.153989119400093
0.333161426085698
0.163117433959669
0.344917621353398
0.0946219298307726
0.321270941780144
0.330835836850327
0.332143763698594
0.347336464765764
0.135681865360925
0.096001200636876
0.159811618878764
0.315085000755656
0.160269727466667
0.32727414569638
0.332539034451481
0.351052418623196
0.341809604104627
0.34019615170336
0.326189242116412
0.345664086883034
0.327750991681062
0.336031879401847
0.164028741096329
0.134163357034937
0.327786803930477
0.16671126705928
0.331752985802402
0.322654690998085
0.155556650974383
0.160151467007827
0.327027112501162
0.329326707369059
0.312696624027779
0.32749306600685
0.338112016159082
0.332118257713036
0.106721049502837
0.159366154478879
0.347420326960265
0.331870649520329
0.176425416072345
0.149317952724106
0.329024953953211
0.33483765638711
0.329483139812792
0.165885089248244
0.343394773195861
0.163011455988049
0.119077308380848
0.320665044252062
0.336056303500841
0.330375630863992
0.333743411304957
0.158439582381426
0.153537971204179
0.321670031264327
0.329950740729643
0.335232356910074
0.327782311963711
0.337820268790827
0.322185973790308
0.337413527984467
0.163561361870567
0.327721522475756
0.336904438365922
0.342008548866542
0.328892874197036
0.321786043407335
0.336511361993629
0.151807995963861
0.173765640356279
0.329453699470634
0.142138253691773
0.159785921701289
0.349496202289061
0.332225847528767
0.34078842685428
0.326088485981796
0.325426748449354
0.327273184694026
0.160639293647394
0.336591667483937
0.343888100728507
0.3357999638737
0.328550608101765
0.335586740406207
0.3311931326712
0.340262101992156
0.342260447385469
0.322756538914664
0.323745293695113
0.142279888582859
0.335923016538637
0.335287004047383
0.340235779890226
0.321341633792761
0.12006334759792
0.33310794961794
0.342461442456182
0.333941647663177
0.336576726519945
0.331985891311493
0.347616222027647
0.161054328790872
0.149445888416063
0.329144496267331
0.33285521647766
0.0680812607332088
0.340331296479514
0.327569120750977
0.352050730542168
0.120359991306961
0.154293612139366
0.337413204315739
0.157300492430706
0.319791944152707
0.330357158829298
0.15706926400317
0.123137702096632
0.339105558567732
0.332813574101755
0.334416802807503
0.160045486744424
0.159886069719778
0.161757605476425
0.326736552701409
0.16730696809226
0.321865418462407
0.316873215622481
0.321729487379975
0.153917550070114
0.330765203255866
0.152313615949237
0.169821712367373
0.327028113264647
0.159238944153801
0.336901872966783
0.327009942734146
0.329648700365779
0.170674593750037
0.32982649638024
0.342260944428244
0.326207814571809
0.166153126183468
0.12118817939486
0.333136547554913
0.330997690829597
0.33665451183483
0.32893344102942
0.331405424211138
0.155089801907512
0.329542212612361
0.1595837964704
0.330351293474207
0.128110172346363
0.338458947504142
0.335964314687474
0.150079840279887
0.144916295833501
0.160193916946903
0.330843864932382
0.328882097435812
0.131259540951683
0.336524398828624
0.31592386821516
0.351127955649292
0.329631751880563
0.317276693527521
0.341352582252483
0.318885823324746
0.118932770037789
0.172164395906199
0.155868474794973
0.332499757534168
0.323935131161478
0.112784352862907
0.161138019575471
0.322478924426065
0.145487392687111
0.164677741913043
0.324564910614196
0.149810409934496
0.334309052486875
0.335688842247291
0.336488576879585
0.326331598143516
0.320929826956231
0.338780277658753
0.336312679148293
0.349281702011852
0.333337640157361
0.34016821956238
0.341153594290416
0.336886262783865
0.325186408427905
0.140272630900522
0.114148557529062
0.336516483509575
0.168902748472373
0.325441810335124
0.336095417869075
0.351523126158642
0.335335551462768
0.165337066166464
0.32163913385369
0.334558245442003
0.331110296870742
0.164242567626416
0.149296653579631
0.113842060016006
0.321633420159411
0.338443630473606
0.34757593342696
0.325140404071422
0.157904877830239
0.338053495932576
0.333774287391981
0.327780243525817
0.154932807197037
0.336630261429307
0.33123777988455
0.108804489190351
0.325071814875664
0.15776332699112
0.32005926402537
0.321135370797363
0.33445144740965
0.342391759638903
0.333856552499066
0.151979963833946
0.326915972963694
0.358290991589803
0.338350825814814
0.327899961109644
0.313340468683525
0.331442315464325
0.335189976749379
0.343777093300184
0.165914155005019
0.117347185288727
0.145263824692466
0.340376559007316
0.160158037127654
0.325070712572745
0.346077534807144
0.158266758462605
0.335140066445617
0.169269852501225
0.333059513914794
0.312854594056221
0.3405630663849
0.333226224490026
0.342680392689357
0.33643146996582
0.154071118162947
0.334806779125886
0.344141540723248
0.3396961634074
0.322216205306458
0.157738363088113
0.330329978554462
0.353801673443923
0.161922311204696
0.33276716548465
0.323764388173516
0.340539544563711
0.163827190579889
0.325102729423722
0.331368584803267
0.115838247633695
0.162928848204268
0.341225890117705
0.152135023891996
0.332904088589814
0.17029443718442
0.341204061914664
0.117459782993563
0.160381238923385
0.161014375033151
0.32843421930257
0.320132824691977
0.34871238658132
0.332416428596357
0.322602994716218
0.335766679607649
0.157322376153884
0.344621440277484
0.329210494064261
0.328304689932794
0.17019335187324
0.329789565852107
0.330103626868237
0.330388655554498
0.333982686468601
0.326790088650274
0.343092122575253
0.323401249715725
0.153110225506501
0.329914359951161
0.327234054984032
0.323820328763492
0.335101072795796
0.341727427467528
0.328211174628756
0.155637268156078
0.356139174959961
0.323707598530304
0.332319974803294
0.335986018581079
0.336486284211376
0.327938741657963
0.337343819697285
0.326413124064549
0.346491287514766
0.337518356525169
0.333138846488065
0.342256487399618
0.159230834133918
0.337120923438797
0.146852195910978
0.346444439080805
0.336492137563884
0.338759298282669
0.323535402653583
0.3207668087959
0.331866471329148
0.332719283597658
0.324314052890054
0.152462494539649
0.15730110710748
0.335330603654941
0.12419061451162
0.176078254482987
0.332253635283984
0.174510143509652
0.157017305051111
0.327500563052602
0.336888045715506
0.324697120127081
0.3288955936526
0.156548877004274
0.308605027265689
0.328971667339326
0.32898025741075
0.32067993984508
0.339251046164403
0.344830850444278
0.156627183515661
0.169538060926551
0.32721135232554
0.339090740641689
0.33408195437818
0.100880890521379
0.336932120619353
0.339871526484251
0.339312385963092
0.345837951266427
0.338238182160959
0.337316287197031
0.328761644003182
0.321153639685509
0.335879419809056
0.171987041433045
0.339689936415916
0.164543238404166
0.330471601210716
0.147281633076853
0.329390988679459
0.118321945053501
0.350372604753405
0.334190080709981
0.342979607880925
0.331377989973897
0.341471782960853
0.344832842543688
0.16793360989225
0.143943228680757
0.32873622243601
0.334238999053443
0.338512772296503
0.324296422995057
0.349655950620852
0.175270802128855
0.349422112339001
0.0697187587398425
0.125973128130421
0.168672945988933
0.328810783383323
0.337317048975101
0.340635722385689
0.328708133245716
0.334994735995865
0.169397393595234
0.316434766134317
0.328025571694547
0.166525926751096
0.336773874758583
0.10629485470868
0.330254662690472
0.333385475515724
0.34003281908675
0.155790357003892
0.338093627388143
0.161553376464619
0.327675307647928
0.34031246107071
0.319164533733868
0.327652591184063
0.174964303481601
0.329415787387827
0.148842375712715
0.33254345149364
0.333541554943496
0.325427404483621
0.336073553555761
0.33831544964641
0.14746805959213
0.159237655354965
0.342241223988703
0.337244059786957
0.329420553818561
0.115639822500985
0.333708684398711
0.325134516164212
0.332843248229224
0.150216000176174
0.331508370200092
0.339977365222933
0.332339810356972
0.15988211612813
0.338403289816225
0.333707453043449
0.344427277162046
0.332552202803609
0.316089833005989
0.329621027171484
0.332547564113791
0.151027516616323
0.33916235874765
0.339803211843282
0.328422701093641
0.328287009928229
0.163839391794755
0.346839069997961
0.154859846437
0.335727682347355
0.15252942200553
0.332371527426596
0.34908338526315
0.156407950873978
0.337667972641371
0.149157918065821
0.333762462903874
0.173199354887365
0.336801467876384
0.159622459155703
0.152215180212584
0.322824049242575
0.342741747769417
0.170592123272812
0.162042591113438
0.116415629155892
0.321248351422806
0.323037842321185
0.170019756266753
0.329576558254216
0.33713232304711
0.332360384210109
0.150453647197341
0.328046004252306
0.336714429226556
0.148328853808943
0.342529356795755
0.323209665878633
0.118631808022424
0.153681530577327
0.337739339852592
0.342324324709784
0.0750998040278735
0.324989509536425
0.326240175977621
0.336364179350025
0.326554497203644
0.154532428171637
0.324433998468334
0.165073342750368
0.170113690674576
0.322204535788983
0.102062625720432
0.128760171326688
0.340373407696335
0.336899006245572
0.165300902255794
0.332327900489425
0.317346070264047
0.331813828753396
0.344784760952127
0.32666147109754
0.325347402292297
0.334962883879472
0.319931176284213
0.3369464729572
0.102548403778139
0.324226379848169
0.112800840885283
0.343522805020404
0.328814055768878
0.163481050937507
0.342716817849368
0.313581624966045
0.138800882915762
0.318886173347156
0.345331811593993
0.334038645292668
0.145757779721651
0.344006186250985
0.346216244602295
0.317102719668182
0.347364988929176
0.326462139238525
0.328753665425087
0.342903680519018
0.159412791909695
0.329383873792417
0.331471668927166
0.333202044878827
0.340850061229232
0.329539833162725
0.341954987017318
0.321541835571482
0.335187569876292
0.332538920318898
0.342684352399282
0.169906325323778
0.325018684319073
0.116991243019296
0.323745435652714
0.32533744799039
0.129373146433277
0.15782492455277
0.337822613118903
0.334156818679639
0.102660293186007
0.334219820761947
0.325160541931458
0.340868137462635
0.338072595825337
0.153839479997222
0.326132261126241
0.140220731042904
0.327282513916713
0.340279116215949
0.331423893057982
0.103996013440941
0.103275111881824
0.15066145186104
0.145049781154651
0.153658881900948
0.328514098643778
0.171021276618083
0.33540117818862
0.347627610566279
0.340665774710459
0.333499816398095
0.106361009713895
0.150482076005835
0.331516959031036
0.333777106958563
0.342616859083889
0.330200228910378
0.331444539569812
0.327840827945452
0.332252936418705
0.326015154244737
0.160415442921345
0.335077688675725
0.338312486481573
0.319314389941594
0.337940548701447
0.116263319181059
0.334005040719005
0.16372250607829
0.148108523940671
0.174381248396626
0.330775333147792
0.338590989299935
0.335240085002713
0.157930170433259
0.170407398598261
0.346137521724458
0.154080179181961
0.328871867132944
0.341271292076298
0.349888278120393
0.323765774444985
0.33517299558814
0.153493769035361
0.338515392889007
0.332148250075052
0.346668322688408
0.167275096111908
0.333656992124412
0.336202706080438
0.153594739918456
0.334357148178507
0.339530490574059
0.337388470373617
0.345355129664338
0.317461015194219
0.16371839023851
0.156590509600942
0.331107186404683
0.332412467775116
0.34377179950992
0.327413140467271
0.325973476278865
0.332988304617831
0.339917212006304
0.351442244150968
0.333955477273755
0.147716419913092
0.333776636071528
0.170336098800556
0.332265991195999
0.318730370920721
0.346664159917355
0.344009471270226
0.328067499362856
0.32693347591196
0.323118864189397
0.337230346629843
0.326596694325666
0.331170381055968
0.328647414253921
0.161754385782878
0.148721474352757
0.16503290055981
0.144376128343402
0.150368032726455
0.328885640840142
0.347949780803265
0.144399760977596
0.332402306554538
0.342078882945087
0.329561678503258
0.332608256652543
0.340389287324342
0.332350240473304
0.349410512790829
0.326612581048254
0.342110343131337
0.109150237261982
0.120136482985828
0.330102959365456
0.344715263317724
0.162790243252974
0.327331058328981
0.341968537587809
0.151690233046287
0.331112281836701
0.326633566189929
0.337604662828899
0.146476282499876
0.333858442857185
0.31452972989494
0.32814469564917
0.326961233517972
0.161850693650582
0.325846773854325
0.331083085699967
0.327549634948499
0.331696504548568
0.325294603051129
0.334820792852345
0.343850287481147
0.33334102418159
0.338467492618198
0.118531566749126
0.333446589520949
0.327147065635202
0.330771044054607
0.33977520481917
0.336880712309643
0.15238549429708
0.340246961393112
0.320784902257215
0.340947246908914
0.15543877669742
0.117598882822774
0.334180586094662
0.335895153911967
0.33962875858045
0.339020640693071
0.342146056283759
0.124990573525036
0.31920891019314
0.339177676584537
0.331723510846461
0.326228817555838
0.333831369470746
0.33615301376291
0.34165003488024
0.327815080220339
0.332217026631703
0.31738039145705
0.178823099106973
0.336661541623508
0.337663648448219
0.175072849704357
0.332759431485452
0.339014747462439
0.325898837756869
0.340693407051159
0.109892913279578
0.322328293798764
0.324608417945888
0.331513529200751
0.159359270029646
0.330066582364063
0.0991416326327814
0.335277723617319
0.160424140280403
0.33420437315047
0.342312793230149
0.12046818732666
0.332136831519667
0.163972032548437
0.314054432306853
0.32776800148945
0.324550732531406
0.328400659152761
0.338045045781306
0.166122468996265
0.333404827040459
0.347843410589419
0.328016298100164
0.330805719160688
0.333623502788139
0.123693383150771
0.335200434478567
0.332742167786344
0.34766946420285
0.335719820389531
0.336093865989369
0.333342379727904
0.157315093436506
0.340994079154554
0.11788876314041
0.324752295188583
0.332878613501736
0.12017581889798
0.158420749468919
0.333947133326063
0.326684493047996
0.154742869397623
0.344028317786378
0.324925811098371
0.144275350912333
0.0980371826953383
0.166424442451655
0.343220914804885
0.339793937544546
0.321189918832579
0.329473017886067
0.327565957400119
0.340877487387485
0.342096672915556
0.33566452534675
0.173008417779107
0.156385581471604
0.333943535118914
0.326109182629572
0.333681918491637
0.326752287803513
0.342266467749003
0.336171302465471
0.335295117373018
0.329187342282489
0.33194776196146
0.153406585987985
0.0674875371472416
0.167589069502776
0.324542118725853
0.329547112324974
0.335957841726989
0.328367860645671
0.172065796964365
0.324617120726448
0.339931765924167
0.151837843803722
0.345291505625874
0.100923888620046
0.337398490870257
0.335114869613727
0.161404899332457
0.0447674167408264
0.335605036189458
0.327484205917369
0.339981011183724
0.32139243835331
0.161218178038155
0.342375133305032
0.177630107472628
0.335781370438183
0.329339176981246
0.323873877425698
0.328835299226766
0.150527006569049
0.35164522704198
0.340429837449415
0.353375897339492
0.342126100126754
0.329140350134715
0.322492762760958
0.336693117003571
0.336016018895336
0.159609905000923
0.322542547785055
0.324327334224201
0.326387826905934
0.156534375219127
0.152881279924555
0.116314558402794
0.340735836471986
0.334363826943016
0.345420774962273
0.330502031539997
0.339375137504895
0.332138460930152
0.12347129920018
0.0596784375956771
0.115796409103172
0.333891556917377
0.333072968251849
0.325188841130186
0.173084625938711
0.158418938832244
0.337788333453384
0.118932235596368
0.317643676800182
0.0964331390679013
0.330234672500879
0.161287770335316
0.342434637089338
0.337825227637995
0.330893006651677
0.326376231305903
0.170717594254734
0.330459593757736
0.317012275626821
0.331615956016514
0.338620578224377
0.330438470072739
0.117815607136415
0.323608520135557
0.336126920574064
0.161688956279843
0.172577541413207
0.330887801184668
0.319764437647773
0.328718150892412
0.332516176419046
0.335008225657323
0.113844913188759
0.15756907788806
0.328377069264125
0.324438130816085
0.328257091117849
0.329668033964629
0.323622190333585
0.328002819441321
0.325246034821419
0.325541611922478
0.340954288745851
0.335936916110844
0.329481436301756
0.160501660153004
0.336368307836285
0.340948625301096
0.335034898669401
0.345371390108301
0.355612440888254
0.343431978616496
0.14921177854346
0.169396353240127
0.32969565589809
0.16595421553326
0.333870541911015
0.157118588031416
0.333885384607637
0.167269617523163
0.320356387375238
0.324718515255704
0.323312589821032
0.306360891555417
0.328240030998881
0.337126268727475
0.158469707442273
0.32380925490179
0.333585180686112
0.32729990167929
0.327464943049193
0.146404049320754
0.334417478294187
0.326791182958453
0.328567051662782
0.325064017751228
