4.19447607644722e-05
4.20439207157031e-05
4.03416960057169e-05
3.91827931941257e-05
4.19229372784893e-05
4.18681019647331e-05
4.15957922329708e-05
4.12385883914745e-05
4.14342925506637e-05
4.03013972821099e-05
4.19085328033464e-05
4.33121702484285e-05
4.04438739180787e-05
4.22345708093889e-05
4.03751521243087e-05
4.34568772622343e-05
4.17797490184217e-05
4.24849191861462e-05
4.19475907402838e-05
4.31617286844465e-05
4.03849672697183e-05
4.15750247487143e-05
4.23087141570864e-05
4.050860880873e-05
4.1992797447873e-05
4.12268678745313e-05
4.08026652760331e-05
4.27976407478809e-05
4.20147078937237e-05
4.00427921094942e-05
4.30745911986222e-05
4.09419694656151e-05
4.40852364101717e-05
4.08477245220215e-05
4.33299492586368e-05
4.40037812929689e-05
4.05368315056307e-05
4.28255279485202e-05
4.15576884642826e-05
4.1872878005023e-05
4.07542873916324e-05
4.01193889910085e-05
4.08835177572504e-05
4.117286994291e-05
4.3004088874463e-05
4.3027838902335e-05
4.20007413791321e-05
4.302107015798e-05
3.99141989166113e-05
4.08274435786492e-05
4.02610665180575e-05
4.25495115587245e-05
4.20059055904342e-05
4.35206672160463e-05
3.86297991730706e-05
4.14465443726537e-05
4.13416717407235e-05
4.27772692060028e-05
4.26999999922312e-05
4.28884186961192e-05
4.10598367516446e-05
4.28969497542246e-05
4.39051995268938e-05
4.21826122471416e-05
4.15598517943027e-05
4.11169989714325e-05
4.14376312296567e-05
4.2657502187253e-05
4.02684736895869e-05
4.17678013739007e-05
4.00889385480424e-05
4.13196976149508e-05
4.26728831092989e-05
4.18847293443436e-05
4.23835521134333e-05
4.09134065532459e-05
4.23478312072523e-05
4.30224738311119e-05
4.08021930745968e-05
4.15621533581737e-05
4.17202974196915e-05
4.28089296450938e-05
4.07445289750241e-05
4.33156887674715e-05
4.30935528965392e-05
4.09524789025012e-05
4.22022229966262e-05
4.41878104203402e-05
4.09028645226976e-05
4.29873057311061e-05
4.33543148671635e-05
4.10811351805004e-05
4.27495107480724e-05
4.10588111053391e-05
4.28867459888341e-05
3.98470395207817e-05
4.05907445765367e-05
4.30430564137132e-05
4.07042498350324e-05
4.38177532704906e-05
4.01000220450747e-05
4.31313091097365e-05
4.2539624288106e-05
4.27773727175692e-05
4.25695694336287e-05
4.20200696949761e-05
4.33419744480608e-05
4.37035161877614e-05
4.06516482820028e-05
4.08947557883182e-05
4.07071392734159e-05
4.06453453254343e-05
4.06375304781723e-05
4.17179451517509e-05
4.15367166605899e-05
4.19129381877209e-05
4.27339939196099e-05
4.36827020557216e-05
4.08460788936147e-05
4.17698304608063e-05
4.18789634659662e-05
4.28537561581517e-05
4.15461055892686e-05
3.88829121727519e-05
4.0111887316403e-05
4.14575409936375e-05
4.26744288627032e-05
4.25510928929947e-05
4.18490806986205e-05
4.15711666491876e-05
4.30218888745304e-05
4.28208589332314e-05
4.34254681599854e-05
4.10709507259036e-05
4.1247539502795e-05
4.19107365016606e-05
3.81293505587706e-05
4.26710878126704e-05
3.92244580286238e-05
4.32158105020745e-05
4.12567747959858e-05
4.0884651437309e-05
4.24294615462384e-05
4.205831548093e-05
4.22271047027463e-05
4.04599795155841e-05
4.20682595172487e-05
3.95995092266721e-05
4.26231392700659e-05
4.29872256730253e-05
4.34424526057568e-05
4.17818479401122e-05
4.20381318199674e-05
4.03998769852358e-05
4.31925899227152e-05
4.31292662489268e-05
4.01579008192599e-05
4.15446319265919e-05
4.17113157887569e-05
4.1552776456712e-05
4.07853164568462e-05
4.29864329378034e-05
4.06904875410061e-05
4.22891775424435e-05
4.08592980287179e-05
4.15029215078354e-05
4.39563140639704e-05
4.29403678368145e-05
4.12062886263305e-05
4.09973070195677e-05
4.38449570550119e-05
4.17435108270935e-05
4.20460642885702e-05
4.37354423069568e-05
4.293633450018e-05
4.20463374764148e-05
4.24862919792392e-05
4.09073988693784e-05
4.21971245153916e-05
4.27276532424757e-05
4.08213342339559e-05
4.05786270358936e-05
4.36471965467707e-05
4.1763950543797e-05
4.03188305843936e-05
4.31962451435174e-05
4.06832633132966e-05
3.94035076955558e-05
4.20986227335313e-05
4.11251628492573e-05
4.04143358067853e-05
4.14130648706038e-05
4.23302238453401e-05
4.24471952355766e-05
4.12991586096077e-05
4.19032466853106e-05
4.18585202477199e-05
4.41855733555008e-05
4.05010210633747e-05
4.10989589355619e-05
4.28667212984551e-05
3.9786728831599e-05
4.21663247662829e-05
3.92652096817355e-05
4.17138274373212e-05
4.10039277818293e-05
4.18784918232227e-05
4.21044382809967e-05
4.08919706819236e-05
4.11164127194934e-05
4.21504657131264e-05
4.24640637706335e-05
4.14392084159781e-05
4.13158197637827e-05
4.05380917335377e-05
4.24152909849196e-05
4.0273321977942e-05
4.34043119117044e-05
4.07980081130799e-05
4.32711545735888e-05
4.33380778342375e-05
4.13597908390754e-05
4.27217980308816e-05
4.08879246800936e-05
4.01495861046213e-05
4.33892780937635e-05
4.07546563329376e-05
4.1272769735093e-05
4.12299141366535e-05
3.96173806650156e-05
4.29747275610679e-05
4.27034304705825e-05
4.18398718088343e-05
4.22613121012737e-05
4.27262484752592e-05
4.25266505929888e-05
4.21745281230798e-05
4.12049553228361e-05
4.05055846117487e-05
4.43173110296388e-05
4.08856448386922e-05
4.25604642989116e-05
4.38053607191119e-05
4.14000383957158e-05
4.15539510295431e-05
4.05804010313873e-05
4.39365981275401e-05
4.04552582924486e-05
4.17580492485083e-05
4.12338257390649e-05
4.20231724625155e-05
4.41021513577455e-05
4.24973272833036e-05
4.19243528756567e-05
4.3475918033298e-05
4.25530405647561e-05
4.09155653592189e-05
4.19220908265075e-05
4.21151530332406e-05
4.27165445576315e-05
4.28255402824994e-05
3.98725425712134e-05
4.26225817177991e-05
4.19704571589936e-05
4.09679759305158e-05
4.37562128810436e-05
4.16092532674785e-05
4.21431182918172e-05
4.35721589063791e-05
4.10194063286518e-05
4.17237446794409e-05
4.14394863260192e-05
4.18046647469011e-05
4.17146069778437e-05
4.06227462315382e-05
3.97017032117536e-05
4.34248056648674e-05
4.1881970337455e-05
4.18304120367857e-05
4.12085180916657e-05
4.14455365292589e-05
4.10643866732055e-05
4.21804826372167e-05
4.37256658585499e-05
4.2745594067316e-05
4.22622617974901e-05
4.10574028834795e-05
4.3393189801537e-05
4.37881795262388e-05
4.21241232292297e-05
4.20986999513127e-05
4.22036470968092e-05
4.33168011374275e-05
4.32566345049833e-05
4.00791705789131e-05
4.3633827457246e-05
4.17336117398476e-05
4.33028102344071e-05
4.05275044477497e-05
4.20505381561685e-05
4.21510596533503e-05
4.21814826774325e-05
4.27084143225627e-05
4.31055026948908e-05
4.11442721379907e-05
4.11342447138257e-05
4.36304147424822e-05
4.1713855381332e-05
4.2626843618033e-05
4.21402379896503e-05
4.3604587832065e-05
4.1315009303999e-05
4.07015809188992e-05
4.16689576355915e-05
4.15450335173156e-05
4.29973381472806e-05
4.20971710559488e-05
4.17682502052404e-05
4.20415222469585e-05
4.00605520489784e-05
4.00194953415078e-05
4.1489952820213e-05
4.39201114742389e-05
4.30033799344495e-05
4.26680160423837e-05
4.03554686997e-05
4.15831443577854e-05
4.11357196367725e-05
4.30645687667674e-05
4.15645994559993e-05
3.97405228225368e-05
4.32644287396985e-05
4.23082029408151e-05
4.33360441979372e-05
4.08341057097565e-05
4.09985864431113e-05
4.27507759896374e-05
4.17844697182788e-05
4.35296938014447e-05
4.27193017823862e-05
4.05593233414089e-05
4.07307205570855e-05
4.15972401699266e-05
3.93895047719605e-05
4.19459499585825e-05
4.14129587153463e-05
4.16792215414198e-05
4.26731438625364e-05
4.18809598655002e-05
4.20630740294361e-05
4.1263893744387e-05
4.28358179676018e-05
4.21573337999437e-05
4.23808162088511e-05
4.14741716526374e-05
4.27508048073454e-05
4.16926029311678e-05
4.10157418623882e-05
4.18416148019746e-05
3.98488116054155e-05
4.25966088395443e-05
4.15493352070791e-05
4.21196864665724e-05
4.26183035136428e-05
4.17559517286562e-05
4.32429749050468e-05
4.13743670738867e-05
4.30624039590224e-05
4.14291256117038e-05
4.28603322330239e-05
4.16950896586661e-05
4.15931422728046e-05
3.95605861741051e-05
3.97993580503683e-05
4.22532205654654e-05
4.23065685945022e-05
4.02946011046055e-05
4.17346673251598e-05
4.05165550976775e-05
4.24909443428736e-05
4.26909279709256e-05
4.33421856678125e-05
4.3186990960293e-05
4.2444901151956e-05
4.27306379486669e-05
4.02298963347643e-05
4.19155537763221e-05
4.10817872209071e-05
4.20231849164609e-05
4.2758156200958e-05
4.30684254377514e-05
4.26687768087891e-05
4.30392320481355e-05
4.03537224551541e-05
4.14416450321815e-05
4.07426973501683e-05
4.07747912273612e-05
4.02761646248042e-05
3.95525873868596e-05
4.31293802308298e-05
4.2753146200574e-05
4.16126804347263e-05
4.18471238774622e-05
4.26194498721234e-05
4.12727098890151e-05
4.06666542645102e-05
4.04815034488489e-05
4.19321740987018e-05
4.23350058496514e-05
4.11238758047053e-05
4.31979243206856e-05
4.12998075829799e-05
4.23222512847715e-05
4.21825913375334e-05
4.01735555319691e-05
4.17654758490065e-05
4.33202734631171e-05
4.34237316891731e-05
4.35610099447044e-05
4.29055473602575e-05
4.19042539538081e-05
4.1203008153424e-05
4.24804735641077e-05
4.19865719202345e-05
4.24271661494481e-05
4.21381248979561e-05
4.23463675793779e-05
4.19436957017117e-05
4.28034777962776e-05
4.28252388027472e-05
4.04791369112263e-05
4.17219862468226e-05
4.21426843771173e-05
4.24834310689802e-05
4.20402270698106e-05
4.22979570167754e-05
4.14930264730618e-05
3.91561609549335e-05
4.37032679856246e-05
4.21470531617657e-05
4.32678970983953e-05
4.33254393041107e-05
4.32836546436259e-05
4.09922771561535e-05
4.16753684620976e-05
4.2041737246006e-05
4.16340810985398e-05
4.16553193196828e-05
4.09733127831062e-05
4.2127586050445e-05
4.15829130027567e-05
4.20475372576651e-05
4.0551910411074e-05
4.23616651096697e-05
4.27325737049262e-05
4.17907285866318e-05
4.20356881245147e-05
4.12296883106566e-05
4.02164072408426e-05
4.35636942024222e-05
4.23345599540086e-05
3.98935297211703e-05
4.23647964629199e-05
4.18885262960513e-05
4.02045514430208e-05
4.15442951483279e-05
4.34521102651778e-05
4.03942573799884e-05
4.13066315940417e-05
4.07239110447247e-05
3.96041403280398e-05
4.212604761367e-05
4.26760518203929e-05
4.29653148966999e-05
4.08992934511765e-05
4.12400550482388e-05
4.10755798987517e-05
3.8256068060156e-05
4.19172775348683e-05
4.00561845919047e-05
4.16005615520867e-05
4.12969071384415e-05
4.26510816261963e-05
4.2704427505491e-05
4.26278949978665e-05
4.27171707445512e-05
4.34470606781976e-05
4.18508797015841e-05
4.2279054503522e-05
4.10633317406629e-05
4.37557405220572e-05
4.15336451348383e-05
4.29191744077147e-05
3.97363032052999e-05
4.12450315684317e-05
3.94078965963728e-05
4.38202717900617e-05
4.23790467155398e-05
4.28471637469635e-05
4.19328535732712e-05
4.26470335194783e-05
4.17815252513103e-05
4.05531044824911e-05
4.3116424080019e-05
4.23327046928133e-05
4.11989361545255e-05
4.26980078756516e-05
4.15825038386969e-05
4.24979961195314e-05
4.03040698310929e-05
4.06631961336836e-05
4.03016570796438e-05
4.20772976653327e-05
4.06414778843928e-05
4.26424012782217e-05
4.22213180080488e-05
4.15049241544041e-05
4.08660424991133e-05
4.11782312628e-05
4.30688752977606e-05
4.1451951179867e-05
4.34519045644499e-05
4.1592481781388e-05
4.05889539718534e-05
4.21120107868456e-05
4.07656106563092e-05
4.12123761965035e-05
4.2192864940404e-05
4.09482915928889e-05
4.06260955935739e-05
3.96913154151355e-05
3.95542743965799e-05
4.20505405035933e-05
4.22012681536455e-05
4.09136092715544e-05
4.04763532229793e-05
4.377814005159e-05
4.13259871711171e-05
4.31555321359366e-05
4.29389460979457e-05
4.09986448523146e-05
4.06287156265797e-05
4.15051504735815e-05
4.21984945300335e-05
4.11164757656816e-05
4.30279479000567e-05
4.15214318999584e-05
4.23184200299006e-05
4.01577656755788e-05
4.26458100695491e-05
4.30907729417044e-05
4.22738524721442e-05
4.13263064390799e-05
4.08139121602928e-05
4.19029433210811e-05
4.19461439834106e-05
4.12100550397845e-05
4.11068625784445e-05
4.2923776057383e-05
4.35287433140644e-05
4.21826048186719e-05
4.3281999510015e-05
4.09553354634865e-05
4.33761359600933e-05
4.30773256547586e-05
4.32239491513235e-05
4.28126132995541e-05
4.23422984742683e-05
4.15259766035327e-05
4.22864804994773e-05
4.11224788247586e-05
4.11570537360535e-05
4.12183808954438e-05
4.21761797670662e-05
4.05474387243947e-05
4.00076574560314e-05
4.27385455979917e-05
3.95226403331227e-05
3.98010476990217e-05
4.10876207203175e-05
4.07222609893533e-05
4.20124692503146e-05
4.11684904298316e-05
3.89662282874913e-05
4.26586196992915e-05
4.18233826906509e-05
4.19574850853856e-05
4.34396156181376e-05
4.26166446108942e-05
4.15808178982262e-05
4.15398937795332e-05
4.17760118018174e-05
4.03114090939477e-05
4.19049577233162e-05
4.20652970162456e-05
4.46589780667551e-05
4.26753554921188e-05
4.27192839784558e-05
4.24489281561136e-05
4.46873583095123e-05
4.1911940089238e-05
4.23773773070301e-05
4.02170061926362e-05
4.09882118707891e-05
4.22984436108489e-05
4.21448826268101e-05
4.11585285605251e-05
4.13067565521468e-05
4.19039204953464e-05
4.18524911272939e-05
4.35414761306251e-05
4.28731444579963e-05
4.21926898757938e-05
4.32518341859084e-05
4.18435026852318e-05
4.08077252073531e-05
3.98767973892101e-05
4.16034236411627e-05
4.28027691554593e-05
4.04678707216571e-05
4.38039753760199e-05
4.26136897680187e-05
4.19841018196142e-05
4.33220678894515e-05
4.23729566343426e-05
4.09112241780957e-05
3.95784452841066e-05
4.2269648778012e-05
4.19811047173245e-05
4.2911472680995e-05
4.32300760449139e-05
4.22621666645391e-05
4.39916786984893e-05
4.1443896475739e-05
4.20702474472928e-05
4.28729987449755e-05
4.23686021191091e-05
4.13177549155627e-05
4.22383534599103e-05
4.14979213937738e-05
4.06282674336388e-05
4.46488886346071e-05
4.24399072573997e-05
3.94787178807191e-05
4.08586688771629e-05
4.17997781899812e-05
4.26629664895713e-05
4.31917308120188e-05
4.10546596588054e-05
4.24771153754039e-05
4.13711056826243e-05
4.27828030973643e-05
4.11481828803943e-05
4.11663300124313e-05
4.17655668481915e-05
4.3370876817896e-05
4.22956705533319e-05
4.17766186382927e-05
4.08379779974976e-05
4.17860086864778e-05
4.12888101074417e-05
4.30013515063793e-05
4.17446345065819e-05
4.29189294536885e-05
4.06283897051015e-05
4.12779679927806e-05
4.34746396442474e-05
4.26824006492676e-05
4.28129790256876e-05
3.96137706885436e-05
4.2240673570602e-05
3.89837219674398e-05
4.23833924479619e-05
4.29336463062957e-05
4.2115537567026e-05
4.01472032463839e-05
4.38669089115765e-05
4.29935091628608e-05
4.1772945259188e-05
4.22770813532391e-05
4.17408824850893e-05
3.90756166231107e-05
4.10428138268871e-05
4.20588364977719e-05
4.18364077465599e-05
4.14662850463178e-05
4.19704787462212e-05
4.26389051638995e-05
4.13722050183377e-05
4.34089873397198e-05
4.14278361303223e-05
4.24225040823939e-05
4.33933583537329e-05
3.97336533542451e-05
4.0786688234647e-05
4.09571394107843e-05
4.17771555393454e-05
4.1661999124062e-05
4.32161768990698e-05
4.16511265898975e-05
4.23739032768505e-05
4.23066834745804e-05
4.50592123467433e-05
3.99613542543454e-05
4.13615711726384e-05
4.18553174010644e-05
4.15144045482786e-05
4.01085340939243e-05
4.3726990213952e-05
4.1668080255524e-05
4.32107401946242e-05
4.13198856191188e-05
4.00601427316026e-05
4.22067660789287e-05
4.08328115919529e-05
4.40639346416489e-05
4.12438417515895e-05
4.39648838742116e-05
4.06265447571828e-05
4.01137487501617e-05
4.14663917433041e-05
4.14281053827995e-05
4.29612343579746e-05
4.29246951395731e-05
4.17043044189945e-05
4.07757949706375e-05
4.08775007020002e-05
4.00468629392506e-05
4.21966316015042e-05
4.21579762928151e-05
4.0821878158291e-05
4.12400220637543e-05
4.17447661412089e-05
4.13778574194656e-05
4.3025319445556e-05
4.22139684191378e-05
4.16031131896037e-05
4.17874360521426e-05
4.44612161427993e-05
4.08459068031995e-05
4.14534389275369e-05
4.04878803022185e-05
4.24643536784739e-05
4.0633630362052e-05
4.35144097254481e-05
4.21197588974071e-05
4.02825663417738e-05
4.42607164192181e-05
4.0028720985957e-05
4.37033999312074e-05
4.104639448186e-05
4.13921958888822e-05
4.19393691092455e-05
4.26117450453501e-05
3.87859557832293e-05
4.27373842898546e-05
4.12555966994835e-05
4.01312164746689e-05
4.25843522076931e-05
4.24841651552266e-05
4.02382348792214e-05
4.33587818250517e-05
4.11061221376797e-05
4.34028845953897e-05
4.3481456328491e-05
4.33826147697028e-05
4.20016357843187e-05
4.24119968422231e-05
4.27185870623709e-05
4.21177488564953e-05
4.17100296457657e-05
4.19875433856314e-05
4.34072448263056e-05
4.20922545665308e-05
3.98409102948778e-05
4.10663724701686e-05
4.02583620363058e-05
4.08557591204592e-05
4.2526218266706e-05
3.95546036906039e-05
4.31389495616143e-05
4.0625698470676e-05
4.29826065695469e-05
4.21636413600225e-05
4.35323043951814e-05
4.17276578624856e-05
4.05803981723894e-05
3.97187872215932e-05
4.35266394834114e-05
4.21258927235136e-05
4.0716826028916e-05
4.33931374371886e-05
4.27294281316621e-05
4.23803216717904e-05
4.18581719543934e-05
4.18381370688974e-05
4.10700251139066e-05
4.00860646850902e-05
4.34327944509144e-05
4.14380795684751e-05
4.22185509392732e-05
4.1977801509977e-05
4.15006296018894e-05
4.10538512337027e-05
4.39192728639386e-05
3.83097249549696e-05
4.03815827090473e-05
4.27473476551987e-05
4.08289709938399e-05
4.30123016514887e-05
4.30591477005896e-05
4.28021613957024e-05
4.28003199994945e-05
4.13403084383953e-05
4.2075738377578e-05
4.1942855094396e-05
4.16173166476489e-05
4.23146459827182e-05
4.3448175071631e-05
4.22125087477262e-05
4.17301474590539e-05
4.27573384086789e-05
4.29576029629165e-05
4.10025971188082e-05
4.25559379404504e-05
4.25807087668762e-05
4.00324172079206e-05
4.0898500091592e-05
4.23016209450729e-05
4.13499661691103e-05
4.30613069974988e-05
4.35464875425574e-05
4.32823325403001e-05
4.26302476697393e-05
4.07502049247338e-05
4.20411185540304e-05
4.04670018859063e-05
3.95248911584991e-05
4.50983751019046e-05
4.32116864156426e-05
4.16190476062641e-05
4.28478454276103e-05
4.06268985513983e-05
4.1955904227245e-05
4.21871892172067e-05
4.27690090359673e-05
4.36765123317829e-05
4.33515193724205e-05
4.17782744432109e-05
4.34654152368846e-05
4.32401352799523e-05
4.26109554371905e-05
4.23736832368935e-05
4.24672369454897e-05
4.11678464493957e-05
4.26928028373331e-05
4.24391627745685e-05
4.11444969589728e-05
4.1899670808841e-05
4.12500962499509e-05
4.09467731878553e-05
4.06695202613147e-05
4.11304589930313e-05
4.06072544188357e-05
4.28325875014304e-05
4.31241956777602e-05
4.11824918587556e-05
4.15665588381355e-05
4.10462288644126e-05
4.20203210201841e-05
4.22615713364924e-05
4.1461477012105e-05
4.29572948440283e-05
4.27380521171078e-05
4.20460015953748e-05
4.25595169994849e-05
4.32916246480871e-05
4.11574097772607e-05
4.1151534789286e-05
4.33016796128449e-05
4.19197672128342e-05
4.37203573057214e-05
4.22644835098367e-05
4.16984329796459e-05
4.11892566485081e-05
4.07975988456562e-05
4.22545867056229e-05
4.15441908070418e-05
4.34274869285017e-05
4.30352952974331e-05
4.08195830344602e-05
4.23130958456079e-05
4.0970759955496e-05
4.14356541641138e-05
4.29939118012295e-05
4.14532171748175e-05
4.20954887237442e-05
4.10229768734775e-05
4.23560648047537e-05
4.19028216683212e-05
4.37515927510574e-05
4.01938478535811e-05
4.21814660221365e-05
4.15885191679987e-05
4.18150476342698e-05
4.15624379358166e-05
3.83705875279752e-05
3.98493907760377e-05
4.31266353236985e-05
4.37432102521997e-05
4.17364022275886e-05
4.41773782575109e-05
4.10385567983678e-05
4.20918816940819e-05
4.33591111973793e-05
4.38397875124078e-05
4.14437586553042e-05
4.17239916065329e-05
4.31298777553572e-05
4.16113557001115e-05
4.10903459877971e-05
4.15815943372148e-05
4.19053451618929e-05
4.45444683391318e-05
4.01921775999135e-05
4.17999274067128e-05
4.1066940196097e-05
4.38950235682173e-05
4.09960287080391e-05
4.20854640679452e-05
4.17356806245054e-05
4.34102649711245e-05
4.22213625618358e-05
4.18022690346987e-05
4.35090507584294e-05
4.16120636918045e-05
4.1616283307573e-05
4.25673981320437e-05
4.13733750767384e-05
4.31250999216018e-05
4.23653566735915e-05
4.17573294461338e-05
4.01367198794651e-05
4.13677666932624e-05
4.11600323418348e-05
4.2686516789995e-05
4.21092078711231e-05
4.16979966089207e-05
4.10827646905001e-05
4.21978173421025e-05
4.15155829658107e-05
4.33619706026621e-05
4.03509987528718e-05
4.22067031624898e-05
4.05172505925866e-05
4.1778212539989e-05
4.09363879768056e-05
4.10187181739124e-05
4.42460884568117e-05
4.07054841449019e-05
4.13600187675056e-05
4.18742555303299e-05
4.20230537827045e-05
4.32083447082603e-05
4.33114922975152e-05
4.05740451637876e-05
4.26861968275375e-05
4.16636011523744e-05
4.0093321705636e-05
4.12153543383735e-05
4.23489248418101e-05
4.02049196559401e-05
4.09486856875454e-05
4.17627931312108e-05
4.11795066112423e-05
4.00877231250808e-05
4.20907271029124e-05
4.31668740613451e-05
4.09574506485833e-05
3.97442354607959e-05
3.98031628837594e-05
4.22830972451963e-05
4.44431143628145e-05
4.25864637864556e-05
4.311966684443e-05
3.99015282318988e-05
4.18574151761975e-05
4.34946187255709e-05
4.41251687648754e-05
4.12236849635636e-05
4.23421129477311e-05
4.2495598786898e-05
4.23303228540984e-05
4.03785472930246e-05
4.08375886164139e-05
4.12134107762939e-05
3.97557299862485e-05
4.38902615287037e-05
4.16187652951535e-05
4.22436386292836e-05
