0.0904667571311248
0.0926069512784324
0.0968529659028659
0.099719756822193
0.100949797783979
0.0948993871899265
0.0942862548969907
0.0920082302353921
0.0886983107909566
0.0944469590607071
0.0971988015970974
0.0892542962508074
0.0870199230108217
0.0869001094104188
0.0924685257803756
0.0918723820043692
0.0904895697242615
0.0813477444190484
0.0935043458038437
0.08493932093263
0.0903639025711681
0.0926280876982413
0.0809949688577266
0.0981094622839521
0.0848324377557753
0.0973072573557575
0.0924853809003181
0.0982503447019595
0.0893377462690634
0.0984993707378018
0.0882486174975958
0.09387632906779
0.0739364115821799
0.0936619319604783
0.0923886707570056
0.0959191150841675
0.103528771190921
0.0854591983283707
0.088898442830718
0.0783530457806592
0.0914823990560679
0.0918314568717958
0.0930754704742639
0.0887484247862156
0.0880253917316225
0.084425507239792
0.0977264177365869
0.0884402711370229
0.0945829976512158
0.0811692542469438
0.108786488213475
0.0844589655985035
0.0867634069183246
0.0918244249985868
0.0867721828779008
0.0806485941963128
0.0830635566892849
0.0811279077418121
0.0809204033534129
0.0871160779738959
0.102460966778653
0.092765317528043
0.088857389030344
0.0851720993098611
0.0927712034553655
0.0933164479420541
0.0934874407531734
0.0887023568784999
0.0993181141313421
0.0976155039493146
0.104672227804443
0.0903414098449123
0.0873374918626729
0.0856455149837045
0.088175918625221
0.100105545792729
0.0945291175400678
0.0969084474225513
0.0991234100103632
0.0932443622419514
0.0929417348146843
0.0930257673753467
0.0943208576603199
0.0940867343971167
0.08170616893164
0.10314913592683
0.0809096839846426
0.0868664118491458
0.0940522182756613
0.0879365674088817
0.0955479379887771
0.0923362275596437
0.0986090472549129
0.0930986204887873
0.0874934940177768
0.0985304182103142
0.0885384767148666
0.0939502594531721
0.0954408598161653
0.0920606762883623
0.0934630424114132
0.0889510813702475
0.0815772480376442
0.0865805770983289
0.0931154282591059
0.102159372763007
0.0875468871268786
0.0911573411995794
0.0990962399886821
0.101474920805059
0.0996281031367159
0.0938159941693847
0.0972471004190859
0.100415901681326
0.0840879005569972
0.101944930013166
0.0869657531805363
0.0763712453532797
0.0913085308376155
0.0885124054620627
0.0894102461463275
0.0857468814976792
0.0838118103120814
0.0937318973412662
0.108721016364852
0.0961879116922363
0.0850044822130478
0.0907201247513238
0.0838646705072265
0.0779094607645641
0.091414540446066
0.0909274871039188
0.0948559845772131
0.0921249998384571
0.0921266370613828
0.088382108857515
0.0992537152347942
0.0948951030479801
0.0936473338821617
0.0873890318494979
0.0855397911887686
0.0790955578850894
0.0855135762334427
0.0997104468691381
0.0703175837803865
0.0921560400996125
0.0979090827257941
0.0904822370739524
0.0813803545327024
0.0893481265563211
0.0898830948721339
0.0905998180363051
0.0974522718463325
0.0918474448413055
0.0967353925766097
0.0823271248422321
0.113514370432453
0.105077771016501
0.0984608738824181
0.0908111470556595
0.0974157795404651
0.0956879611267033
0.0890781255342735
0.0878411516431676
0.0892404158091602
0.0875218027917027
0.0937051466916206
0.0842344241860807
0.0904036901701784
0.0948358868986441
0.0840687265175817
0.0834885356678481
0.084302831569578
0.0888938008031916
0.0931121286743448
0.0949018380217979
0.0920160644993137
0.09300181843461
0.0946174115811734
0.0983781842165506
0.0978566989275688
0.0964830838451801
0.0827657445940003
0.0894245871321845
0.0923766093606115
0.0961833911574146
0.0945034278232324
0.111425211222248
0.080284043080912
0.0802089841577549
0.106069740829878
0.100732240788699
0.0870543734605269
0.0953987345765874
0.0991075910970792
0.099513085177264
0.0964704133749699
0.0778304539567343
0.0774283315730007
0.0911833907006675
0.0746061097742722
0.101138526060581
0.089155476732263
0.0996429983772362
0.0864468950908395
0.0943649533642338
0.0957504907107121
0.0926875792996154
0.083379207749785
0.0819302409097344
0.0982780869732001
0.0822560605146411
0.0982932238700237
0.0892313994933744
0.0871845530242997
0.101395583038941
0.0932329905502205
0.0999507209939242
0.0922678600564514
0.0760774103292258
0.0942490367796642
0.101388341618447
0.0858818490800282
0.0943399594794158
0.0964276224826406
0.0766787230023641
0.0896456152356748
0.0867949643825228
0.105406379625042
0.0895658055607569
0.0843225962699549
0.0916723967106777
0.0872265111522985
0.0924282994140428
0.0982264575789542
0.0899688387596848
0.0885799643546047
0.0867101324712064
0.093609314995418
0.0923980135531449
0.0905635520898622
0.0962493879701961
0.087676141437834
0.0854495872177781
0.0784656675640446
0.0845267693100746
0.0824352132500132
0.084799397417759
0.0994723551101305
0.0807268201109432
0.0867493944346409
0.0830374080012365
0.0780661920528708
0.0945260772654332
0.0818008177336013
0.0864242026159573
0.0891616645018768
0.0949248169422681
0.0931980582192871
0.0863637101430748
0.0815047434744349
0.0898859105834857
0.0945333757799504
0.0783336119577349
0.0897738817032404
0.0789219407214754
0.0879885199451703
0.0943397415714624
0.0800511530820877
0.109123418973859
0.0898283011357196
0.0831178706134799
0.0925622284103021
0.0831856707503461
0.100026549857062
0.100217974833725
0.0900349011441428
0.0981621177811148
0.081003325358434
0.0924354854241437
0.0923758724854747
0.106760491435575
0.0876338866057088
0.0876033449446134
0.0996860407746551
0.0795927876790355
0.0983323115901432
0.0931837221864618
0.0825050666332565
0.0899024609311865
0.0921672277883974
0.079222225265596
0.0960492007166592
0.0881302927868156
0.0885711752474077
0.085136384400372
0.0808885090317966
0.0882318316814041
0.0867225499993944
0.0992553042076669
0.0921323918143852
0.0862890941654971
0.0920374931524333
0.0827543911086003
0.094357989184309
0.0950754580423631
0.0903633553999048
0.0849920581462875
0.0854610625388975
0.0906680745613464
0.0796935831250186
0.0941332621669257
0.0958186393855814
0.088915538220548
0.0907548744451
0.0914049221377081
0.0845108952351477
0.10511230712941
0.0911533038757503
0.098335233248249
0.0988258240449967
0.0975008704248203
0.0767293885509512
0.10106719551956
0.0802388223018371
0.100104272830593
0.0849703295329287
0.0898749985065348
0.0936431961622262
0.0936948156939961
0.0972145220422861
0.0834906261980558
0.0929136094294289
0.0826678135618891
0.103027926737291
0.0886076388379348
0.0776969116455928
0.090191585715415
0.0871504637265077
0.0933730719515434
0.10068894795841
0.0957693089008845
0.0939317599354226
0.0947497817416026
0.0928885080817519
0.0976635901441043
0.0912722091109158
0.0896493871750987
0.0778643417823361
0.084945070405165
0.0975052111008133
0.0797928256897549
0.0933186436517411
0.100500443976306
0.092550479710235
0.102981878245649
0.0909416281729778
0.0976040235129804
0.091639084676724
0.0996983556482602
0.0801471120436755
0.0817957292829682
0.0937976934312159
0.0873440745660978
0.080212778770744
0.0798437116262247
0.0927333248476354
0.0880568772748985
0.0974084063239499
0.0885963025323153
0.0880150550230872
0.0913060834169059
0.0939445168911217
0.0970760621580812
0.0934551696013171
0.0944101429864304
0.0903010739248165
0.097121766587552
0.0986756112221432
0.0869377044264884
0.0964336546739279
0.0869199209410944
0.078209403832063
0.0914483422379501
0.0860045331912064
0.097287113134886
0.10316705050853
0.0952238170350946
0.0939613563693622
0.0927229547354309
0.0908979403659396
0.0903459758773475
0.0914171082185455
0.0940327369497798
0.0929284166085451
0.0890800281912965
0.0922476776789449
0.0786480276175517
0.0918193387722923
0.0829954122755038
0.0934721942854807
0.0853875986424782
0.090515061457055
0.101012947738862
0.0846733488888388
0.102599344902307
0.095448618109651
0.0910451425036236
0.0920159488667286
0.0951369843946812
0.0889470680162795
0.0960830332424567
0.0817876989388879
0.0886923540539619
0.0953595869972259
0.0963479858144258
0.0917295152687904
0.0884487173969293
0.0837593369944657
0.104675184105717
0.0885016980918594
0.0924183094610076
0.0969316210516012
0.092062058287556
0.080666110346726
0.0895720053996477
0.0828421694368947
0.110531469133616
0.0897285942440084
0.079916433067078
0.10445089044432
0.107666302389663
0.0970009089243138
0.0909568006007169
0.0930980434647399
0.096618811424906
0.102075442925325
0.100560007993744
0.0935335098623857
0.0964232945414655
0.0879444980114293
0.081254342359988
0.0934400858877658
0.0897761770934485
0.0866250614551722
0.0912606195212567
0.0841769468049881
0.0796045811707723
0.0879782453434113
0.0922681964403564
0.100409820935871
0.0836020089993508
0.0883330630324547
0.0924288183400922
0.0824325658743962
0.0775799703418162
0.0898231870277552
0.0880759402290224
0.0974289779806916
0.0808864462228046
0.0889246547668161
0.0934007734911186
0.0898738631519488
0.0915252563551947
0.0959521171714927
0.093930765144985
0.089415051601799
0.0840680122582964
0.0834550742717208
0.0917069403964633
0.101394235107233
0.0891776914594753
0.101024265873076
0.0832948702393951
0.0993408160879785
0.0904158163603452
0.0957917364662511
0.0853711068697586
0.0937913270294741
0.0958088374693257
0.097829262775303
0.0866372152772965
0.0914109588668504
0.0896747532028834
0.0834311754451474
0.0829742970988201
0.0823307210460977
0.0810657543316897
0.071134149764001
0.102278139212325
0.0775046407499626
0.0892094909736302
0.0876233967232326
0.0899755659766852
0.0872516704314555
0.102724388441112
0.0795484497983887
0.0998544150942917
0.0941684090744943
0.0928206752940326
0.0858807138649578
0.0896341698211213
0.0971339055711796
0.0880658152335424
0.0980917713120304
0.091787095305936
0.0882003531050846
0.0885188598247717
0.097597362303706
0.0861704724571404
0.0785979780792473
0.106717332360959
0.0962740211511404
0.0897727748721908
0.0724556533331552
0.0852882341287706
0.0906822261750163
0.109936739547973
0.103860416724348
0.0936214727984591
0.093084367146912
0.0890837995664191
0.0909128978042597
0.0946850300799736
0.0895155888353137
0.0913893230125657
0.0907135837917348
0.0828699964951575
0.103975482947673
0.0883378343345848
0.0914401361552512
0.107844095783913
0.0871787941037911
0.080996674546824
0.100574167745043
0.100208681231926
0.0958184742147535
0.0963951365451993
0.0899819109562411
0.0841934611327004
0.0902643225138274
0.0957071418306156
0.0898092051234594
0.0909926558721184
0.0946666999595319
0.0875421703753453
0.0917378263706716
0.0956906619168919
0.0896549380713039
0.0825531734725521
0.0808459558535082
0.0887787743298425
0.0876359297492206
0.0983057809364074
0.0725790921162101
0.0916691121055146
0.0964491261314283
0.0975678816206136
0.085259599442789
0.0816030641211121
0.0875367097264248
0.0921172133742486
0.0952981811850128
0.0928681368793628
0.0799619049851278
0.0856390058640457
0.09062420763893
0.081164092264664
0.0870329369664443
0.0910519916847229
0.0927548203862104
0.0873886955561395
0.103353343520086
0.0955384327034624
0.0985462906440553
0.0995365627717635
0.090137187924264
0.0916440845843144
0.0876327043404181
0.102645276977604
0.0912571152387561
0.0841307233176372
0.0870843485511542
0.101771301916369
0.100152154049231
0.0885638562298101
0.0959140793377627
0.0856598567499052
0.090794990662118
0.086778589182355
0.0955120869932077
0.0894745314288646
0.0981473032098967
0.0918599465480079
0.0797378797331455
0.0746178130056868
0.0921740734079918
0.0874244732694222
0.0980737587072049
0.0792637406267257
0.0892062160318666
0.0821302209082195
0.0870868133889108
0.0885639610483179
0.0924943769097983
0.0934305194934991
0.0884467670162695
0.0890841749155983
0.094853469739159
0.0984455029762419
0.0841866731185502
0.0873007568439287
0.0973190144945841
0.0865926275464091
0.0873714331836334
0.102368384787203
0.0924395852009824
0.101600335578253
0.0976001227057004
0.0939541629852167
0.0790573309151404
0.0926632200909024
0.0862103952976139
0.0893514670514185
0.0883925573885039
0.0975316106390867
0.0992520423345609
0.0925006859968474
0.0841840579933462
0.0958000033755038
0.0827392559904255
0.0855545158385775
0.0835708322515895
0.0953837507526497
0.0951439526546635
0.0905196908906041
0.0916342606552618
0.102385970507523
0.0851893120083321
0.0810680012301555
0.094432057526729
0.0900930448050207
0.0898487646810815
0.101772206969359
0.0931003952305396
0.0994427772767359
0.0843506532329582
0.0824456245829684
0.0931865438280756
0.090773057625173
0.0978283301397858
0.0841309246404727
0.0967106087844813
0.0926913138580839
0.0869709059058273
0.0818892728545361
0.0935659334352303
0.0989806481301176
0.0865549056041494
0.102466300322623
0.0966749538940509
0.102043960402929
0.0805183620375207
0.0813209423587816
0.0971450178531487
0.0923159259744016
0.0905440401552366
0.101540898475754
0.0933808632232372
0.0984971694886824
0.0950322601700128
0.095344910321044
0.0835687635769888
0.0879655895883352
0.0962111533667012
0.0945812388563715
0.083234075103446
0.0915691241581192
0.086375460879159
0.0844824176849429
0.0894496657269243
0.0876453581592778
0.108699770447967
0.0913930522714084
0.0933424275930157
0.100669438311484
0.106684818828442
0.107395079861441
0.0879863202503703
0.0993652304332414
0.0971500483101037
0.0955509184990146
0.0856579213275558
0.0770058504540457
0.107028123287098
0.0939188707755847
0.0927576858788766
0.100419443468721
0.0859191791575376
0.0918173871607398
0.0859341900170272
0.0990905521428315
0.0849393021372729
0.0954182114423359
0.0904426699678607
0.0956374071522662
0.105409973038677
0.106040505696095
0.0891732788566785
0.0926758758073841
0.0949160607556808
0.100068020139452
0.0954441950109772
0.0764047774355338
0.103776911219594
0.0774997722663457
0.0849687193160543
0.0803631768975657
0.0871074588352087
0.0976072672591101
0.0915228253876099
0.098305299005228
0.0803308268205362
0.0868781056072557
0.088463177735864
0.0846479487143982
0.096926420578644
0.089452271117697
0.0825535297347276
0.0850236565688437
0.0860488372713776
0.104203658744625
0.0931446875691456
0.0868633874515353
0.0832478120396558
0.0994936009164635
0.0819144960909186
0.0971989243354822
0.0833986552177701
0.0920955175471962
0.0905603176549683
0.112137026489503
0.0992320373447434
0.0957384241002677
0.0877301751074762
0.0840122589586626
0.102642316708089
0.0821131137648922
0.0904200065887154
0.0843331819278722
0.10302421289148
0.0829037050227895
0.09441439491633
0.096952825367827
0.0979400679768303
0.0791238387857379
0.0914825301035325
0.0976100434700565
0.103223721173302
0.0885690789399353
0.0921052109414774
0.0855240687978152
0.0952333971699915
0.0928831952655367
0.0857787366562345
0.095624402097219
0.0947426771972895
0.0871243485405904
0.0833939875486347
0.0967630928643031
0.097987086736977
0.0951892364938871
0.0976105634906765
0.0917068401458409
0.0979051196414644
0.0964646562556757
0.0903834803860326
0.0887402854853304
0.0904507783484872
0.0930318538952769
0.0867894282619669
0.0858484189527534
0.0915213439299088
0.0879048715314314
0.0945527184756673
0.0947084431244176
0.0928143770798263
0.0881231504099205
0.0840771358617934
0.0913411068749466
0.103463585288044
0.0829530288128059
0.0894193451883418
0.0884417208192497
0.100908986541209
0.0918336135531236
0.0955272502731558
0.0886161228003524
0.0682321343258021
0.0924898866922909
0.0900403577364898
0.0863616516066329
0.090671109760918
0.0945134165243356
0.0818553793379146
0.093630149141721
0.0844671348269923
0.0863458207382211
0.0903140806811802
0.0927389123025923
0.078459355056695
0.0847756882335499
0.0904713145276743
0.0906473952080569
0.0847718395476459
0.0888968035636292
0.101300460324545
0.0948495437863566
0.0788008747218112
0.0904517634673162
0.0899342478093742
0.0850138488716182
0.0861708920515042
0.100596219668297
0.0831505500273793
0.0957559152812311
0.0885629435316395
0.089399040715147
0.100287869358237
0.0968791704432127
0.0854991480674681
0.0765087487697101
0.0887951054487377
0.09169740626348
0.100636699887174
0.0988399483436087
0.0962958606575683
0.103983355204947
0.0804979319091601
0.0944583521073813
0.0798799779335696
0.0860654734173278
0.0890014120091258
0.0789405056667445
0.0848371983730339
0.0842879950578957
0.0836897034898217
0.0877503327677561
0.0882306066221661
0.0873293366611528
0.085416073637145
0.0825074090661899
0.0869912406437524
0.0954280218549359
0.0872943231861046
0.0928751280861766
0.092679749614603
0.0948129191257431
0.0943301453857889
0.0945837211335536
0.0919791716575973
0.0958845672905317
0.0900344041662235
0.0907424652585606
0.0854561611496274
0.0865198202392216
0.101851679489324
0.0894493160355996
0.0988710174944973
0.0884792970914943
0.0880216240515613
0.0910661172114831
0.0846380267658436
0.0665411496857505
0.0911891778909278
0.087831538745473
0.0786305758202124
0.0903893967293793
0.0988960137434366
0.092888901172804
0.0888582117597482
0.0922527245009857
0.0845222771740319
0.0812003610818142
0.0791382932900211
0.100075145971701
0.0852726157001708
0.0873170517454391
0.0801685788951663
0.0984515235583044
0.0992133120112294
0.0868190325550309
0.10693179821223
0.0866104494970421
0.087183114980049
0.0895139706735636
0.0884287272393963
0.0969147999753418
0.0891191953987417
0.08822937059015
0.0723216882171115
0.0871036721185577
0.0930141695104344
0.0993935300746782
0.0874621096620219
0.0923154659969776
0.0966732894075097
0.0944979277300702
0.089533255562793
0.0847298514718832
0.100856006290694
0.0772581284043007
0.100079751146184
0.0942322694852712
0.0930431839814375
0.089273444587096
0.0940783459915269
0.0904940146298757
0.082507297450141
0.100679548941644
0.0912791435116524
0.0891156491256444
0.0836796537537831
0.0736997654234894
0.0844180390712158
0.0952945592470161
0.0926490481645299
0.0840454323676185
0.100598365734203
0.0893139020696634
0.0944234563137913
0.0896307409460686
0.0942628816782775
0.0773614184241173
0.0820865951887551
0.0971264967031952
0.10250935898719
0.0952232673681515
0.0860033879708313
0.0829327275613199
0.0877613289941882
0.0943748832303405
0.0920684172733692
0.0943604194387888
0.0977059352903508
0.0911653733925928
0.0952883338034747
0.0961202373278802
0.0962796414510829
0.087324562047938
0.0995954570387574
0.0940188275846733
0.0881198069337221
0.0900313089636129
0.0984647465696002
0.077874875093473
0.0927970911418859
0.0658432136087731
0.0875723381185017
0.0935513130588733
0.0902774682058758
0.103683016645995
0.0936226339488884
0.0942889705257145
0.0834809323328713
0.0995368694098314
0.0854914693371995
0.0929604831560699
0.0972807899460622
0.089878130540516
0.0861543819417407
0.0956421322817769
0.0943397108547228
0.0890513578261825
0.0953246041152236
0.109678806800047
0.0925674396619668
0.0786420240447032
0.0943501354612534
0.093555959953324
0.0976105954902038
0.0915715059656631
0.0943055165033523
0.0857443985151467
0.0945748177196342
0.0909876867104131
0.0914865813969344
0.0873173989723007
0.0771938513991143
0.0894873213588735
0.0857063016218247
0.0918514799900084
0.0880546705357734
0.103467806857152
0.0943985617525315
0.0822239122580087
0.0991778688861398
0.0887506732280875
0.0908273472146708
0.08848611415008
