4.54012528303827e-07
4.44303790885185e-07
4.43573935730221e-07
4.41478135520348e-07
4.52678685867377e-07
4.53776581380293e-07
4.47308192641753e-07
4.52804523264862e-07
4.37029403716059e-07
4.33739519413464e-07
4.39993195809414e-07
4.43940173472189e-07
4.45007363838497e-07
4.39073079971632e-07
4.29080381084548e-07
4.53906321353944e-07
4.62200113931142e-07
4.54689500112258e-07
4.81452088969761e-07
4.56710652958423e-07
4.44341313756487e-07
4.46616700991886e-07
4.43738954701324e-07
4.36379818470377e-07
4.49401652171926e-07
4.37418012933332e-07
4.43382216998338e-07
4.59974110787058e-07
4.56362669263919e-07
4.49884658060896e-07
4.67774115714366e-07
4.33800620958917e-07
4.74878172988636e-07
4.55591800638657e-07
4.53648756408915e-07
4.58961180722901e-07
4.48661197054536e-07
4.56483119918773e-07
4.53569681295198e-07
4.38408446616575e-07
4.33007071007802e-07
4.37798511234052e-07
4.53180256073143e-07
4.46561447637183e-07
4.57346412754102e-07
4.48705325101918e-07
4.48787298705076e-07
4.51741348649591e-07
4.41392445483836e-07
4.37399753320194e-07
4.43997185993823e-07
4.62317688166981e-07
4.58588197711299e-07
4.55606245397297e-07
4.44049998980114e-07
4.43502612630953e-07
4.48143485063721e-07
4.76730647925659e-07
4.50211706898961e-07
4.60509229633797e-07
4.43858224156133e-07
4.53907181415515e-07
4.6166141531587e-07
4.4832601228673e-07
4.34950225349614e-07
4.51093256507063e-07
4.62526881193863e-07
4.44769301426656e-07
4.37233665133708e-07
4.52547664102335e-07
4.29905740290741e-07
4.56518951895829e-07
4.55195699453583e-07
4.42954428310181e-07
4.46811364460495e-07
4.50937413206317e-07
4.54808355679088e-07
4.50027984730262e-07
4.48945038938006e-07
4.60853299646454e-07
4.53508818852425e-07
4.51919846669458e-07
4.52716620183984e-07
4.6953514424266e-07
4.57336989215239e-07
4.41845931170888e-07
4.48975713326717e-07
4.51329939846665e-07
4.50503252275197e-07
4.70182775682394e-07
4.62216024913804e-07
4.4849441062682e-07
4.62856767003594e-07
4.44363534797268e-07
4.61154005534422e-07
4.35645600539307e-07
4.55452614717496e-07
4.5802448719027e-07
4.53431056520629e-07
4.57192680140346e-07
4.40050447759085e-07
4.70202415056527e-07
4.71791501420807e-07
4.66626791771194e-07
4.58959338633459e-07
4.58391744586541e-07
4.59800640495059e-07
4.55536340100181e-07
4.34095490074285e-07
4.33933665973138e-07
4.49070610680676e-07
4.3637932402497e-07
4.48058366092948e-07
4.538532807943e-07
4.39630400715565e-07
4.58679972307904e-07
4.65497963497076e-07
4.48095495451892e-07
4.45366139439233e-07
4.47300311769923e-07
4.31825685099427e-07
4.67330232900645e-07
4.58770151504636e-07
4.29743285441056e-07
4.42765096260207e-07
4.52633374565637e-07
4.52586806598407e-07
4.42960154467617e-07
4.44925546501382e-07
4.60133936466672e-07
4.6743070178887e-07
4.45727569216426e-07
4.57527910076701e-07
4.47741756044275e-07
4.58429547056701e-07
4.54489749675357e-07
4.24744602095985e-07
4.58362107844706e-07
4.46590521704135e-07
4.54652601802646e-07
4.5170531888022e-07
4.54004671870378e-07
4.43450900085675e-07
4.44938807178221e-07
4.48671969469002e-07
4.37103117019888e-07
4.5672326245525e-07
4.39622124943531e-07
4.56980559410868e-07
4.60026568884615e-07
4.60626803293558e-07
4.48557449015483e-07
4.51751034306222e-07
4.45975593196677e-07
4.6419500667118e-07
4.56718278100666e-07
4.54648578078787e-07
4.44674894608915e-07
4.47837243520334e-07
4.62965914348065e-07
4.37056817284261e-07
4.62643588449569e-07
4.65958799419269e-07
4.52808653008936e-07
4.31911513862802e-07
4.53603216295019e-07
4.693773205954e-07
4.55707002627355e-07
4.46731153785934e-07
4.47271658931893e-07
4.61991949029284e-07
4.37222066208843e-07
4.45339634369264e-07
4.6068412192622e-07
4.52880156797389e-07
4.56004018493575e-07
4.46533946673924e-07
4.36619903571559e-07
4.49368286421148e-07
4.42394750937513e-07
4.46378281429885e-07
4.45624961354052e-07
4.5539011160232e-07
4.43808670728488e-07
4.51008058420019e-07
4.5634627800544e-07
4.46463997740795e-07
4.38792292099662e-07
4.52035622976819e-07
4.58815010852705e-07
4.36731888744704e-07
4.49336629645236e-07
4.34449517338887e-07
4.45990665403327e-07
4.46690104271143e-07
4.57070269061113e-07
4.55133224883254e-07
4.5515616221669e-07
4.38758990046082e-07
4.37702885057553e-07
4.61999328301607e-07
4.32492401310075e-07
4.4108970744545e-07
4.35255734872371e-07
4.55367134132852e-07
4.60166590206209e-07
4.51403367158442e-07
4.6049594893749e-07
4.46006672192103e-07
4.49209904937523e-07
4.53172488443197e-07
4.64582214250989e-07
4.54201253286176e-07
4.37335076602363e-07
4.56452478802148e-07
4.60410067621041e-07
4.51331945666016e-07
4.57516515915114e-07
4.42513096780853e-07
4.58245992302928e-07
4.57897301489349e-07
4.38108368086181e-07
4.49508453301743e-07
4.68752459217856e-07
4.48901945571045e-07
4.49531583901824e-07
4.51196305628003e-07
4.42636253391571e-07
4.54850473012253e-07
4.45279100427034e-07
4.49800232659712e-07
4.51372654782673e-07
4.56993648167425e-07
4.56120005911847e-07
4.54237210404393e-07
4.38188059258629e-07
4.62637144358349e-07
4.515334544348e-07
4.44785647245767e-07
4.64228595568381e-07
4.42039467067366e-07
4.73660630211059e-07
4.60658676801461e-07
4.61280328810278e-07
4.40270883535311e-07
4.44431528951438e-07
4.67190923854383e-07
4.50035427514561e-07
4.58016307804905e-07
4.46858177254129e-07
4.72435749290613e-07
4.6025114633336e-07
4.63273467471157e-07
4.52232469914168e-07
4.51180000156115e-07
4.70183065798792e-07
4.41648420388727e-07
4.45288052336456e-07
4.55045794493559e-07
4.60107276122073e-07
4.55674587218088e-07
4.43134972139724e-07
4.48391938895616e-07
4.53317490106466e-07
4.55531050875272e-07
4.56542621257205e-07
4.49990612987028e-07
4.4262872864846e-07
4.60725465527386e-07
4.61676313587252e-07
4.61719712530129e-07
4.64322571592049e-07
4.55923788819898e-07
4.44439609705684e-07
4.48792794321971e-07
4.26481603965269e-07
4.53097986653174e-07
4.36588487720932e-07
4.34308482336417e-07
4.53322418293193e-07
4.39647692605464e-07
4.45877375183076e-07
4.44385801347532e-07
4.62018734433996e-07
4.56405851277534e-07
4.43736500814403e-07
4.53799996815862e-07
4.50059660366594e-07
4.69592579011452e-07
4.5382019115949e-07
4.62200737678763e-07
4.51038249240901e-07
4.45394010758166e-07
4.53815930380284e-07
4.33170262479653e-07
4.52897805341381e-07
4.58340102105993e-07
4.53472281894208e-07
4.35548782961845e-07
4.62293168493718e-07
4.53018738346128e-07
4.5698509158551e-07
4.57967065946566e-07
4.43050448870347e-07
4.50555731905962e-07
4.29171248850936e-07
4.60351875754495e-07
4.44430855040146e-07
4.44989828028981e-07
4.49523402416879e-07
4.52707547650806e-07
4.47508343379775e-07
4.43400607617411e-07
4.53125636815765e-07
4.48400491500131e-07
4.62026028502284e-07
4.57721412379825e-07
4.44212173202275e-07
4.58319966065223e-07
4.37969249691204e-07
4.40429696117182e-07
4.53958361498163e-07
4.76612175758033e-07
4.63769307484453e-07
4.33856037729887e-07
4.45198819829719e-07
4.47254117690149e-07
4.418995431633e-07
4.53192580441527e-07
4.47190338655126e-07
4.35322906568069e-07
4.72873163871871e-07
4.6187010621191e-07
4.71085848856007e-07
4.34213571126386e-07
4.52407464369209e-07
4.42685723962e-07
4.46869593882092e-07
4.65565656696147e-07
4.55515683573559e-07
4.53688007136242e-07
4.46068786522255e-07
4.53359873126751e-07
4.30741968669862e-07
4.50582858934446e-07
4.31059918582637e-07
4.42390021514437e-07
4.59041402492561e-07
4.46880127336237e-07
4.37398469860671e-07
4.43575204233804e-07
4.47629328135582e-07
4.54198137587074e-07
4.51591458447317e-07
4.49997291158147e-07
4.65346233229474e-07
4.58996358933623e-07
4.39870847070866e-07
4.54891798864411e-07
4.45696269434703e-07
4.4926296175201e-07
4.3718240464917e-07
4.56955874877361e-07
4.5260431633207e-07
4.38502954159382e-07
4.53810633514917e-07
4.48927119116633e-07
4.69925318163554e-07
4.44926755917152e-07
4.62265830729169e-07
4.40137228124839e-07
4.53519354102216e-07
4.38758146477204e-07
4.36776919217474e-07
4.48535726433982e-07
4.65717604514755e-07
4.42123177607335e-07
4.47086125295818e-07
4.51974546847616e-07
4.53745732899606e-07
4.53951575688526e-07
4.44346493730512e-07
4.62985843388673e-07
4.58342406409511e-07
4.38876445421488e-07
4.42642103943788e-07
4.53274949990111e-07
4.52201990396215e-07
4.55077396022086e-07
4.44684464219546e-07
4.55535554264005e-07
4.45271084962083e-07
4.58132724634714e-07
4.36479414646261e-07
4.4778207571371e-07
4.38820088853131e-07
4.51725393405551e-07
4.48976800654621e-07
4.34064870969672e-07
4.44624291394921e-07
4.47764572326284e-07
4.40109424492695e-07
4.43121722718602e-07
4.52009188329944e-07
4.44259449455932e-07
4.37376757664791e-07
4.41391063030052e-07
4.59046034007203e-07
4.58433088823808e-07
4.40224039770387e-07
4.56155058300424e-07
4.44820121752509e-07
4.56739379122152e-07
4.63318852914447e-07
4.3676209561563e-07
4.46437705653599e-07
4.43586957181346e-07
4.57481266784922e-07
4.53629161277115e-07
4.49733042276416e-07
4.38987623779988e-07
4.62786152057443e-07
4.59329903571919e-07
4.38025330114126e-07
4.58330998602753e-07
4.61540547566459e-07
4.57065880013622e-07
4.49368312036452e-07
4.62189568564814e-07
4.50587348846976e-07
4.38362424671664e-07
4.50183685908369e-07
4.49772865190523e-07
4.61372700319636e-07
4.54037911185577e-07
4.53956133492615e-07
4.49630628208256e-07
4.49385068413938e-07
4.47944214307916e-07
4.46610220941598e-07
4.65077238237155e-07
4.63161900562025e-07
4.6130953243301e-07
4.4374994448549e-07
4.45274197547573e-07
4.69488634554196e-07
4.37118481649431e-07
4.43681435480089e-07
4.43612245361199e-07
4.48537332506395e-07
4.47184102326607e-07
4.44168547376792e-07
4.41383744670529e-07
4.4953029749724e-07
4.58737949518682e-07
4.54944577343609e-07
4.45877880080517e-07
4.49561335800168e-07
4.40038229235688e-07
4.81411702430877e-07
4.51861991633003e-07
4.49142290986942e-07
4.50701113651416e-07
4.43571290658501e-07
4.39686819369272e-07
4.34917402818684e-07
4.61125186718935e-07
4.31130059328682e-07
4.53013252107805e-07
4.60336417635906e-07
4.28476571465907e-07
4.47572257720135e-07
4.5007507706977e-07
4.50236488962965e-07
4.42411701716524e-07
4.544325228785e-07
4.41806927373332e-07
4.58588299143432e-07
4.59924547850447e-07
4.54600120524648e-07
4.50514933261789e-07
4.35680984519757e-07
4.52627240646375e-07
4.56002985087368e-07
4.51548699125929e-07
4.50266650417609e-07
4.57304373602957e-07
4.56708809553569e-07
4.68527909700295e-07
4.49669807068282e-07
4.58276625191945e-07
4.36222238655143e-07
4.51253379087843e-07
4.38518990759837e-07
4.61491504359699e-07
4.39516078412913e-07
4.69814442370128e-07
4.53913008860657e-07
4.47625936565249e-07
4.46662408884026e-07
4.52999334317369e-07
4.57933071998502e-07
4.4231184643189e-07
4.77328278546422e-07
4.4363002007129e-07
4.46166043163395e-07
4.52445467454397e-07
4.61038248081439e-07
4.52297858197195e-07
4.43382471405569e-07
4.51004472967189e-07
4.42876058442612e-07
4.65664603568211e-07
4.40153788713512e-07
4.57288290449546e-07
4.57292752062165e-07
4.39146108404249e-07
4.50782243183517e-07
4.62478530517606e-07
4.55872917630416e-07
4.55634473902863e-07
4.58043225114125e-07
4.69986634888274e-07
4.40231278543176e-07
4.48851844902918e-07
4.46833848361066e-07
4.38528837474839e-07
4.50250212199233e-07
4.38787373534236e-07
4.36776667620803e-07
4.39287318353469e-07
4.3854900743227e-07
4.43861717842823e-07
4.49761158599516e-07
4.36507680028033e-07
4.50734928041826e-07
4.56133278717885e-07
4.53854433032325e-07
4.55228636767164e-07
4.55650542705403e-07
4.46213816364605e-07
4.42362523545477e-07
4.60229671122871e-07
4.45116524662861e-07
4.58899106643366e-07
4.51276854412416e-07
4.64693760040711e-07
4.47839034728171e-07
4.58374350156666e-07
4.58586794093893e-07
4.46825297450889e-07
4.52594368608836e-07
4.5274894384604e-07
4.55737666397514e-07
4.55724993762844e-07
4.53284893142015e-07
4.43753578426196e-07
4.55160439074734e-07
4.50640361276159e-07
4.54466485442354e-07
4.5336658340951e-07
4.64113275655666e-07
4.43239807477397e-07
4.57535288983146e-07
4.55248288610161e-07
4.52876455195954e-07
4.42547877728204e-07
4.67316715357616e-07
4.55276262373239e-07
4.50617826552354e-07
4.48115293409917e-07
4.57422437428418e-07
4.48548726808143e-07
4.5149992552836e-07
4.47721688873846e-07
4.38430221837875e-07
4.67755891081488e-07
4.32037854004479e-07
4.43965795301936e-07
4.51141720597583e-07
4.31470141974012e-07
4.58056000567316e-07
4.46551427163519e-07
4.34982132873891e-07
4.47322657824925e-07
4.57209810121994e-07
4.40979463494835e-07
4.56347160841376e-07
4.65523046979807e-07
4.48550055050991e-07
4.39986086035728e-07
4.55090740189905e-07
4.4263177875779e-07
4.46883762611926e-07
4.3563710904419e-07
4.72316668962904e-07
4.59420279495758e-07
4.69902254821377e-07
4.59359371881594e-07
4.61868696759534e-07
4.49841675173498e-07
4.43264031167886e-07
4.44710343603618e-07
4.56584851618493e-07
4.55472121576995e-07
4.43137050922431e-07
4.48323266689338e-07
4.55157039293757e-07
4.50006546546843e-07
4.37732375447617e-07
4.62670798301989e-07
4.44712855121781e-07
4.54313548537385e-07
4.61485926403908e-07
4.45758580073273e-07
4.49266659022559e-07
4.32070708274406e-07
4.39532729611581e-07
4.57230006387347e-07
4.42839774375779e-07
4.56166676756035e-07
4.51009610966721e-07
4.33970132650298e-07
4.53476330259711e-07
4.55209646306358e-07
4.36946622130114e-07
4.43712167388988e-07
4.40902865914071e-07
4.63839092703005e-07
4.4972091420438e-07
4.54763515028861e-07
4.60932376807119e-07
4.65838520946296e-07
4.44796832748809e-07
4.46990545313144e-07
4.65324344857741e-07
4.52016526047705e-07
4.4393692319389e-07
4.37785887354632e-07
4.44766142036911e-07
4.55335838180678e-07
4.61434496552531e-07
4.63329194467649e-07
4.3859718130273e-07
4.47408054900721e-07
4.53225365389763e-07
4.64018133655124e-07
4.59145183642381e-07
4.44525981581581e-07
4.58481477016595e-07
4.60915091903326e-07
4.54330592939676e-07
4.4516382004972e-07
4.47980912416453e-07
4.42095547223064e-07
4.46527934553492e-07
4.48245523177692e-07
4.65642066361838e-07
4.51428752584002e-07
4.47737679456838e-07
4.45397929909138e-07
4.49061960809827e-07
4.51710950912816e-07
4.44954838885212e-07
4.35688653310157e-07
4.46598560833227e-07
4.53583668253183e-07
4.71935978913644e-07
4.60620269878108e-07
4.25532671741124e-07
4.52650794392086e-07
4.39816124254139e-07
4.68171712632206e-07
4.57874003066717e-07
4.75501247565936e-07
4.62505625968599e-07
4.60787862534096e-07
4.58321460423285e-07
4.39230716084195e-07
4.44843494676152e-07
4.58656079005629e-07
4.33142114120537e-07
4.46196575759954e-07
4.49367947826579e-07
4.46287999731318e-07
4.55392035329675e-07
4.52682352087904e-07
4.50180433046799e-07
4.50853663649109e-07
4.72908718181377e-07
4.57794491009789e-07
4.6048293691759e-07
4.53781503498337e-07
4.40426834701291e-07
4.38012440284255e-07
4.46888566663678e-07
4.49493126474341e-07
4.54060236201194e-07
4.50805585211016e-07
4.54500059096824e-07
4.46043222497206e-07
4.52054166904127e-07
4.69544356699134e-07
4.48279187594265e-07
4.41070909152629e-07
4.47838067393621e-07
4.53950597864984e-07
4.52021552901228e-07
4.5172635776041e-07
4.43125392153949e-07
4.61099277844995e-07
4.52849518292516e-07
4.321397675987e-07
4.54971666695326e-07
4.34053938062707e-07
4.71907795578936e-07
4.39905420934852e-07
4.40847129161678e-07
4.4606614923832e-07
4.38826349533552e-07
4.51792880264134e-07
4.42655669796751e-07
4.4502100912408e-07
4.48048278140327e-07
4.56056217905829e-07
4.44618762637475e-07
4.36540625634687e-07
4.39879152940552e-07
4.71037181189613e-07
4.53505814249699e-07
4.55946351012068e-07
4.68951037112435e-07
4.50728028340522e-07
4.39534628931709e-07
4.7605384058736e-07
4.558825396794e-07
4.45739616581845e-07
4.49205673383767e-07
4.64788206851333e-07
4.46551180337014e-07
4.47040400727042e-07
4.32725740025546e-07
4.39833128813815e-07
4.49437456620934e-07
4.6827499081565e-07
4.61811217919801e-07
4.38987802399161e-07
4.61533151839994e-07
4.48484484631509e-07
4.60433142585231e-07
4.42752266641417e-07
4.62062899441938e-07
4.47335912721115e-07
4.45612986300819e-07
4.29903734868447e-07
4.61837558637979e-07
4.42443193842675e-07
4.54686277310638e-07
4.49227366286481e-07
4.54969793146399e-07
4.30081729751641e-07
4.50913463791307e-07
4.47133702955284e-07
4.59304579602804e-07
4.4535767383176e-07
4.54904671710379e-07
4.49801363371576e-07
4.39971343334774e-07
4.58489984259092e-07
4.37217410708211e-07
4.54592709284554e-07
4.57275369261484e-07
4.5773112867135e-07
4.46516215594138e-07
4.46617943301908e-07
4.37250515591867e-07
4.49425301310432e-07
4.32198001823037e-07
4.44865368429097e-07
4.32495774995878e-07
4.60503372040497e-07
4.42312415103375e-07
4.5479456438047e-07
4.4482756836451e-07
4.48068451417056e-07
4.5237311198164e-07
4.38844566406624e-07
4.4185197115255e-07
4.45581028108907e-07
4.55216524297336e-07
4.3911381010755e-07
4.51760272158397e-07
4.56532878006214e-07
4.47755453331814e-07
4.50442167739348e-07
4.49554599470822e-07
4.4746158630766e-07
4.33190314498956e-07
4.52444018699928e-07
4.47100312706158e-07
4.55643670701554e-07
4.70684046847603e-07
4.34064932624151e-07
4.37446792065565e-07
4.70060810861875e-07
4.2397762409285e-07
4.57894503570602e-07
4.61296252088993e-07
4.43394371693567e-07
4.61871162598313e-07
4.61693548101796e-07
4.5825149875356e-07
4.63235279673636e-07
4.38512816430161e-07
4.525861565214e-07
4.50822612382231e-07
4.50077988180317e-07
4.64506653137772e-07
4.57786392427827e-07
4.58960689066875e-07
4.33101000368927e-07
4.51740077968079e-07
4.59364611875028e-07
4.37150518731557e-07
4.54066094009779e-07
4.48783377712048e-07
4.33327067292587e-07
4.34718012712355e-07
4.44952742960569e-07
4.39012126519617e-07
4.49001391254896e-07
4.5902023957333e-07
4.55350865208902e-07
4.51787489828141e-07
4.53244045383982e-07
4.46180286633759e-07
4.34417837901789e-07
4.42955230319858e-07
4.7821362226477e-07
4.39323616691523e-07
4.64586960911758e-07
4.56519282888685e-07
4.37614787327778e-07
4.58819623333349e-07
4.5100953313951e-07
4.45024335611345e-07
4.68801825051022e-07
4.59388042287424e-07
4.56617682157735e-07
4.57377906748861e-07
4.64931760416993e-07
4.57303120367451e-07
4.50921944279721e-07
4.46506361292223e-07
4.4586558164297e-07
4.61110215217993e-07
4.49131906076019e-07
4.3353291290794e-07
4.44866523955593e-07
4.48479745912866e-07
4.40246017049172e-07
4.40790580883375e-07
4.49595071892475e-07
4.40086584219609e-07
4.39956017272363e-07
4.52301051449677e-07
4.43453428016165e-07
4.42714060179203e-07
4.40383350810076e-07
4.52590016067014e-07
4.71273512634351e-07
4.44742840357218e-07
4.71884004824636e-07
4.62476990749689e-07
4.52660737848476e-07
4.55714197641693e-07
4.62496526316365e-07
4.37944350586702e-07
4.43974529231078e-07
4.58621464867929e-07
4.37806634902307e-07
4.56339391671962e-07
4.5254969299592e-07
4.31608137750549e-07
4.47987716602397e-07
4.5433281372854e-07
4.4069863988228e-07
4.52819204049117e-07
4.65708226381251e-07
4.47986153045534e-07
4.34227174395456e-07
4.58838771688903e-07
4.53539981426229e-07
4.57620780721167e-07
4.66579480074592e-07
4.54738148052457e-07
4.38227923896089e-07
4.51518735596767e-07
4.53283330743817e-07
4.47261561737754e-07
4.7475486209497e-07
4.33186798596301e-07
4.62168472345823e-07
4.42653663574064e-07
4.40021069219094e-07
4.41560107940713e-07
4.23946371111207e-07
4.30005909786726e-07
4.6004072946385e-07
4.68701764195883e-07
4.46402284369114e-07
4.56122103107913e-07
4.38617200381438e-07
4.59341017385297e-07
4.67302356836385e-07
4.63456372656004e-07
4.31811371542774e-07
4.64028236401154e-07
4.52658679974129e-07
4.56363151656652e-07
4.34694466310041e-07
4.36410930849418e-07
4.63895656666834e-07
4.76338377127743e-07
4.46719400817234e-07
4.46371103060883e-07
4.3876375303375e-07
4.63957384903279e-07
4.50083197005492e-07
4.70977462351199e-07
4.38130544579669e-07
4.7348508020315e-07
4.53426259328073e-07
4.57731727164015e-07
4.47715562549899e-07
4.53230216399718e-07
4.57174020785453e-07
4.43129148410455e-07
4.43992008967102e-07
4.51881849175554e-07
4.56024025133553e-07
4.53257831863946e-07
4.4477206384057e-07
4.51088164371241e-07
4.42550974920851e-07
4.35373597375058e-07
4.549643885724e-07
4.50273157591517e-07
4.42816810901578e-07
4.44207329228021e-07
4.52498417182878e-07
4.51525354803421e-07
4.32160416192195e-07
4.3558842007057e-07
4.40775912994174e-07
4.33269645486823e-07
4.4914806444337e-07
4.61269208852595e-07
4.67774026219275e-07
4.39555347853816e-07
4.32188395531515e-07
4.5464028158624e-07
4.46952105574877e-07
4.38679059896666e-07
4.54451634892784e-07
4.33279900890342e-07
4.53123544286922e-07
4.5213663460352e-07
4.38628313566446e-07
4.50863987721284e-07
4.5359074731103e-07
4.3953297617043e-07
4.35554171072547e-07
4.58996058012362e-07
4.38236781421835e-07
4.44348905014654e-07
4.71229414356134e-07
4.66413280700309e-07
4.44529143531346e-07
4.48676023774308e-07
4.4277616282562e-07
4.61270462623194e-07
4.57016026940655e-07
4.65394109821937e-07
4.58834238151454e-07
4.34944033015696e-07
4.44405289495544e-07
4.50939066111422e-07
4.45931557111625e-07
4.3715203436077e-07
4.55289281156637e-07
4.58307425353429e-07
4.5483843818989e-07
4.39081195071832e-07
4.34831758667614e-07
4.55724236713218e-07
4.44933113191309e-07
4.60923237264935e-07
4.53327530380374e-07
4.42209042112032e-07
