3.45544664666684e-05
4.97474161211255e-05
3.48819462656636e-05
4.5284201134207e-05
5.46448130271287e-05
5.11327820559467e-05
5.72020043895196e-05
5.87241734794537e-05
5.92970400268284e-05
3.96768268731795e-05
5.46348501551039e-05
3.36931681647749e-05
4.53855448846927e-05
5.96704480642895e-05
5.47375252624266e-05
7.06852401640463e-06
6.44793140806024e-05
6.89961417830519e-05
3.49323645115907e-05
3.17577438679846e-05
4.215017969081e-05
3.82071223858973e-05
2.44011316853914e-05
4.97521472778727e-05
3.6701719064035e-05
7.36882055059424e-05
4.39401354317174e-05
5.33458022348216e-05
6.69266809347125e-05
4.39196980265076e-05
4.37521374183399e-05
3.06767517939552e-05
3.16463916793178e-05
4.50161193453091e-05
4.65734777981866e-05
5.8917324157068e-05
6.30086598555344e-05
1.11418560891287e-05
7.40962475592878e-05
1.92887238652133e-05
5.97737812198729e-05
1.72127385236307e-05
2.45883695029816e-05
4.99817408134137e-05
5.45817679031968e-05
6.08457034489849e-05
6.50316895624528e-05
5.13423426255554e-05
3.1193637412177e-05
3.22122142601501e-05
2.66652638157521e-05
6.07069832421152e-05
4.9379198419064e-05
4.47930965060615e-05
5.56018442540725e-05
2.79516645595628e-05
2.73063195476486e-05
4.89928631176353e-05
5.18854647667897e-05
4.49544109890731e-05
7.50481289187527e-05
4.67074411690937e-05
3.84861191347758e-05
4.20623468676925e-05
5.64782048536646e-05
4.19026979130607e-05
5.23664347955927e-05
5.12311135140866e-05
5.8105157383945e-05
2.40985571695775e-05
5.7164844536886e-05
4.73396428611812e-05
5.98741178601793e-05
3.41244637052756e-05
4.20916522934764e-05
4.32549614550213e-05
5.20981491260236e-05
5.45283636239469e-05
6.16776958271086e-05
4.89854053816234e-05
2.54306385899118e-05
3.61518370522783e-05
5.83840167865627e-05
7.74820626713972e-05
4.18683713226534e-05
6.4016578016904e-05
3.9857873246784e-05
3.77455735646025e-05
5.9603251553006e-05
4.48839051219039e-05
3.63070483001249e-05
5.13497105922949e-05
9.63979835081865e-05
3.76374124251175e-05
3.15541421949447e-05
4.24878105339988e-05
5.2983170225091e-05
2.6829276741536e-05
2.8954970940897e-05
5.19635271221616e-05
4.98871064021851e-05
5.84299848299986e-05
2.06905762791438e-05
5.04234568446696e-05
2.04450162887162e-05
5.89634176738049e-05
4.68934289634283e-05
5.0153205231874e-05
6.90767515499989e-05
7.32741793899434e-05
3.08227729809827e-05
4.33122093575468e-05
4.54029283319669e-05
4.0552951860274e-05
5.14093370820334e-05
3.80998031838946e-05
2.39745261391397e-05
4.80554197148818e-05
4.89017903584911e-05
3.04901408668352e-05
5.6178798071176e-05
3.01723579204978e-05
2.73078594785308e-05
5.92375436908437e-05
5.53529365137399e-05
4.47600209917558e-05
6.58700747184714e-05
5.18855850864892e-05
2.22230115059397e-05
3.59137529573493e-05
5.38735181768628e-05
5.16433562066692e-05
4.15278404721327e-05
1.40986942081671e-05
5.66688321641805e-05
5.75467396615742e-05
3.43759137911904e-05
4.66830800279676e-05
5.0552063455397e-05
3.93884009661334e-05
5.5638445794317e-05
7.45864209295451e-06
3.57363516072377e-05
8.5227547623009e-05
2.47205121959777e-05
4.83571262828999e-05
2.60298431452371e-05
4.72248188008403e-05
3.79460053423002e-05
3.43927848380059e-05
5.43187636261246e-05
6.25997521145773e-05
2.86771382269212e-05
4.32401812434295e-05
4.7301444786659e-05
3.39987294602052e-05
8.92959475879187e-05
8.25198748721765e-05
6.51259010174045e-05
5.84615273350555e-05
6.62298698627976e-05
7.00213566705351e-05
4.30494612455557e-05
4.40838881546018e-05
5.62193152823381e-05
5.58066761299881e-05
6.21770336656426e-05
6.67434248185694e-05
3.53462416313089e-05
4.14180033090004e-05
2.42925033380904e-05
4.16507022910946e-05
3.23059291267114e-05
4.66663790438409e-05
4.39140186752074e-05
4.03077579006277e-05
2.69057237565934e-05
5.03574219514717e-05
7.21524597301539e-05
4.67599397089774e-05
6.83565279077815e-05
4.01589479204132e-05
2.75608262167957e-05
5.00338567401683e-05
7.45356618040631e-05
5.09951260168417e-05
3.93897798442591e-05
5.3008636605663e-05
6.55635225578083e-05
3.69050895324672e-05
8.16388345036482e-05
3.1854320276674e-05
3.13797129449634e-05
3.42668259992843e-05
2.96404103923787e-05
4.98843906008737e-05
7.11822806247634e-05
4.292199411365e-05
5.15452141859916e-05
7.08796136142822e-05
1.66518267480503e-05
2.69066278817835e-05
4.93736626874349e-05
5.79804013511002e-05
5.86482173826218e-05
6.60384527982176e-05
4.84106293249624e-05
4.51655128607995e-05
4.0279054159882e-05
3.53159692571604e-05
4.78405549620038e-05
4.94398335189704e-05
3.29544811211358e-05
3.26607187916383e-05
2.53382319283089e-05
6.71453185703489e-05
4.20767736877163e-05
6.26832038112736e-05
2.26479722681835e-05
3.19984636684916e-05
3.893688532774e-05
5.42178272338521e-05
3.49031200809192e-05
5.73490183336532e-05
5.12697919512473e-05
3.71125751668006e-05
4.8835148138951e-05
4.06471230010364e-05
8.31892240312988e-05
4.85320285730079e-05
3.35174422856471e-05
3.52780193109801e-05
5.06077727848973e-05
4.38488759881673e-05
3.90425758227065e-05
7.10665926359179e-05
5.84900153450251e-05
4.24223245812157e-05
5.36406881006029e-05
5.80733468095504e-05
3.07774687651249e-05
4.84014553446875e-05
5.37774909778094e-05
4.32573014043038e-05
3.9510611044082e-05
3.65066356194564e-05
2.35991167609393e-05
4.41393730316978e-05
5.42279790385125e-05
3.25993271130474e-05
3.96599439474491e-05
5.08848867814016e-05
3.05510792607088e-05
5.89718738676951e-05
4.39822854618221e-05
4.49490573734032e-05
3.31236903866682e-05
5.81305022934515e-05
3.90857276569755e-05
2.736297488932e-05
4.50708476725533e-05
1.65544164633287e-05
5.12906380459655e-05
4.63537201732273e-05
4.68924251918796e-05
3.91638776583903e-05
5.62290297358182e-05
5.59041259277874e-05
4.07608957622783e-05
6.9297694225271e-05
1.44602070982531e-05
4.92548602163908e-05
2.77948267533863e-05
5.15266656893717e-05
4.75218887761336e-05
4.46611691922413e-05
5.58478616999615e-05
5.40742514516117e-05
4.51072157601191e-05
4.63739671528137e-05
3.64857231074573e-05
3.46779236063399e-05
4.19578389761673e-05
4.23974553886059e-05
2.92221877588311e-05
4.66459566950772e-05
4.39849618266911e-05
6.37007411434371e-05
3.55691527063291e-05
4.86276919690708e-05
5.49155508669066e-05
3.58102408793769e-05
5.40228437738875e-05
4.99531109016618e-05
4.03272589041223e-05
5.52040592002189e-05
4.80056561806059e-05
3.52947786057463e-05
4.94790822079444e-05
7.77903780332331e-05
4.25961853565887e-05
3.43692663681179e-05
5.0651198984291e-05
4.48582260658244e-05
5.50172952784803e-05
7.09481059674885e-05
4.38071246614159e-05
4.11226892239617e-05
4.43209754333224e-05
3.87134828135125e-05
4.83585690746288e-05
6.64767748202464e-05
3.47988411776807e-05
4.2660096749158e-05
5.02349578216194e-05
4.13964796074629e-05
3.5378170382207e-05
6.90493420194158e-05
3.35600249305437e-05
4.61919976210257e-05
3.23060925408395e-05
4.02889068587656e-05
5.37699356450228e-05
4.50310115227161e-05
2.55050347460119e-05
4.84776651945121e-05
2.96005281606861e-05
3.12591555392276e-05
3.72480675368955e-05
3.55531767690589e-05
5.13303736697231e-05
4.38962992766782e-05
5.34068258791525e-05
7.03684119634275e-05
3.92069130149444e-05
1.55447161055377e-05
5.67497382681739e-05
4.34145947713994e-05
3.51770418524524e-05
4.48027743865027e-05
6.72433072489588e-05
5.1347200155261e-05
3.30530841191197e-05
5.43709111470746e-05
3.57722088876538e-05
3.75010328213814e-05
2.38873676911103e-05
5.97222780574039e-05
3.0278436987772e-05
2.53003365685536e-05
6.14723762521632e-05
5.48392799004207e-05
6.58381527023042e-05
7.61194893461402e-05
4.57953291023974e-05
5.00594408111191e-05
3.93962113614393e-05
3.38453404071974e-05
6.48143713887677e-05
6.20463916541282e-05
3.41209948873694e-05
3.58178300748238e-05
5.05162465150681e-05
1.62384163640221e-05
1.37539837138184e-05
3.8583150424097e-05
6.4643064647183e-05
5.77118243719075e-05
3.89581868400888e-05
6.07955857480122e-05
4.9983350619279e-05
3.81976706687078e-05
4.83231872854202e-05
3.52016376261541e-05
5.0798139159199e-05
5.69446693236398e-05
3.20172103403316e-05
3.84339559645002e-05
4.79889286093378e-05
3.71593963058345e-05
6.08675694424836e-05
4.30831148567143e-05
5.14682031181874e-05
5.95486332384929e-05
4.95514610778017e-05
5.23792414545502e-05
4.35166757318659e-05
4.27180987305772e-05
6.57999626931497e-05
6.83142241662537e-05
5.56752893063549e-05
4.56259207717207e-05
1.01394449164861e-05
4.44665073402938e-05
3.91141867961327e-05
3.27532188129598e-05
4.54789205607015e-05
2.37319733495417e-05
6.60174207836512e-05
4.21018024913921e-05
4.55021055243948e-05
3.82916504259457e-05
2.16556583558441e-05
6.28566292551953e-05
4.47818959718006e-05
6.94724854032909e-05
3.47058256197616e-05
3.46651658410429e-05
3.14038329252916e-05
5.63714729566841e-05
3.18587438585857e-05
2.34932134581456e-05
4.59418677086463e-05
4.70579134758953e-05
4.76824267637388e-05
3.73060372463658e-05
2.06144326170698e-05
6.81052415564627e-05
6.94681999306553e-05
5.76589154300858e-05
2.82434061151396e-05
4.59071710358244e-05
6.16525524111937e-05
5.40207153342857e-05
3.09531830752708e-05
1.60085643283536e-05
4.50223205539238e-05
7.63118513543247e-05
6.91242977154679e-05
3.02624773845253e-05
6.40795326694651e-05
7.07715418949597e-05
8.11805274787528e-05
4.8429026782313e-05
2.12843974774541e-05
2.09435395057244e-05
5.28634700352812e-05
5.34066530503589e-05
4.95096414204327e-05
5.6310642727415e-05
4.01371856177554e-05
6.80324921664163e-05
0.000100446836655461
3.01960748691444e-05
5.54895586126267e-05
4.93431832831491e-05
2.29454112520092e-05
3.57602615151808e-05
2.66228928295301e-05
4.86480367275119e-05
5.78778661722875e-05
3.87176880873117e-05
4.58691579180171e-05
5.76847060260104e-05
4.70914794978444e-05
4.54256451677869e-05
4.76657317116604e-05
4.13961673004695e-05
3.05981518518282e-05
4.35276534170694e-05
3.24474014652153e-05
6.76550846774494e-05
3.158259898651e-05
5.41076370666244e-05
3.80340215263175e-05
2.62294969678449e-05
3.36927282600898e-05
4.34875024809482e-05
2.36424364591093e-05
5.39792259347765e-05
4.92322651888384e-05
5.08624208185426e-05
6.64342956836043e-05
3.84894529586025e-05
5.83347753176977e-05
2.07494441234314e-05
4.16657237159646e-05
5.58178093547167e-05
5.90359792768634e-05
2.56342953518997e-05
6.20043437945789e-05
2.99837683213836e-05
3.11344309106704e-05
4.02576357004894e-05
3.27232132295511e-05
4.42913489288239e-05
2.38378043422586e-05
5.27547091578267e-05
3.92838887219711e-05
6.65603617090125e-05
5.73824191620243e-05
4.26384101846663e-05
4.56894545154055e-05
3.39875915075972e-05
4.23465518575191e-05
5.60822648288398e-05
3.01431794362049e-05
5.62198010116632e-05
3.29766856749458e-05
4.76971859187125e-05
3.46107593972457e-05
4.93362791822777e-05
5.01288094878084e-05
8.10526980282962e-05
3.33000531030741e-05
3.64152222769132e-05
4.12551785065229e-05
5.21840552119269e-05
4.53179126183667e-05
3.88176199668536e-05
1.55881872305731e-05
5.30302056649782e-05
6.23945311769531e-05
3.94372609157854e-05
4.20789307125806e-05
4.13258743009237e-05
3.17709426150724e-05
5.46886284627916e-05
4.14833766738706e-05
2.73203811584395e-05
3.93272098073541e-05
4.98417292005146e-05
1.56516074962514e-05
3.73113692918726e-05
3.67160265636224e-05
5.70431696588531e-05
4.92720697782587e-05
4.04308805507649e-05
5.46069186929328e-05
4.61183374808172e-05
3.41707282031189e-05
7.16378642622329e-05
3.48810042721102e-05
2.20894256795223e-05
5.13519225719714e-05
4.82794033393482e-05
5.44698635944454e-05
5.03883885057452e-05
4.63649470926045e-05
4.6220927945721e-05
2.48571449706229e-05
2.72370903211608e-05
3.14039575495564e-05
2.1511394183277e-05
3.99361136079334e-05
2.43771302055291e-05
4.34624879888125e-05
7.55963727220481e-05
4.23706506389247e-05
5.40322143066227e-05
4.17414694491335e-05
4.09144654825735e-05
2.97237237613583e-05
5.5203649730816e-05
3.11910455319377e-05
6.19329279520967e-05
5.70422139739832e-05
4.76269964238659e-05
4.57207441258477e-05
5.59299782442037e-05
2.336547916423e-05
3.79813120191374e-05
6.96974550199433e-05
5.45035027648325e-05
3.73036838981745e-05
2.72205289180453e-05
7.97099683938275e-05
5.11706516883892e-05
5.39122178686843e-05
8.99772247429329e-06
4.76001127428714e-05
4.98961293326205e-05
7.22084710205495e-05
5.92228847315764e-05
4.2650775553549e-05
1.70609366752965e-05
4.6611417926236e-05
2.62569641983747e-05
4.06701328664692e-05
6.69085888515834e-05
5.16366192581188e-05
5.25872491221386e-05
4.34854645337584e-05
4.71531703796374e-05
8.47116088617464e-05
1.53443953359453e-05
6.03327870209014e-05
2.37803940117154e-05
3.4586414450597e-05
5.20863211622346e-05
5.26162336155016e-05
5.21131626968669e-05
2.37396021815887e-05
5.9535101193363e-05
3.32887153349132e-05
2.80477499595687e-05
3.96367458340691e-05
5.63535118658964e-05
4.60302616010107e-05
5.28620589776317e-05
5.03099152922206e-05
3.48144188780817e-05
2.55442066468348e-05
5.29490023771852e-05
4.70202360817998e-05
3.6335557151037e-05
4.82778689610377e-05
4.88269427763058e-05
8.20987222253908e-05
5.15379262237028e-05
1.83055501202107e-05
4.47676888123718e-05
6.4589496886145e-05
4.3052482865862e-05
3.26289371668696e-05
6.45219186035929e-05
4.01921234833325e-05
5.81269359729637e-05
5.54753009325458e-05
6.1774884890034e-05
5.95249643053139e-05
2.74203964140589e-05
5.0086713820087e-05
1.58136091758559e-05
4.1315496991478e-05
3.14255281124366e-05
6.20256712662678e-05
5.94789483274292e-05
4.83164542026555e-05
4.31158072698296e-05
4.67180829331356e-05
4.93076659835681e-05
4.93580039420255e-05
3.04790927504397e-05
5.74442781457626e-05
3.93294725326086e-05
4.38096501698226e-05
5.67471296321404e-05
3.87950721485417e-05
6.44581336968781e-05
6.57653650535469e-05
5.48527034326784e-05
5.25520492462834e-05
5.51102630826349e-05
6.04555700727709e-05
4.95756139377531e-05
5.60844400238399e-05
2.56617815955502e-05
4.96071937213241e-05
2.75176719275351e-05
4.76897630709811e-05
5.9052194033055e-05
3.42310249350267e-05
5.20140149034083e-05
5.43296682704209e-05
3.93512928068634e-05
3.70428779311255e-05
8.82694903457655e-05
5.20201744272797e-05
5.52847981827784e-05
4.77529454139789e-05
5.42241723811017e-05
2.49828097539409e-05
3.16978217612771e-05
4.76076423982149e-05
3.32424126689567e-05
5.39655687124848e-05
6.3088181600829e-05
3.14465371665706e-05
4.84966623181165e-05
2.04331929038398e-05
2.31363049314148e-05
6.15805630163737e-05
2.963496582268e-05
6.08118640957114e-05
3.24023984937883e-05
5.69412620504943e-05
5.14692551396289e-05
4.7288386593577e-05
3.93417021381444e-05
4.74388690054948e-05
4.61837380670473e-05
4.59372181232516e-05
6.50232423663968e-05
4.66064543738704e-05
2.6963882642209e-05
4.81848972142627e-05
5.24848126438267e-05
3.2551256514187e-05
6.72817750867427e-05
3.72551081510148e-05
2.45358834124612e-05
5.5874408899457e-05
5.03775655464445e-05
7.75003137466931e-05
4.73459880962178e-05
7.73246890974434e-05
8.09904535010518e-05
3.77166684143175e-05
7.0258789782414e-05
4.36067684694636e-05
5.22143966640493e-05
5.10221582002866e-05
4.58416096361777e-05
1.8915755792369e-05
5.98378306201054e-05
5.58969094285401e-05
4.17150147987885e-05
4.87848811796738e-05
4.80007402290525e-05
6.01236001278886e-05
5.46162269657308e-05
5.58431984718919e-05
5.06971954875557e-05
6.43932910108132e-05
4.8730882713621e-05
3.31518173706549e-05
3.73890682153851e-05
5.21848762478774e-05
4.51827772786581e-05
3.60943470777139e-05
4.90646912617204e-05
3.42684466388011e-05
6.18191668093888e-05
4.71400885506353e-05
4.74827255010148e-05
6.24409737359294e-05
4.86509176830357e-05
4.33909352724971e-05
3.81583815163049e-05
3.17447556338803e-05
7.79133841654699e-05
3.66908595612897e-05
4.22521963893888e-05
4.43156345005845e-05
6.34755193484336e-05
4.70351030419685e-05
4.93772282773542e-05
9.31302059539954e-06
2.68677628596818e-05
3.13562478353565e-05
6.46945184706826e-05
6.69814579949122e-05
1.5193475073828e-05
6.26175208869635e-05
4.08819437535591e-05
4.69410008176554e-05
4.20002489687414e-05
4.11534772401569e-05
5.30176833635613e-05
4.61664915741719e-05
1.93246997300919e-05
4.90022826739236e-05
4.78828872330671e-05
6.94816679971715e-05
4.84638759805758e-05
4.34085169307147e-05
3.9929382124588e-05
4.49106144211366e-05
5.28770613819877e-05
2.94953302511558e-05
4.38899983141443e-05
3.65646872290093e-05
4.74010010990456e-05
5.23211242173277e-05
6.20819254606289e-05
3.7301985431466e-05
6.04092361327206e-05
3.10443989925977e-05
5.44604294645654e-05
4.85951407777701e-05
6.51729211776857e-05
7.4544482438083e-05
3.2278649928992e-05
7.02289480637956e-05
3.84533930258582e-05
6.50268731397522e-05
4.79930475335112e-05
4.39048255650708e-05
5.68807276780269e-05
6.00659625561215e-05
3.94433396952275e-05
5.01570474540503e-05
4.46090051087753e-05
5.25393711934036e-05
5.46339300247147e-05
3.47794816139685e-05
4.36420033900791e-05
5.57420049685059e-05
4.42971104673049e-05
4.94414620170522e-05
3.80520206791261e-05
2.37171522042152e-05
3.91364248504894e-05
6.21224441280461e-05
4.0589772397822e-05
4.28668866627591e-05
2.946793897624e-05
2.89981179807412e-05
5.32245825856892e-05
5.15085237513121e-05
6.48369617110025e-05
4.00688894112226e-05
4.24208017482507e-05
4.43382000314113e-05
3.04786842893636e-05
5.18737625836898e-05
2.04224334039134e-05
4.09673203529717e-05
6.32839981679986e-05
5.51352632365132e-05
3.51899152889268e-05
5.16875568664956e-05
5.99263316463772e-05
3.73207526322117e-05
3.63005191151829e-05
3.55199097028891e-05
4.98075078440957e-05
3.15593165128309e-05
4.94127347486594e-05
2.14027901385411e-05
4.11610878841199e-05
6.43439704242346e-05
3.55525796982035e-05
3.93973287381062e-05
2.51591008311876e-05
2.70692895832475e-05
4.32437864304547e-05
5.45855437649672e-05
4.4117981034248e-05
6.00440626256773e-05
4.21031295867255e-05
7.66242596654126e-05
2.75906032461133e-05
2.72690172310379e-05
7.03863125113489e-05
4.3315323609062e-05
4.65838069103716e-05
4.18934724347379e-05
4.02824450309261e-05
3.19085343635477e-05
6.23676260454256e-05
3.81606272824352e-05
4.90292167349657e-05
5.13086967279987e-05
4.7738021747507e-05
4.2504254788386e-05
5.15291868968176e-05
2.66568892662032e-05
4.31802669260411e-05
4.72984796137565e-05
4.67707829193009e-05
1.95112788901539e-05
3.36444119312016e-05
4.74147774309801e-05
5.14167754836873e-05
5.12011427352893e-05
6.89319220310882e-05
4.33444339500132e-05
6.50418187107977e-05
5.64976759748177e-05
3.80681272573177e-05
5.33521549715536e-05
6.5402236303107e-05
3.02635298102788e-05
6.08554081545012e-05
5.76602421993682e-05
3.20926483601714e-05
6.2181578093449e-05
5.11275059081134e-05
4.64596243626617e-05
4.45991001438003e-05
2.02118049578757e-05
3.74126248144111e-05
5.04583478829011e-05
4.58566136169947e-05
1.01536695886103e-05
2.96584334464085e-05
5.12725492314717e-05
4.51696437593539e-05
4.88397750207199e-05
5.04846252390589e-05
2.73840175233736e-05
5.49176340404117e-05
2.21570032043365e-05
4.95300445774425e-05
3.88441028057632e-05
3.460419295882e-05
6.36522994705635e-05
4.20005711927871e-05
6.05933631705056e-05
3.16575759607275e-05
5.0175672759262e-05
5.37459795148218e-05
2.90701758505098e-05
3.86954862349547e-05
5.19815243466781e-05
6.68725803371428e-05
2.63450280702327e-05
5.46039759088227e-05
5.50564293646804e-05
3.95912394456065e-05
3.61456628124531e-05
5.32132718683855e-05
2.8267847432628e-05
5.07168516529848e-05
3.64284632008013e-05
3.63263732966634e-05
3.14457592234191e-05
4.03017175804255e-05
4.87840364443904e-05
3.56430250830387e-05
5.1273375149245e-05
2.60906392779774e-05
4.18593190561582e-05
4.29323662480598e-05
3.32957945531027e-05
3.93439083877146e-05
3.64030688415377e-05
6.03812234824624e-05
1.79132148098848e-05
4.47057449850857e-05
3.65603407139275e-05
3.3546751850771e-05
4.78095211978173e-05
4.81141056094259e-05
3.30796689788663e-05
3.52715364120871e-05
4.44081251649567e-05
4.34855333215492e-05
2.90611277605384e-05
3.92235401435267e-05
4.41646793900146e-05
3.11570972493789e-05
3.52695901806435e-05
4.85532690741797e-05
5.95565369880396e-05
4.6265200539988e-05
3.89413179402503e-05
3.7573360957917e-05
6.71083623698911e-05
4.03132959274247e-05
4.95643125030212e-05
5.56364350892125e-05
7.16448281995078e-05
3.21701779174267e-05
2.52404886999283e-05
5.14208310321156e-05
6.74592632436515e-05
6.46391735271395e-05
4.79391858652503e-05
4.53721939056476e-05
4.08547014505006e-05
5.08896154523135e-05
3.74787735971699e-05
4.7282259502412e-05
3.5039784115468e-05
8.10134689447219e-06
7.22298887113753e-05
5.86001269890678e-05
3.32790352935998e-05
6.77851002771525e-05
3.81117033038907e-05
4.63830050972235e-05
4.38797346056032e-05
3.42386792339377e-05
4.94272907398628e-05
2.58259763392376e-05
3.44537057018231e-05
4.96052484696729e-05
4.77553305736096e-05
3.19140881712256e-05
5.57679887976754e-05
5.24091069851176e-05
4.08936584835755e-05
1.54676055366219e-05
4.21806448006798e-05
3.74048730741959e-05
4.5556057378621e-05
4.88837018757509e-05
6.00585985718126e-05
5.62528359445885e-05
6.92403960652241e-05
3.8341770304676e-05
4.5139270846508e-05
6.21363351372678e-05
3.26557536606952e-05
4.75452771414611e-05
4.2186542167497e-05
6.48590866639816e-05
3.99451661464588e-05
3.59057873626764e-05
6.83097552379608e-05
3.18138572377337e-05
2.83272527338851e-05
5.88971678778115e-05
5.59728657736416e-05
4.60574473109628e-05
3.87123980039842e-05
4.97320485885528e-05
