0.0856200886153993
0.0848610187154884
0.0908157876521647
0.0930512709435541
0.089901987660324
0.0843343599956845
0.0833003248091085
0.0813654569281086
0.077721309795209
0.0865822667238406
0.0846767567489441
0.0845817419192688
0.0782535741119952
0.0758558758752305
0.0822512555851559
0.0895790896825527
0.077629536187529
0.0705935295881586
0.0896495790631381
0.0801383096867128
0.0828237100810393
0.0870881391145311
0.0774531376189338
0.0894891737171955
0.0783480932441566
0.0808775470571328
0.0839916903166389
0.0921461521494106
0.0778283537435483
0.090343616754288
0.0788289216043472
0.087513613877854
0.0706696181892234
0.0840739418707944
0.0851486163430516
0.0851033950698031
0.090399209795736
0.0833325704357608
0.0756488683256707
0.074275324909563
0.0803639179203169
0.0876899131614116
0.0886529535866388
0.0793833263569506
0.0812362855335381
0.0731113858128832
0.0855472524992936
0.0784422565990199
0.0890436399625591
0.0754417751021412
0.103170263992587
0.0741654370060686
0.0780917872090744
0.084983810184675
0.0805317390108805
0.0761446794500099
0.0797240450097505
0.0741400699486147
0.073171750378293
0.0793211574014449
0.0859504646198164
0.0845217411975847
0.0828747511615537
0.0782999295875413
0.0843560362690925
0.0866732863594156
0.0857160390164364
0.0796418165322318
0.0886153304714223
0.0934210203333184
0.0945188223054542
0.0829081125605695
0.0752253886532229
0.0802738069797534
0.0803649781393236
0.0916635806527648
0.0846796197766046
0.0865044323370843
0.0863120415051796
0.0866017809853988
0.0890327992847171
0.0862475796836974
0.0849442853627172
0.0831328446553325
0.0742284548089245
0.0904883903858888
0.0765808238598475
0.0811256042277703
0.082140314080931
0.0808514808845892
0.0900588930312091
0.0839175176043294
0.081755931162772
0.0874017939134124
0.0831169054505456
0.0898373026681767
0.0806201638005591
0.0895910476359721
0.089285428456725
0.083056435323504
0.0831974820502131
0.080534342628237
0.0794540532405834
0.0785740361086403
0.0884591525546953
0.0927646227788538
0.0792344621611712
0.0821298170050977
0.0866152650081049
0.0885624601917631
0.0939931291085263
0.0869139185949552
0.0881388434256908
0.0926137876634035
0.0761858535903832
0.0983282461853867
0.0840068528204613
0.0679778595210872
0.0836138032474957
0.0837265270003307
0.0787747956910748
0.0826459031066463
0.0806948858941129
0.0823998073725295
0.098088519680229
0.0878422017212967
0.0726980920199118
0.0821193024335036
0.0784619652522025
0.0735786506266858
0.0837747756474785
0.0830413748169351
0.0873816854626872
0.0899383686825011
0.0834980117934636
0.0785428319909244
0.0935567774108211
0.0867122813959234
0.0853758406131943
0.0816934323879303
0.077089712058373
0.0774819778994947
0.0795933165773568
0.0801724875274652
0.0664635521558214
0.0839172940968499
0.09499599910514
0.0840812052279146
0.0739403764459192
0.0836227408926509
0.0806861269689892
0.0796943258152444
0.0928964042042817
0.0839770310267749
0.0884226574837779
0.0793617683664528
0.0965622425403326
0.0889600915586218
0.0860226952864764
0.0795219168532905
0.085648130971241
0.0818350501444593
0.0830500724425002
0.0819115257311333
0.080224327599593
0.0793570228988718
0.0853784668968515
0.0706358937164885
0.0842484865184905
0.0887888579890773
0.0799305178626133
0.0767922318083069
0.0783663409683657
0.0823312434343733
0.0866266371291226
0.0875335929098429
0.0861908694563293
0.0847894202255542
0.0806848608364612
0.0891886982056072
0.0835565746987797
0.0913492527401458
0.0768733819220077
0.0799591966366551
0.0816695369591143
0.086838904046741
0.0878725794074968
0.102700228406241
0.0680542127242324
0.0742683684029163
0.0893175287883382
0.0940786555484574
0.0817659176864437
0.088961867942261
0.09238255688279
0.0900996637417808
0.0859545215118948
0.0725483922601277
0.0690471427323494
0.0758945239065574
0.0738959386608093
0.0966382023103448
0.0807461905854292
0.0885163456246194
0.0772694622092811
0.0831885548795921
0.0874335799519405
0.0860040051671871
0.0761123663669703
0.0759422371453147
0.0926345814868142
0.0762143716931687
0.0923682272359808
0.0833983482320759
0.0821178983060945
0.0889464061884821
0.0871227569036527
0.0905226197562493
0.0880123563828683
0.0726358582999864
0.0875729363804388
0.0907068798040705
0.078884549266082
0.0860478152212623
0.0866284662850363
0.0723839219637852
0.081096057556478
0.0799237587473047
0.0938656387870199
0.0803497436134426
0.0778698775401582
0.0849589438365784
0.0801037413176051
0.0828403765279064
0.091618580966637
0.0740005882746027
0.0784504111836174
0.0801004860094737
0.083717422929804
0.0820458651777271
0.0840583048783317
0.087662258972258
0.0767634655332225
0.0795080163388925
0.0724827632875467
0.0793181545068714
0.0792734429316539
0.0779479087656933
0.0899562601713874
0.075271418187153
0.0797006147770863
0.0749722988368566
0.0745110976558186
0.0831427626568717
0.0739205917963656
0.0809619322280166
0.0820212581458722
0.0834363242163635
0.0857768815496667
0.0811666394956952
0.0734844061119016
0.0866354418669702
0.0865357726189425
0.0731460539902155
0.0824105910796544
0.0733332856710203
0.0785797084112304
0.0831464179606511
0.0749063324741877
0.0982780393637578
0.0866643559443481
0.0781324886429329
0.0894433377969668
0.0749332544461469
0.0921739167357531
0.0919772899011092
0.0788521411099731
0.0874378563603446
0.0728038479687579
0.0837080398027523
0.0863866060270284
0.100232403405532
0.0790362288481564
0.0807887447410553
0.0954175438826293
0.0741300940008644
0.0904754173993801
0.0821972633118654
0.0791197145710868
0.0840872551338422
0.082435385795458
0.0741463088660594
0.0857366639457347
0.0789251244707513
0.0801990970520474
0.076304319377369
0.0747085415649305
0.0822369446042814
0.0776584399847848
0.0825111055535214
0.0866914879500763
0.081251576265608
0.0856518701402798
0.0750357097462597
0.0843437228031463
0.0815277163854696
0.0809229556431895
0.080325943993735
0.0783078940381877
0.0840220862041224
0.0719332405399817
0.0850873859791075
0.0887599742179921
0.0815299564205986
0.0833811673931944
0.0840238094843811
0.0806833764844123
0.0889196695073385
0.0852950889395889
0.0894320042834272
0.0933466767354122
0.0902804896922348
0.0682226299501576
0.09513604819448
0.0760529073148815
0.0910661547716662
0.0806513721170128
0.0850404472662559
0.0864447528651015
0.086912753441918
0.0880111783189229
0.0779906008399835
0.0856759870774407
0.0724477562383746
0.0967266027794842
0.086868227437804
0.0674336128055337
0.0826538893119042
0.0825894634401216
0.0851085007477578
0.0883224050734781
0.0864358100659976
0.0881044432376707
0.0844217681984651
0.0861548232753507
0.0913721588367789
0.086513162044412
0.0819238801748722
0.0719366131682874
0.0809040496723731
0.086509838039807
0.0693105103248709
0.08129293538621
0.0867806872474292
0.0837906720724818
0.0945674316433036
0.0854975775585197
0.0904364466206672
0.0767845769811141
0.0884808254201227
0.0742159352771819
0.0755262117807897
0.087451626522013
0.0855294788655253
0.0766915932877852
0.0753353278990287
0.0804840556778083
0.0782484258926335
0.0912531804192734
0.0790678472225297
0.0813306503173241
0.0848912715319487
0.0838083605025374
0.0894002560490848
0.0840912855305638
0.0857514370014657
0.0847891490788423
0.0905620575101785
0.0925935905827016
0.0800115000608493
0.0840152392671557
0.0790151696849976
0.0707034381075646
0.081814208223395
0.0772698295153981
0.0867695836467066
0.0947934834940498
0.0877853821023698
0.0803461481626659
0.0808290411272963
0.0810148219602069
0.0827853386659711
0.0883450624313924
0.0864667693479967
0.0859438115182273
0.0843650912865347
0.0820101832502163
0.0754429276526876
0.0797745074848606
0.0758042030432258
0.0857772958277535
0.0783856439140421
0.086435334270905
0.0881523188923043
0.0767063811783646
0.0867698399126276
0.0888509258130596
0.0846520628216944
0.0857373926644444
0.0843668182791849
0.0846112140129208
0.0907184976259603
0.0757237998624483
0.0780151069538728
0.0878254432216178
0.0876005075770503
0.0883293944643054
0.0756700173895315
0.0699757178081794
0.0948444749843564
0.0835708114314541
0.0868490307223001
0.086112001784638
0.0811605081716816
0.07666387040444
0.0868630353035078
0.0753713326364304
0.0990996462635756
0.0772297681079372
0.0762981007377209
0.0910830006210424
0.0951206874915966
0.0781974378054785
0.0836711860609188
0.0893138301998288
0.092435476430219
0.0914608583904865
0.0893591219350943
0.0858784326148224
0.0855480239295742
0.0822719173100363
0.0721841512567451
0.0724227571161966
0.0840445391600138
0.074800204568052
0.0844614741901089
0.080632362821441
0.0735612203271703
0.0837179221869656
0.0821926064997836
0.0898957047837236
0.0774595375523532
0.080592670917123
0.0819942669752494
0.0737481987989217
0.0703308391965637
0.0794050589718036
0.081569346733883
0.0916485341537426
0.0737022530754361
0.0835713993225517
0.0848297165948987
0.0852538188953683
0.083269152653052
0.0900573399121388
0.0889260252064626
0.0834217618518005
0.0772240900064722
0.0796508483734627
0.0844011030704296
0.0917917275402294
0.0814365219736288
0.0879356201398901
0.0779093949605045
0.0882685441912449
0.0879768218968456
0.0886067790060423
0.079325870768132
0.0848089407067677
0.0925288468477767
0.0857626900919481
0.0818254641208167
0.0869718897176052
0.0829656241961509
0.0777702265315409
0.0765490349477853
0.0775119160257576
0.069464014628823
0.0670015544990266
0.0866433036652233
0.0699376654841945
0.0806544921121462
0.0791382001817342
0.0845295200955645
0.0818309269953107
0.0908959717870714
0.0767655757715599
0.0889887873867357
0.0890351004875665
0.0830934983307758
0.0786065849735299
0.0827843151285261
0.0890818952994664
0.0752256252829121
0.0925660641640299
0.0851860010661728
0.0807167510567465
0.0778478245301695
0.0894309156460972
0.079313512753199
0.0774293825328044
0.0963796155279177
0.0856244375886205
0.0834779926223886
0.0677086075171193
0.0779607522466099
0.0859453814525821
0.0996805747170358
0.0976223887582449
0.0896736627152821
0.0862289037102915
0.0798101578006666
0.0883698443416738
0.0892188025710925
0.0822550415581457
0.0795611709533472
0.0825814804314064
0.0761994016389944
0.09119568936343
0.080153461932306
0.0871846559579015
0.0936196104955765
0.0821157702968924
0.0772603628213979
0.0906735653029637
0.0933219877586208
0.0853975950834357
0.090065279697422
0.0790469217043436
0.0759549003682519
0.0854035325247558
0.0900852878594734
0.0856607285765047
0.0878832300158973
0.0885535311286307
0.0841715334760881
0.0859112635278559
0.0819640963283293
0.0845145847494252
0.0751905622737045
0.0728593435006639
0.0814131361039481
0.0838482934070433
0.0900497831008325
0.0685494775726029
0.0792767803813869
0.0859145601627859
0.091561054464574
0.0791643144949069
0.0713239928553346
0.0834258065852191
0.0861233946796082
0.0817708553310126
0.0838957968528978
0.0753271415972682
0.0804954082594578
0.0738725786701906
0.0741414164732805
0.0782172230913762
0.0891354132982864
0.0832369258259287
0.0811109095715032
0.0883764147730296
0.0843639860536577
0.089071065367262
0.0952238304488095
0.0841996153055605
0.0865142290729089
0.0821616999794358
0.0923200298051928
0.08203732441737
0.0781426056050854
0.0812254246053569
0.0936626868801381
0.0807744883472957
0.085902587401251
0.0837981781553415
0.0807953789616347
0.0849663945808991
0.0790613946414638
0.0857129557701045
0.0808330353888613
0.0940646881331744
0.0804728468244133
0.0747521135212057
0.0715638937903362
0.0856702092179796
0.0803147152662416
0.0895638493595455
0.0692807643224888
0.0824264884963572
0.0760368208050856
0.0817967687060799
0.0822105357110769
0.0828522723844437
0.0857628176130061
0.0796619426452664
0.082392814346141
0.078493326637143
0.0887195856167907
0.0806543602669665
0.0784095286814577
0.0872301720879971
0.079333267161565
0.0822672504684197
0.0918155744672277
0.0853367153990988
0.0907162972000141
0.0866142399414846
0.0815388509093476
0.0703588942784026
0.0875381294288269
0.0779482008826307
0.0864737852049267
0.0815240524703087
0.0922226721970681
0.0901289046039306
0.0812497238245778
0.0775019546821601
0.0885138731963861
0.0746462504840066
0.0795905332577328
0.0765085888403195
0.0900953129121486
0.0848738591769949
0.0864235943306426
0.0853654842738462
0.0917172946391543
0.0789743697365475
0.0679007013882918
0.0847114075005556
0.0812621201773674
0.0825042109323168
0.0906507711337646
0.0816348518117105
0.0904051602306835
0.0767343318175921
0.0788854816637782
0.0849827847437525
0.0883588475010551
0.0917334525743241
0.0743062241121103
0.0919558521762727
0.0828748226019812
0.0777286410184652
0.0736829306181647
0.0868562683211032
0.0854548182847748
0.0772752235221221
0.0918141495250605
0.0879080244251731
0.0935742344021488
0.0761803318362486
0.0758143971152932
0.0883164142376517
0.0861773565594248
0.0805138073842114
0.0909883746314319
0.0867796092816272
0.0882183194075936
0.0924198636202713
0.0903742668604874
0.0764485904144737
0.082027683213716
0.0872679141660782
0.0886916513647335
0.0757263473804076
0.0814633655128278
0.0789991593483892
0.0772428906768905
0.0817547216554326
0.0801171413868505
0.0994367295662051
0.0830142854909744
0.0836234556144367
0.0956392961912544
0.0987438490595938
0.0972035455902929
0.0814831219219123
0.0887649163574167
0.0906761942039291
0.0912254567305694
0.0761931651484588
0.0699982116256504
0.092037471644042
0.0843763551779124
0.0809980943779188
0.08528981048996
0.0790385779615074
0.0777224023423296
0.0790629384995406
0.0904261576460337
0.0777996171844509
0.0894217656063323
0.0875141806484422
0.0844499366643994
0.0967810724363477
0.0996142551508201
0.0814809605053257
0.0845716021919125
0.083625165473503
0.0896165760796719
0.0846346473833646
0.0696210574845273
0.0936473251300654
0.0700919378996191
0.0796001438568767
0.0738948470756618
0.0772145340343349
0.088942830750225
0.0855134025108865
0.0890984551115048
0.0749319150077841
0.0760011249612143
0.0792677955734011
0.0759025897967829
0.0840262735950459
0.0816493592493844
0.0763951983508922
0.0794954969220063
0.0812700732921993
0.0914334258764227
0.0860775774544406
0.0789184646484988
0.0772698189488874
0.0879841924132931
0.0732344041759188
0.0870694668977243
0.0802795673021043
0.0866824975273877
0.0851355341484849
0.0986451604369015
0.0865512671754645
0.0928047505104199
0.0797799927560769
0.0793517798714158
0.0957003467854753
0.0744082622951017
0.0843017410710639
0.0754581551377035
0.0945889634956082
0.0801885009324997
0.0868259515989961
0.0886047614963821
0.0835665111030008
0.0736126457425537
0.084623301011199
0.0921523423291461
0.0930193670093795
0.0784828201321276
0.0883676206960101
0.0780510211544734
0.0888447703669172
0.085473468783644
0.0755414645266435
0.0838661138553634
0.0886343750388287
0.0755465997391244
0.0791342975140771
0.0861701977958826
0.0926611718947957
0.0806091432077337
0.0830943040694385
0.0870140530443983
0.0832131557818117
0.0895357942276817
0.0803064138089929
0.0797091369967171
0.0833710649691001
0.0809428013826814
0.078429655637361
0.0809820663292804
0.0834478283444588
0.0801688334931566
0.0865124755622546
0.0852709199412161
0.0865187683959671
0.0827955763505873
0.0744485936177037
0.0829230339755747
0.0953815849653088
0.0765525308150543
0.0853442535779535
0.0812689195820698
0.0902334652384634
0.0845638533270496
0.0863813670151588
0.0826182346326717
0.0652006833882198
0.0838785882203857
0.0802000781789414
0.0757663991451444
0.0840404192186743
0.0873998740795229
0.0736361811769111
0.0883577374761376
0.0769309035302239
0.0827734594098427
0.0814817912481299
0.0809220126261731
0.0693739294084297
0.0786051100713539
0.0833530020620607
0.0799564728665237
0.0798857300641915
0.0818849133179017
0.0932869255416671
0.0915477650791989
0.0738839580923057
0.0837878885060636
0.0860191258250327
0.0774346652739439
0.0732450122698707
0.093952722865858
0.0768288957431278
0.093658111671355
0.0837146585586634
0.0831069736446321
0.0896469111772615
0.0883664863118854
0.0743216783835666
0.0713225575717213
0.0731416007202811
0.0873427570114827
0.09556964987095
0.0864111188684499
0.0876902464445265
0.0963690419129632
0.0755084705364147
0.0890733808507073
0.075875685889117
0.0753074396418826
0.0826846723422159
0.0725442010504486
0.0777415992265901
0.0753574960985554
0.0767606258145554
0.0804103139350531
0.0840129855826855
0.0809287681379134
0.0777671007275258
0.0772597293678901
0.0840720887790602
0.0902357626989284
0.0770130003182247
0.0836523680526479
0.0822882467452706
0.0825955780126984
0.0888154105020373
0.0819598901904349
0.0827769840238289
0.0911232435189586
0.0823133836119962
0.0795035789026978
0.0795832450690024
0.0767903043876414
0.090632469045886
0.0836243334922779
0.0858333142263508
0.0800973470547408
0.0804518308892822
0.0840436694098274
0.0819151481682606
0.0633627299669175
0.0828419704332489
0.081098479390492
0.0762195897915874
0.0853260747992022
0.0905889816570558
0.0861417561637454
0.0803905388239569
0.082941130658594
0.0809830635314497
0.0725607755908053
0.0771144464175705
0.0909103503538111
0.0791597077456848
0.0829480268752586
0.072645314835789
0.0919406719213777
0.0879699573898923
0.0811626171246105
0.0986246798073573
0.0789749280971667
0.0835309109001053
0.0813210937729794
0.078944506757395
0.083247428631883
0.084348920731796
0.0769430754106527
0.0665711301985756
0.0806239059674745
0.0868446132246169
0.0895712255514275
0.0819650193159857
0.0826691853872969
0.090532700658308
0.0877121347886287
0.0842059524991363
0.0794984302031505
0.0915712966782388
0.0705483742075434
0.0901286725016899
0.09005316893381
0.0881999266841867
0.083674250924592
0.0873754564464799
0.0848272907251448
0.0766729657689746
0.0888843476626036
0.088515702850077
0.0820490573729164
0.0786798919543024
0.0709830787854852
0.0777133109604851
0.0887231840281766
0.0861944233374182
0.0776103628133786
0.0945126061566836
0.0844906191075502
0.0891390753217245
0.0851631605536317
0.0870390948292788
0.0734182696379496
0.0759647197687627
0.0890624408485542
0.0921995569047586
0.0876551734394789
0.0788028213898756
0.0766856834850272
0.0765656157697305
0.0879426434931009
0.0821795944080806
0.0849960547482431
0.0829683933506265
0.0866921698137158
0.0921917787904326
0.0856523866040332
0.0824038395280478
0.0762936295035361
0.0914434601408876
0.085999322629416
0.0797659081497743
0.0802652387689569
0.0928273731581171
0.0710911560474364
0.0886719706039447
0.0649358200888895
0.0741411049612006
0.0808950912454479
0.085726251690788
0.0903829273972601
0.0860656456826998
0.0869079471251074
0.0775565671763618
0.0933688571344635
0.0767537796061706
0.089552467370927
0.0910698172839133
0.0811818635194266
0.0772460199751679
0.0904760319744861
0.0840263726091369
0.0783022194527764
0.0887243408928473
0.107146008514527
0.0856173143569197
0.0749776792080221
0.0868318999358583
0.0872858140480573
0.0861771761363858
0.0835716674425229
0.0827379943916326
0.0808637093937514
0.0854667653894943
0.0794516113433538
0.085793506339725
0.078193512423393
0.0703635789142049
0.076452782110804
0.0793447902711429
0.0853377823890091
0.0749349871164201
0.0988634413455256
0.0876766202562086
0.0720826239493772
0.0884286450972611
0.0794444532788279
0.0838858805162483
0.0789448215792863
