-0.0697998851648197
-0.100490444205194
-0.0704620760003622
-0.0914669342589354
-0.110382404385371
-0.103288074431613
-0.115547600432242
-0.118623316582286
-0.119780358654594
-0.0801481973456461
-0.110363005679906
-0.0680597016492429
-0.091679124839742
-0.120534867327034
-0.110569956448036
-0.0142781500889188
-0.130248878043873
-0.139370337348408
-0.0705568322318267
-0.064151746084704
-0.0851433350811228
-0.0771779494350326
-0.0492905432524275
-0.100498399823863
-0.074138028901808
-0.148850571933062
-0.0887597121217631
-0.107761596373395
-0.135195860204637
-0.0887177045944135
-0.0883787291473607
-0.0619667699070215
-0.0639235883718106
-0.0909329372427888
-0.0940791537747288
-0.119012764913348
-0.127277606075913
-0.0225069704253078
-0.14967710063909
-0.0389621950803974
-0.120742696949654
-0.0347688715777685
-0.0496691383955636
-0.100962917626765
-0.11025389978941
-0.122908528575455
-0.131363748048019
-0.103711944120131
-0.063010565439182
-0.0650687048030419
-0.0538637380787209
-0.122630552536089
-0.0997462113242032
-0.0904818213468111
-0.112300269028959
-0.0564624443923584
-0.0551584568528259
-0.0989672252765516
-0.104810115840204
-0.0908059528690855
-0.151597717879209
-0.0943491183789126
-0.0777418528887031
-0.0849658829073255
-0.114086263658891
-0.0846440107630386
-0.105783103990934
-0.103487257013883
-0.117373038575774
-0.0486800077689237
-0.115472347815157
-0.0956242202238284
-0.120946136540313
-0.0689321176717338
-0.0850255627911625
-0.087374869128726
-0.105239068021267
-0.110148057251473
-0.124587976548651
-0.0989437859701186
-0.0513698816459766
-0.073026789558022
-0.117935965255917
-0.156518660987637
-0.0845730283924316
-0.129314424012225
-0.0805089310740957
-0.0762462093413692
-0.120398518534289
-0.0906658994957514
-0.0733404691673244
-0.103725177875921
-0.19473025497916
-0.0760271871716432
-0.0637404219487757
-0.0858251186211737
-0.107018710781994
-0.0541958257431713
-0.0584895590860822
-0.104967086726571
-0.100772265888504
-0.118029479977306
-0.0417843153075393
-0.101857595379752
-0.0412986584373599
-0.119110443203991
-0.0947252169576381
-0.101310226193976
-0.139534966547936
-0.148014145712185
-0.0622621427678546
-0.0874906617342318
-0.0917140611263442
-0.0819178356620004
-0.103847383731486
-0.0769619906220086
-0.0484267335813617
-0.0970720972087353
-0.0987796695013441
-0.061589695082566
-0.113481580201542
-0.0609490706353554
-0.0551600961287928
-0.119658669528154
-0.111812957035271
-0.0904144472680495
-0.133057148503387
-0.104808427844502
-0.0448907037376477
-0.0725342538874195
-0.108828265143947
-0.104319581204326
-0.0838869631637866
-0.0284741154238706
-0.114474723239665
-0.116244231765403
-0.0694396393751713
-0.094300714880858
-0.102112229033729
-0.0795644571837498
-0.112387574157222
-0.0150553877422372
-0.0721865061542091
-0.172160443469189
-0.0499351437520182
-0.0976798900360007
-0.0525812437035568
-0.0953933773116491
-0.076651168492435
-0.0694735459918633
-0.109723955949197
-0.126451807645018
-0.0579285315002245
-0.0873450912040044
-0.0955496398882919
-0.0686700306891122
-0.180378311261773
-0.166691050879074
-0.131553295161879
-0.118092807722187
-0.133784071905812
-0.141442604729827
-0.0869600557033277
-0.0890484675844651
-0.113563572069746
-0.112732092454543
-0.125602387269678
-0.134821495811479
-0.0713970909424318
-0.0836643924697278
-0.0490714641424515
-0.0841346637732719
-0.0652571747211063
-0.0942635012456984
-0.088705384962101
-0.0814214774368277
-0.0543493219965891
-0.101721891037738
-0.145748693944849
-0.0944550324435713
-0.138080683842226
-0.0811211096681182
-0.0556731791894394
-0.101067946349579
-0.150564812040529
-0.103010097165136
-0.0795676604305428
-0.107077853122303
-0.132438531428407
-0.0745353449932819
-0.164911225244014
-0.0643465175272442
-0.0633876060318855
-0.0692188462280784
-0.0598740652904084
-0.100766671589378
-0.143787856143903
-0.0867033321538118
-0.104119343531502
-0.143175413267676
-0.0336106918220442
-0.054351276833477
-0.0997345528732249
-0.117119983384394
-0.118461781625784
-0.133401603373529
-0.0977894377013953
-0.0912366733387562
-0.0813634489311816
-0.0713378983794054
-0.0966408078726211
-0.0998601962229198
-0.066567972679857
-0.0659749177179115
-0.0511817546418905
-0.135638590620578
-0.084999240215855
-0.126626164252994
-0.045749199957627
-0.0646309528264384
-0.078652755427057
-0.109519825076593
-0.0705024772095854
-0.115849226904794
-0.103563860603956
-0.0749670241369323
-0.0986455775476184
-0.0821067678160286
-0.168047577957658
-0.0980320574635736
-0.0677056814338387
-0.0712621395680259
-0.102225489186105
-0.0885749048903885
-0.0788668393409714
-0.143554058299062
-0.118153524992938
-0.0856911439749261
-0.108354453972253
-0.117308803777321
-0.0621697481866715
-0.0977718848399621
-0.108631142795629
-0.0873824166525362
-0.0798115729048255
-0.0737436042951391
-0.0476699099440381
-0.0891598887684622
-0.109541199011986
-0.0658509148742839
-0.0801146745304046
-0.102788927899691
-0.0617075224615802
-0.119123798981389
-0.0888441849542357
-0.0907961259420887
-0.0669094307900869
-0.117423374560614
-0.0789525562109488
-0.0552737039601357
-0.0910421468910448
-0.0334400173932274
-0.103607482398542
-0.0936282245578439
-0.0947208068244418
-0.0791122095070131
-0.113582392038762
-0.112926779339269
-0.0823324941619185
-0.139985404740093
-0.0292092883141343
-0.0994949611664505
-0.0561479973533887
-0.104084147749898
-0.0959978823591738
-0.0902162847774788
-0.112811356091691
-0.109229934893655
-0.091116628381412
-0.0936755212382354
-0.0737015022612219
-0.0700505866097688
-0.084755443608561
-0.0856432865110397
-0.0590295611687081
-0.0942242437895184
-0.0888482494961072
-0.128676155130393
-0.0718477392371191
-0.0982260381079432
-0.110928828061398
-0.0723332241612631
-0.109126760194543
-0.100906154477024
-0.0814605509343026
-0.111512355251899
-0.0969731696417987
-0.0712951204075782
-0.0999478973349056
-0.157135516309838
-0.0860424294319309
-0.0694280379193666
-0.102314516541255
-0.0906126112241932
-0.111134984030987
-0.143314976712995
-0.0884908454821326
-0.0830688162006101
-0.0895278722038576
-0.0781993741589145
-0.0976837893015086
-0.134285843764667
-0.0702925435049009
-0.0861718013772174
-0.101473267489671
-0.083619930159586
-0.0714666531974256
-0.139479786058886
-0.0677906961746667
-0.0933075055792319
-0.0652579069296576
-0.0813843392644679
-0.10861601760422
-0.0909604586714967
-0.0515195584496508
-0.0979253865920763
-0.0597928033033109
-0.0631423948487363
-0.0752418539730934
-0.0718178901822769
-0.10368716276098
-0.0886652412013466
-0.107880985629868
-0.142143728374966
-0.0791988274615761
-0.0313985525704241
-0.114633647587668
-0.0876972324793339
-0.0710603002105196
-0.0905005964851222
-0.135829556772017
-0.103721577010572
-0.0667668354775085
-0.109829427570027
-0.072260473075681
-0.0757518570282637
-0.048251392296256
-0.120642926030196
-0.0611625642661867
-0.0511069383562585
-0.124174507634388
-0.110775563311278
-0.132995306262551
-0.153762219060788
-0.0925070090626798
-0.101122635908236
-0.0795792412142557
-0.0683681854974435
-0.130924905891965
-0.125336847678576
-0.0689240002501668
-0.0723520839402108
-0.102043634256982
-0.0328022397615426
-0.0277823158106625
-0.0779400521041581
-0.130578506535578
-0.116577786745251
-0.0786956119812779
-0.122807323794454
-0.100968003949258
-0.0771611189369606
-0.0976135545539286
-0.0711065566656095
-0.102611880623658
-0.115028749387587
-0.0646741274443186
-0.077636864219826
-0.0969414733285477
-0.0750615793655668
-0.122952833810741
-0.0870283542356151
-0.103960623546309
-0.12028875027317
-0.100094475207795
-0.105806678862527
-0.0879044482185928
-0.0862902856613042
-0.132915799214056
-0.137994815163149
-0.112466266197273
-0.0921638652925943
-0.0204819314964354
-0.0898218235145475
-0.0790097726163919
-0.0661605836432779
-0.0918681632841322
-0.047938751345767
-0.13335482862355
-0.0850450414789357
-0.0919148722047383
-0.0773494637506625
-0.0437450626484704
-0.126971386601139
-0.0904589640933364
-0.140335219887134
-0.0701064502255483
-0.0700226001361653
-0.0634362920714777
-0.113870010495797
-0.0643560052535608
-0.0474565018947632
-0.0928034180531617
-0.0950568322495242
-0.0963189752810128
-0.0753587102979244
-0.0416412172529214
-0.137572063071431
-0.140324332043709
-0.116471850304886
-0.0570512161982338
-0.09273683066774
-0.124542110950235
-0.109121409924844
-0.0625147715045973
-0.0323326867083907
-0.0909453926837861
-0.154153061501167
-0.139634375823315
-0.0611301720123076
-0.129442303840064
-0.14295962360519
-0.163984261799346
-0.0978288793660629
-0.0429946034190925
-0.0423066978748134
-0.10678477517368
-0.107881221065641
-0.100009681762568
-0.11374843738264
-0.0810806116166329
-0.137425004639476
-0.202903395235739
-0.0609956875469166
-0.112088340374704
-0.0996748954237168
-0.0463496430057229
-0.0722349115961841
-0.0537776090857937
-0.0982698034021181
-0.116913994730047
-0.0782099296972549
-0.0926561218641604
-0.116523648128249
-0.0951238861112242
-0.091756990998923
-0.0962844240976524
-0.0836223189621626
-0.0618068627589187
-0.0879285678813144
-0.0655416938376502
-0.136654272002987
-0.063796291688942
-0.109297719708827
-0.0768274450472888
-0.0529822222939652
-0.0680595738856941
-0.087844177177786
-0.0477535364143535
-0.109038101594957
-0.0994496539889766
-0.10274258075664
-0.134197495027425
-0.0777472783573216
-0.117836893487932
-0.0419108488176529
-0.0841654113413274
-0.112731924190956
-0.119253272613964
-0.0517779686488949
-0.125249550456905
-0.06056733230565
-0.0628915638818645
-0.0813212127325837
-0.0660995110895361
-0.089466188922409
-0.0481517608500826
-0.106564701190887
-0.0793493449612679
-0.134452350330947
-0.115908434479015
-0.0861300297469076
-0.0922922970565823
-0.0686543410257627
-0.0855427165396241
-0.113285262331018
-0.0608824669244142
-0.113564832414339
-0.0666136910742171
-0.096347815332212
-0.0699134996445958
-0.0996569879939257
-0.101260904817354
-0.163732111854153
-0.0672668072288282
-0.0735592829259763
-0.0833357674276894
-0.105411330192866
-0.091543269963573
-0.0784135009212167
-0.0314812654868324
-0.107122048433054
-0.126038052059924
-0.0796637779636567
-0.0849974134506337
-0.0834784876468328
-0.0641760660979735
-0.110470324332576
-0.0838005584503278
-0.0551876982379836
-0.0794409852726741
-0.100680056691236
-0.03161747850515
-0.0753694934996206
-0.0741667216516025
-0.115227742260833
-0.0995301682713189
-0.0816699386496747
-0.110306684928374
-0.0931590165184529
-0.069025309467329
-0.144707801633184
-0.0704591086217863
-0.044620524374319
-0.103730703763123
-0.0975280333099296
-0.110029908445764
-0.10178825682578
-0.0936568305343822
-0.0933691134631528
-0.0502120256735187
-0.0550184514888051
-0.0634388903382458
-0.0434529951346918
-0.0806725152384764
-0.0492407974517419
-0.0877903382382615
-0.152704792260844
-0.0855889521420233
-0.109145016851276
-0.084318030175706
-0.082646601065294
-0.0600377005551156
-0.111515704903734
-0.0629930614958824
-0.125104126596713
-0.11522501405241
-0.0962107812534835
-0.0923564363812684
-0.112978005633731
-0.0471985371119191
-0.0767248493367471
-0.140789518776512
-0.110097919610707
-0.0753544832178809
-0.0549844062077811
-0.161014727377355
-0.103361823319625
-0.108905539396155
-0.018175764895425
-0.0961526234285231
-0.100783746898351
-0.14586204640802
-0.119630922835621
-0.0861553791608531
-0.0344630530326172
-0.0941575759284256
-0.053036920442737
-0.0821585745420198
-0.135155837696096
-0.104306376220365
-0.106212207951669
-0.0878337533001549
-0.0952497453363477
-0.171117523784463
-0.0309973348238852
-0.121872087443094
-0.0480362932180005
-0.0698652394355065
-0.105213779633417
-0.106284385457469
-0.105268592918242
-0.0479545220033786
-0.120260499864491
-0.0672440969793826
-0.0566541519830668
-0.080066746853286
-0.113835981211169
-0.0929811305171647
-0.106780753696479
-0.101623726249169
-0.0703242938522484
-0.0515985056032583
-0.106949244017576
-0.0949804799022475
-0.0733974557195044
-0.0975217203253693
-0.0986336753009539
-0.165839147351097
-0.104106460765384
-0.0369777571939492
-0.0904304329532293
-0.130471226218954
-0.0869663200302937
-0.0659098109837667
-0.130338494586942
-0.0811881296149357
-0.117416520486287
-0.112060940579088
-0.124784619105852
-0.120239988537578
-0.0553891089587441
-0.101174821642958
-0.0319438473477045
-0.0834579012340683
-0.063479437265435
-0.125290430141534
-0.120146997806422
-0.0975966224873521
-0.0870936566059353
-0.0943702769773241
-0.0995936211671646
-0.0997061847890502
-0.0615677840117061
-0.116037980259118
-0.0794411315459112
-0.0884958241738939
-0.114628731149994
-0.0783654808800409
-0.130204837556259
-0.132850405466494
-0.110803206571415
-0.106156609209042
-0.11132248537605
-0.122119779341753
-0.100142885045182
-0.113292171309334
-0.0518294570498098
-0.100209268203978
-0.0555858999690863
-0.0963363588851918
-0.119285782799073
-0.0691448529066457
-0.105068943616522
-0.109745506002703
-0.079489048322802
-0.07482722423678
-0.178304650997219
-0.105082701801932
-0.111675044769166
-0.0964614709389902
-0.109532743813921
-0.050464334065953
-0.0640286488708434
-0.0961680162424591
-0.0671486741767649
-0.109011101433795
-0.12744311675185
-0.0635206878576107
-0.0979637437212026
-0.0412749564372238
-0.0467342793413439
-0.124386055406569
-0.0598628426456949
-0.122844775954521
-0.0654556174617428
-0.11501816347451
-0.103968929797579
-0.0955220317277845
-0.0794697707508905
-0.0958288946561105
-0.0932880967675927
-0.0927933678346171
-0.131350607921776
-0.0941440135815743
-0.0544674542534999
-0.0973336518747421
-0.106020380875642
-0.0657537791597258
-0.135914762814112
-0.0752558239359026
-0.0495631429082519
-0.112866523590998
-0.101758658705069
-0.156551423419741
-0.0956387019347912
-0.15619951013277
-0.163601718902691
-0.0761881222258863
-0.141923010849417
-0.0880852180990684
-0.105473097820142
-0.103068417853133
-0.0926032484412278
-0.0382091008667604
-0.120873090166007
-0.1129126387868
-0.0842624631362217
-0.0985459874719454
-0.0969620479750868
-0.12144940648487
-0.110324808762549
-0.112802857526057
-0.102408180357925
-0.130073162790119
-0.0984394950768631
-0.0669667982980978
-0.0755260182802947
-0.105413061129424
-0.0912689140075242
-0.072911048258785
-0.0991111615782057
-0.0692224441186194
-0.124875468859446
-0.0952235259178056
-0.095915120525611
-0.126129472376743
-0.098276802281949
-0.0876500435494956
-0.0770763161408927
-0.0641240022620367
-0.157388104073251
-0.0741152450639817
-0.08534964106712
-0.0895217015608824
-0.128220946564355
-0.095011342449655
-0.0997428372511425
-0.0188126279742792
-0.0542724445112045
-0.0633396427148333
-0.130683078910045
-0.1353032415683
-0.0306920744445773
-0.126485668249434
-0.082580171451789
-0.0948208783714373
-0.0848399161410346
-0.0831319493634235
-0.107096204289294
-0.0932573343048349
-0.039034758313899
-0.0989850671705455
-0.0967235231913903
-0.140353489526126
-0.0978989698062881
-0.0876853092502634
-0.0806576486855239
-0.0907202060355883
-0.106812117759562
-0.0595767407032802
-0.0886579384023646
-0.073861089973183
-0.0957506656558205
-0.105689011899338
-0.125406124474943
-0.0753507431702684
-0.122026390971689
-0.0627101740434348
-0.110010873738078
-0.0981561840625571
-0.131649676376109
-0.150579915282255
-0.0652015856824433
-0.141862162647127
-0.0776764391920245
-0.131356427829243
-0.0969443214103377
-0.0886875493732616
-0.11489814794582
-0.121336458796438
-0.0796755609850103
-0.101317963120965
-0.0901106584225412
-0.106130135605988
-0.110360507095982
-0.070255202096296
-0.088147943801092
-0.112598103997166
-0.0894794386400348
-0.0998701146157124
-0.0768641113203676
-0.0479092068750124
-0.0790559932671416
-0.125487638586485
-0.0819917028598632
-0.0865916467671017
-0.0595246088161089
-0.0585727518927036
-0.107512459583013
-0.104046912290041
-0.13096833169301
-0.0809395773911373
-0.0856900661049221
-0.0895629615138088
-0.0615654158866102
-0.104781035123222
-0.0412527743113406
-0.0827549804031034
-0.127834314244311
-0.111367897671757
-0.0710838186240116
-0.104407856197054
-0.121051659425924
-0.0753904020018276
-0.073326467663456
-0.0717510602696517
-0.100616471779621
-0.0637493955170921
-0.0998158194848548
-0.043234243953734
-0.0831456728337335
-0.129975195828712
-0.0718169553239229
-0.079582356374584
-0.0508236740600643
-0.0546775221448465
-0.0873518641783595
-0.110263502175432
-0.0891187493129756
-0.121289811478973
-0.0850409496389543
-0.154781725523024
-0.0557334464257753
-0.0550831303693942
-0.142181296468465
-0.0874973868882103
-0.0940994649639739
-0.0846247492150581
-0.081370603460906
-0.0644447668643092
-0.125982230221963
-0.0770849584904774
-0.0990268126871241
-0.103644963901444
-0.0964310147548268
-0.085858575226925
-0.104091230143485
-0.0538464830618377
-0.0872222808702486
-0.0955449810016863
-0.0944697957011887
-0.0394125157520099
-0.0679614841173401
-0.0957775801182157
-0.103861605167023
-0.103426873284675
-0.139243176672214
-0.0875554628500416
-0.131384193706258
-0.114125492182718
-0.0768947319351625
-0.107773940875874
-0.132110315609483
-0.0611325136671833
-0.122928118343539
-0.116474590180229
-0.0648264394196608
-0.125604807128342
-0.10327830719296
-0.0938490235770401
-0.090090769036921
-0.0408288980947573
-0.075557460839269
-0.101928249159827
-0.0926308469051414
-0.0205096639672424
-0.0599100260414958
-0.103571105182964
-0.0912446831028203
-0.0986563298229643
-0.101978918033608
-0.0553165560075127
-0.11093278451261
-0.0447470253197487
-0.100050684538226
-0.078465627384908
-0.069902053903757
-0.128572304771113
-0.0848414854308173
-0.122398279562711
-0.0639488727114416
-0.101354977440073
-0.108568922471792
-0.058721460551985
-0.0781633188364168
-0.105000496903434
-0.135083159057067
-0.05321732194669
-0.11030086463101
-0.111214815129667
-0.0799737705911431
-0.0730150934728388
-0.107490619840312
-0.0571021204484929
-0.102448749993872
-0.0735848937282916
-0.0733797433452431
-0.0635206200390553
-0.081412060056425
-0.0985443860397629
-0.0719991325526993
-0.103573003288065
-0.0527043361252154
-0.084558693530243
-0.0867212540417812
-0.0672575385081114
-0.07947357410496
-0.0735333492468054
-0.121971302001231
-0.0361842408359367
-0.0903060466566295
-0.0738412549943109
-0.0677519517795331
-0.0965676486058768
-0.0971911892947799
-0.0668212975975347
-0.0712480989428894
-0.0897037860113433
-0.0878420450422306
-0.0587037119050248
-0.0792325908573332
-0.0892115479531763
-0.0629321626783607
-0.0712430810264173
-0.098081375828604
-0.1203051398436
-0.0934564250724253
-0.0786618312417079
-0.0758978653758048
-0.13555572908933
-0.0814334309488679
-0.100119309137609
-0.112385833564284
-0.144723670286191
-0.064984030070556
-0.0509822778959094
-0.10386985784827
-0.136267369180837
-0.130568486588008
-0.0968407542482966
-0.0916522676221081
-0.0825259828907086
-0.10279457792446
-0.0757069634141354
-0.0955091217525991
-0.0707817151979338
-0.0163539161976682
-0.145904904024351
-0.118371373300512
-0.0672215765005282
-0.136923543980951
-0.0769852595691159
-0.0936943669828101
-0.0886373711403329
-0.0691627910805221
-0.0998415009720479
-0.0521688825219817
-0.069596881524687
-0.100205295135945
-0.0964652154442569
-0.0644668683184437
-0.112651861240135
-0.10586622566011
-0.0826051337592664
-0.031243962933272
-0.0852080861474594
-0.0755593808950502
-0.0920230288731309
-0.0987481858211636
-0.121319093237428
-0.113633289291784
-0.13986526328371
-0.0774474829677514
-0.0911811303433573
-0.125515173994574
-0.0659649993136084
-0.0960407517927722
-0.0852168045321168
-0.131015935124563
-0.0806891043223078
-0.0725285889443058
-0.137986314163926
-0.0642645636658789
-0.0572210937081213
-0.118974559614521
-0.113065511828451
-0.0930364273740683
-0.0781996825386257
-0.100458235863129
