0.129978459463577
0.129737399063736
0.133881867007886
0.137683351473542
0.133540904159139
0.129212547546057
0.125824830623592
0.12513157790421
0.121394196396788
0.123953287331471
0.126675788366384
0.124591954468153
0.123346224038835
0.120402472401077
0.125277814490976
0.135497224868777
0.125259635211077
0.116779927934686
0.140486133660476
0.122807701139256
0.129104015757024
0.129689517327647
0.122574603188842
0.130788368537966
0.122768740701637
0.122130944868975
0.128379111044629
0.132749798453063
0.126975558599269
0.135896397527351
0.123691550499533
0.130253931495033
0.119365500338775
0.130968747986405
0.126607907533388
0.128962300544118
0.135326393734691
0.127503877814311
0.122753316114477
0.119757309550506
0.120671575617521
0.130142249277171
0.133789793237532
0.125675408221507
0.126389523664365
0.115489303418758
0.131442305168081
0.123242679156976
0.132827213270314
0.120625445999529
0.142559192198615
0.122760378477283
0.128796131335058
0.128395840101428
0.126685732759182
0.122025125825632
0.126552672137906
0.124312994022161
0.117847695792221
0.128524691209624
0.126401325432148
0.128470075322631
0.129312102805115
0.123483117646128
0.125396228168908
0.131118975299778
0.136465067049695
0.125063409579397
0.130930119113312
0.134967121650966
0.135692283967053
0.130358082900297
0.121585330188723
0.12325084586349
0.123418837812204
0.136073939863468
0.128722475075828
0.130718204360367
0.13060021769304
0.132729669960359
0.130918108231153
0.133141207544107
0.134751727114648
0.133970363965059
0.117821600016122
0.129104025982469
0.122148188866317
0.125872820671621
0.130173354112457
0.129204850795223
0.134166099672866
0.126400498174161
0.129908572680489
0.130775827394
0.132372382178294
0.130762290302551
0.12736033569324
0.134331231082563
0.135547476513397
0.126942812365288
0.123987588900446
0.128354428361178
0.131125648063964
0.129181266273853
0.135266140116328
0.136387084564586
0.12486478533807
0.123406425505127
0.129953136185539
0.128550165218853
0.140436440178979
0.131700599753901
0.130741415277954
0.136068653375855
0.122338512463104
0.144002111350892
0.133435531596858
0.115758844599758
0.130764210961154
0.129156171218694
0.120094790784261
0.12838497183129
0.130325338832973
0.125443425758524
0.141694595962813
0.132322484035126
0.11865311871738
0.12499898759446
0.12179364958677
0.123141887272849
0.129304115861063
0.124232861880114
0.13091577872101
0.130874417212302
0.131002624712209
0.125010876773769
0.135634712263562
0.129638820192615
0.134239668850921
0.126023771475534
0.123728960707147
0.127786229590933
0.124560821892248
0.12295945248946
0.113366339627488
0.127025211141492
0.143310791870514
0.13177875873734
0.120053401451964
0.125945357086547
0.126181658610539
0.123806455018542
0.137050386170996
0.127635655175785
0.133668095266653
0.124540007986897
0.138699410388177
0.131733877819249
0.127143745108034
0.12625232212496
0.130683258744047
0.128191044221246
0.131160376613035
0.125507234075513
0.122713893485864
0.126504391490939
0.133883256912689
0.116711687979799
0.127645745357618
0.132106207684088
0.127677408994597
0.117478968883699
0.126042321229946
0.128627442472536
0.127650824861243
0.128378656795395
0.129044634605747
0.129225744877806
0.127247212737463
0.131562175442703
0.129678608995559
0.133886337604136
0.122853682185843
0.123899295442256
0.12823775250799
0.131684499355906
0.132666779619083
0.142637077388058
0.113896885542444
0.122608563019152
0.130459459761365
0.137520980199911
0.124945949336449
0.13125955992104
0.134976913689512
0.13794006226831
0.128015336521986
0.118080377473921
0.115561537449107
0.11890008234291
0.123585213967828
0.139597021315713
0.124210938870714
0.128813920280134
0.124932173867085
0.133792942933794
0.130126868165156
0.137574954418087
0.121712305821719
0.120365175331328
0.136314881379953
0.124791970587641
0.137659536623623
0.127574780865925
0.13207924243934
0.13444095432401
0.134320916472517
0.134749926876515
0.130798386232519
0.118506488010328
0.129544809731995
0.130872002717038
0.125325278786023
0.134742646095078
0.130828521324649
0.120642423294239
0.128225886551857
0.127201344853846
0.138273557006162
0.1285989362107
0.122084961214833
0.129333496071524
0.127087052500491
0.131955504382427
0.135667176974206
0.115023260320201
0.129722563981984
0.129008152752183
0.127488438931405
0.125696782770312
0.124062853746164
0.13582660162514
0.124013121352838
0.129747728514062
0.11538694926135
0.127593706625086
0.128246013963561
0.125681240071882
0.132843870573272
0.122110101478097
0.133247346543492
0.121741816505867
0.122331530811086
0.128864818024091
0.121278136761634
0.129841849628127
0.127601032800802
0.126151886147811
0.132181157008415
0.125850878918421
0.123333485052771
0.1314216761356
0.128292947951864
0.121883038582182
0.128928686146288
0.118211199886385
0.127304739419886
0.126431320161571
0.121283695930498
0.144192607892525
0.133958969804783
0.129239885753431
0.135376298278339
0.120278761566299
0.136120343193666
0.13102856844609
0.123061803956413
0.124876502578949
0.116286931915684
0.131425957664425
0.129296673771542
0.142692443795371
0.122870341262978
0.129204725678082
0.136858126058684
0.117346619649452
0.134087189697254
0.124924034547892
0.130244084933319
0.132081263462571
0.132014230526885
0.123257235609116
0.125560125466006
0.125854855435896
0.1231082374684
0.119063823825058
0.124608231450938
0.127014606672336
0.123449527067891
0.130595376088838
0.13174035391738
0.128881534865504
0.129776810497379
0.117762791898465
0.128822835796579
0.121949025642267
0.125615449555671
0.126050194576954
0.118391534519523
0.129545656864231
0.115913503025095
0.131222423062754
0.13335700281494
0.126454830848298
0.131510881237944
0.132180525908512
0.125744075925511
0.12983303523095
0.130983714289676
0.131917909471822
0.136692622029425
0.134187229144646
0.117911345218083
0.137703467809815
0.116164594780591
0.135167343097925
0.127128271992508
0.130693207691137
0.130684509279019
0.12827908097067
0.132253276736275
0.126283000656033
0.132535240545474
0.121464579657506
0.135500729264255
0.132841329075278
0.111899819525378
0.127195652167805
0.132018873684133
0.127224349963528
0.132350415038161
0.129427170824618
0.132495260175279
0.125363646157424
0.130039168462965
0.128089170715136
0.131932683926956
0.130993366721623
0.120366840582752
0.126504705062183
0.130375254825686
0.115669296348751
0.127619393936758
0.127122086373582
0.128272474049606
0.140176270045218
0.131045153197119
0.133496001802038
0.124234768394681
0.136040429609507
0.120089374559575
0.117953867416289
0.134711807129705
0.129816617979181
0.119857051493015
0.119165867203053
0.125225641379687
0.127629264147997
0.133228332179314
0.12925719963116
0.124172533374183
0.13530395535684
0.130112174233649
0.13419423206547
0.129649932405732
0.131704489082139
0.128227396984559
0.131137415097172
0.140631126594763
0.125866818569968
0.130744879479219
0.122348834923543
0.117914440878974
0.126977604880423
0.119642340697011
0.129960630858125
0.13786024193644
0.136135429197218
0.123872053849428
0.126694786968524
0.126695728822235
0.127808354992048
0.135365065338014
0.129183275686457
0.130569897276925
0.126088961495986
0.132792000658766
0.122481906949657
0.1216380317226
0.115626798909337
0.128234665028875
0.120410158717695
0.129903534642102
0.131851613639559
0.120446788222397
0.127087679169054
0.133545945778044
0.130198111027574
0.131683214843415
0.126974045868749
0.130322930574859
0.130447500119772
0.120977039167978
0.124045041345001
0.132335495704204
0.12953808017979
0.127885125252784
0.122498354477641
0.118905106252425
0.137444520661196
0.128829541148478
0.136581797312306
0.13346945922011
0.125933250909419
0.119536026603873
0.134321182199197
0.120496925683313
0.138853675053745
0.123168015280986
0.119166514809795
0.128780729966443
0.138542976382424
0.125734413507812
0.132374945786162
0.133313361930453
0.138713182212964
0.136313921821065
0.137045212442705
0.125523889337164
0.128720416794106
0.129525935772755
0.119596554493353
0.117656429583343
0.128665236199916
0.119474793484251
0.135112651194714
0.124171909466631
0.118381456207266
0.126952945542298
0.127296068844692
0.131165084671912
0.121770612797514
0.125593832662621
0.12554970776875
0.120934452686222
0.117735358433218
0.124230875989416
0.126639991065561
0.131254765937298
0.128781104242782
0.129240731586324
0.129999045027376
0.126028455176819
0.129529643325718
0.133200654983948
0.13088566217914
0.129679522657355
0.121416576322602
0.128724253378738
0.129867680481669
0.133629246286918
0.124090313399876
0.129090632741672
0.122451076231582
0.127101585856707
0.134864360129977
0.129553367931476
0.131471080591642
0.129763822261803
0.139520829042784
0.129368158606761
0.125271030975607
0.132000399994213
0.127842078701056
0.122811156228345
0.123859164420281
0.1240116609067
0.118362361926439
0.119222595126876
0.133800548003629
0.118014235493196
0.122416421675535
0.12385637499369
0.128537870780848
0.131135334535851
0.132973964179339
0.125029039296186
0.133500259220597
0.129617415082051
0.126418712238135
0.125016180486575
0.130114096227803
0.131575211145054
0.127253513506747
0.132407358843097
0.128933130491978
0.127247665496745
0.124440930121614
0.131390033815544
0.127665137620668
0.128572206066787
0.139187888589915
0.130783071319146
0.126420831551354
0.115225151732777
0.126978452692998
0.128057549661042
0.142612859539887
0.144444419707054
0.135748981125134
0.131278769317581
0.124614182960919
0.139792401283297
0.134548374104939
0.126679936981474
0.123668704115389
0.126890565923049
0.121543965466724
0.135641407986302
0.12285429640797
0.132335095253738
0.13498976610853
0.124423254070729
0.122745871487882
0.132201342493102
0.137914818168162
0.127265169511569
0.134709103245096
0.12262654173883
0.122442428509867
0.130311964017495
0.132093417198217
0.135396181263697
0.1274893518982
0.133384118761483
0.126101938397292
0.132252620146215
0.124262176082796
0.129867512522039
0.123911525169408
0.116060194172413
0.124032750741064
0.126867491717542
0.138363653855272
0.118483960278154
0.126492834877164
0.13170148798302
0.137156292023363
0.125176735782343
0.116310974970367
0.125933191907741
0.131111737129245
0.127075921517413
0.127462733176459
0.121486926210181
0.124420042116783
0.116699815461166
0.121456327707224
0.124588776375007
0.128727726178859
0.130091276024687
0.126935062366921
0.134626534204397
0.128631595587692
0.131452109346468
0.142379058614607
0.129920635652092
0.132194927849432
0.128736598867808
0.136397789550559
0.12509211074583
0.123945712438148
0.125540232965107
0.134118991013591
0.122284243104567
0.132094476919534
0.124792992478799
0.127546207722734
0.131632409869139
0.124353784986443
0.12872889588771
0.128647700141652
0.136989427394305
0.124654573233943
0.118231548286695
0.121412317301887
0.130807825485811
0.129264393527968
0.133263355492179
0.114921237537472
0.128439595349153
0.120999932452665
0.127890993769095
0.127648576570041
0.127718781101748
0.129189125260849
0.12438201191129
0.130558793117811
0.125428556893385
0.12925452054375
0.129531022762056
0.123585839771098
0.129863994328667
0.12705485103097
0.130616805897782
0.135284100492709
0.127714743809585
0.131514021891414
0.131922431044833
0.128790298740653
0.114651808821025
0.131088095292233
0.122374499586749
0.129822482584319
0.128305683210714
0.130919115224067
0.136404743783788
0.125019072662706
0.13078190674437
0.131964887309338
0.121136438446196
0.125037020503968
0.126179886331718
0.13387465709325
0.129756692483493
0.13539739169854
0.132471731042698
0.130447988161603
0.119298992428824
0.113482878648339
0.12936135757111
0.126290204665027
0.128626955992588
0.13311163473676
0.126705041660406
0.134456460674757
0.125065494165422
0.125029624085806
0.129069746743935
0.134691348169164
0.136907420173331
0.119220938391154
0.133439766483727
0.128267134474972
0.121739757223233
0.119190633380554
0.128546906682158
0.13361257559463
0.126710174898413
0.133573816352157
0.132448002442729
0.135530198746962
0.121587917349237
0.118857351429815
0.131102332818161
0.133165615559042
0.124315717292232
0.140947489781441
0.129871446709633
0.13012065415949
0.134053874261132
0.136477199632153
0.12498520639593
0.124837805910903
0.135529314052026
0.140516469441028
0.121665384292471
0.127941674921628
0.119755139369155
0.122198638730584
0.130209304541377
0.125327585132571
0.138767562272836
0.128706691570816
0.127119025443721
0.141344471127353
0.139356338056632
0.135594526850565
0.128268389068719
0.138467141392673
0.134961442028008
0.135975860080846
0.121033500523517
0.119567546608739
0.132339803266852
0.127904724129773
0.127954652495156
0.131549387152538
0.121087667695209
0.124611295976443
0.125066916603879
0.13455590764953
0.124439435866575
0.134320899082524
0.129283153810139
0.12888878479217
0.137807504336343
0.142944524424235
0.12641027311013
0.126009653712911
0.130283891435315
0.133005236573451
0.127889736954011
0.117690433818013
0.134196744324147
0.118484931583144
0.12634522181667
0.116318451417363
0.12234313304718
0.130269869334695
0.131973915844233
0.13117119427442
0.119232888365222
0.121477935548905
0.127652615224296
0.120917530662076
0.126852014719776
0.126487266744004
0.12531471575323
0.125311352705803
0.129519702932509
0.138243945340272
0.129132813169138
0.121854438640519
0.127438960072276
0.133407422169354
0.119381847007916
0.1325795503495
0.12692006995963
0.129029149936098
0.129625630992116
0.134408216747576
0.129650634585782
0.138093576407546
0.129937241492867
0.129754250843818
0.136191828121454
0.120264471506307
0.129557281209633
0.122750486093874
0.137626420422957
0.130161841750666
0.131579491217951
0.129202797091897
0.122937326579474
0.1210642893238
0.127822942913247
0.141781097597721
0.134655919148667
0.125119273332857
0.13068963360967
0.123753847966133
0.134257992858977
0.127548134098382
0.120469212817653
0.127369522650859
0.130735382035817
0.11827059572383
0.12870011225357
0.127029366646986
0.13810156779683
0.128274402985024
0.127446553898759
0.129233043250116
0.127709060607584
0.133245136687543
0.126875730363436
0.124613936654399
0.125637011807692
0.124723619646187
0.123642085158694
0.124348124204054
0.129924161457406
0.12315562415635
0.127866616496554
0.126756801283582
0.131429984189622
0.126575565856916
0.119496540605796
0.12824990087382
0.137066397391358
0.120841266617542
0.134245279661353
0.12573418592977
0.131616859682842
0.128859198504277
0.130379586671262
0.127189861961967
0.113032209197366
0.128542109120477
0.127512387101736
0.122607577095575
0.125091643954016
0.131555735397537
0.122555681562907
0.129986126610625
0.122746201445502
0.129968868798713
0.128992986350147
0.126451006348742
0.119975177580925
0.125676313500583
0.129783341878296
0.125991567977566
0.124945965238188
0.126121911813453
0.137292789926177
0.138087679624406
0.120398947719408
0.130208316803427
0.128325569373325
0.12454256549836
0.119086880854129
0.133544367182909
0.12355589286047
0.135128259888267
0.124446395494449
0.12500767395053
0.132790729728635
0.127928935092738
0.119533790520128
0.117202072056091
0.118577616050284
0.128803192299061
0.141957945663864
0.127183934469112
0.131415533736823
0.137552542772395
0.125645936462843
0.127966353763859
0.126753942655473
0.119023615390048
0.126221071718585
0.120910586546522
0.121806033147162
0.117533074145326
0.124031145989249
0.12657543768602
0.131570860864996
0.126654142553312
0.127164701628696
0.124017334207367
0.126424258568937
0.130472467557477
0.119628126455415
0.131071166884127
0.125358192783796
0.125205283243756
0.127979528608464
0.128124420877223
0.124029223195693
0.134921009636122
0.127149074155156
0.122810793358709
0.12470552126514
0.121222348225455
0.13440710351985
0.129244574376109
0.12718268322483
0.126329301948565
0.128995924773414
0.127629346795164
0.132003664260906
0.112174282142434
0.129257229155254
0.1268823292436
0.124464498053193
0.126747672794856
0.135268749693206
0.1323862550876
0.120616178730408
0.127688885852103
0.124779944341823
0.116711768857776
0.122054528592614
0.137970649028531
0.120493220200877
0.128607720994095
0.123174353302746
0.131705577469723
0.128797332411199
0.127597268065556
0.145672773064313
0.124633061184775
0.12995924232969
0.128517819941154
0.121439544730383
0.127307052988814
0.129978567676611
0.121762711615899
0.118875312071464
0.120852910764519
0.133012785778371
0.130277126832174
0.12523293306248
0.12528399867854
0.130551651882324
0.125640962550895
0.133014290343335
0.129825100374377
0.133370890695522
0.116590175123758
0.132516144733811
0.136522113232378
0.138782167140652
0.128553987766474
0.124949489849214
0.131787444237045
0.124494192216195
0.133826796323153
0.13071452253539
0.125406964414353
0.128432258035049
0.123573871995784
0.124372625099528
0.131829585586453
0.129596784943578
0.124713339494499
0.138094000172967
0.136574801636994
0.13148184954808
0.133421813605559
0.131778900008543
0.122665059155356
0.116858300497916
0.133788432559128
0.139369177969339
0.130525548675461
0.125890145035205
0.123063712745445
0.121388932052781
0.130427774945148
0.126642884971718
0.130440256849631
0.127253911931945
0.128229408799948
0.136436133603043
0.128503105737258
0.12579742289146
0.121114546861196
0.137182847328549
0.130527480795596
0.121098975605671
0.12225518682674
0.135806847767727
0.113378380997766
0.135649623509351
0.113426840765024
0.119687527806503
0.122351489653975
0.12852383051926
0.133345173697704
0.129639051859038
0.129461220322843
0.124308691406034
0.135351841288976
0.121769791070363
0.132858143267215
0.134093238765943
0.126503056672355
0.125318830125892
0.131372028150194
0.12531247608993
0.127264979674362
0.130687303385573
0.14534575473089
0.132574325398713
0.123878943167346
0.131326858721489
0.134710308664164
0.132978239595439
0.128162085239531
0.125139569778573
0.128866628380292
0.133303042731256
0.124795582249596
0.127365559197303
0.1225174494758
0.115275324900971
0.120725853218549
0.126234312585497
0.129283140871044
0.119637483502739
0.140631912091745
0.131071687524975
0.12227653200798
0.131831345918428
0.124555893463218
0.132528873017288
0.123209360898437
