4.38672000066512e-06
4.27206833445153e-06
4.42658015289449e-06
4.46505245486443e-06
4.4923976309275e-06
4.34833981372333e-06
4.25759395289252e-06
4.25507268955528e-06
4.00587326448535e-06
4.21654101749847e-06
4.22560017656841e-06
4.2608922706712e-06
4.0941253639526e-06
3.97199918238147e-06
4.05597813802946e-06
4.49568651909834e-06
4.23387887454454e-06
3.95678185140382e-06
4.77057231208122e-06
4.25645007557837e-06
4.21614175903742e-06
4.35559628734366e-06
4.05976060455489e-06
4.31971334862493e-06
4.13726173692228e-06
4.09705260594095e-06
4.23930149012879e-06
4.62712892825537e-06
4.18620729730961e-06
4.47670846597233e-06
4.32072286539573e-06
4.24191889752324e-06
4.13486269173754e-06
4.35836879228227e-06
4.36999385991413e-06
4.41988498567188e-06
4.46604394888381e-06
4.34584057602909e-06
4.09707887530347e-06
3.92109940359184e-06
4.04170970358011e-06
4.28573625764841e-06
4.46296282226606e-06
4.14051187466071e-06
4.29403883068679e-06
3.97912458617288e-06
4.33421583891355e-06
4.16151233577222e-06
4.35737704657896e-06
3.94516279627184e-06
4.75499503562288e-06
4.1316371531192e-06
4.21433729804653e-06
4.38420605905119e-06
4.14948902268113e-06
4.02032868812928e-06
4.16485889110497e-06
4.25965575661148e-06
3.99426112747174e-06
4.26801913377268e-06
4.29765054334909e-06
4.35486637069279e-06
4.38195538590586e-06
4.12598260185098e-06
4.16852013337108e-06
4.38776607193295e-06
4.47172465032047e-06
4.13118384851315e-06
4.30491661547603e-06
4.58702795943685e-06
4.38571352922536e-06
4.33409552399963e-06
4.09930281236073e-06
4.13203773868139e-06
4.17058958506051e-06
4.52312816316715e-06
4.36796246323691e-06
4.37273398783971e-06
4.35689907311694e-06
4.48067673248525e-06
4.47668936235265e-06
4.38397613841897e-06
4.35529255122094e-06
4.46425297330603e-06
4.08900087530774e-06
4.40058837541627e-06
4.08254519161986e-06
4.23440721076683e-06
4.25535250177575e-06
4.40316984690217e-06
4.59144342336806e-06
4.28611322099102e-06
4.3608863184888e-06
4.34216537486435e-06
4.38410820471931e-06
4.32165155343888e-06
4.2585831328008e-06
4.53680720522011e-06
4.48288907310054e-06
4.34472395185607e-06
4.18569172032612e-06
4.39395128084331e-06
4.37656100126672e-06
4.30255626106323e-06
4.51445273092968e-06
4.62823678428377e-06
4.25892193929249e-06
4.30259436360068e-06
4.22088186986945e-06
4.27102687997473e-06
4.56714206734519e-06
4.25109243698468e-06
4.39846849536712e-06
4.57830575982221e-06
3.98639344833475e-06
4.78269042624189e-06
4.45119488888e-06
3.82110335953954e-06
4.24780423849343e-06
4.26938934351357e-06
3.98718867247247e-06
4.42908096360864e-06
4.29176467778647e-06
4.06624019516921e-06
4.61050066901196e-06
4.43517510563718e-06
4.00129340720552e-06
4.18351902554202e-06
4.0992827998364e-06
4.09452452158819e-06
4.46293260088465e-06
4.23535162067343e-06
4.4702394802343e-06
4.44439119022419e-06
4.36909554377443e-06
4.1897429012316e-06
4.30866542189251e-06
4.45956793995523e-06
4.30827327189337e-06
4.28180600080382e-06
4.12212589698215e-06
4.15451968170393e-06
4.11757519473923e-06
4.14770009898041e-06
3.78009445720347e-06
4.17724431104425e-06
4.67227201672342e-06
4.2057949865014e-06
4.07724358561808e-06
4.3878880816096e-06
4.30887913545473e-06
4.16786173338344e-06
4.56475783148969e-06
4.26369124087656e-06
4.5649188773016e-06
4.23406125710387e-06
4.69329625813067e-06
4.387519904035e-06
4.33817037455752e-06
4.29668277197333e-06
4.2236482699597e-06
4.36117434346835e-06
4.42784382366697e-06
4.27063580342821e-06
4.02767523209858e-06
4.20504614051917e-06
4.52817440716464e-06
3.96691647177546e-06
4.27844595597901e-06
4.40847805955052e-06
4.29959933410644e-06
3.98160864967232e-06
4.10038417247185e-06
4.35702636120596e-06
4.40384908814957e-06
4.45959257950358e-06
4.33016997305066e-06
4.19625068764059e-06
4.20352679035709e-06
4.37117558144056e-06
4.25586770365699e-06
4.46139929363153e-06
4.1494308553658e-06
4.13117915026038e-06
4.24680609518306e-06
4.44350382617658e-06
4.37555305727516e-06
4.68730803994396e-06
3.85702472237721e-06
4.10340692459304e-06
4.31864338779622e-06
4.57214197477596e-06
4.09351467480923e-06
4.40055058149772e-06
4.4998442567387e-06
4.54145718544245e-06
4.40693434772186e-06
4.01953924328002e-06
3.77296362735249e-06
3.96069533583274e-06
4.12068402472796e-06
4.46652348199178e-06
4.12779200152137e-06
4.28281560782152e-06
4.16078964067506e-06
4.37677720726168e-06
4.41183500224389e-06
4.46026420598778e-06
4.04209922336974e-06
4.06620281169409e-06
4.57200372770409e-06
4.2134999665383e-06
4.57511870269867e-06
4.16533847070786e-06
4.31090657668773e-06
4.54239221317583e-06
4.40253956882739e-06
4.55760792317435e-06
4.34061288387938e-06
4.04945559890393e-06
4.47921119693812e-06
4.36915336101445e-06
4.15359724849268e-06
4.54150006388172e-06
4.36521504617549e-06
3.96501387352845e-06
4.2323144542445e-06
4.11927325693269e-06
4.62246094087459e-06
4.15585886511768e-06
4.12720362445495e-06
4.34277257248e-06
4.25808882787343e-06
4.32837887599018e-06
4.55499544087012e-06
3.91129298095749e-06
4.26212649595621e-06
4.20711993663256e-06
4.24513547979848e-06
4.3822517799042e-06
4.22829252197956e-06
4.63599945366193e-06
4.1941854603705e-06
4.28063272771778e-06
3.88618902220043e-06
4.11892563432874e-06
4.32853069459769e-06
4.13160494109432e-06
4.54687571488938e-06
4.02554974374143e-06
4.38991996247998e-06
4.13728560932824e-06
4.15059042741685e-06
4.30002209420892e-06
4.02490860356325e-06
4.40644389060431e-06
4.16841703395838e-06
4.24213887936301e-06
4.40110480933457e-06
4.31794479578157e-06
4.05203899081327e-06
4.30932575214955e-06
4.35770112922877e-06
4.02105352548643e-06
4.31055194730763e-06
4.05525060085772e-06
4.14932405559178e-06
4.20880646974823e-06
4.13957932843571e-06
4.81257035205098e-06
4.49087585066693e-06
4.26824115555466e-06
4.51190911455137e-06
3.99402794895227e-06
4.51539915571569e-06
4.28587826444081e-06
4.18583189883522e-06
4.26715467587175e-06
3.84270678690051e-06
4.32634774225591e-06
4.26868742047455e-06
4.69896178036343e-06
4.11054668786975e-06
4.32488863306165e-06
4.68046302902992e-06
3.96456027278612e-06
4.5192893119565e-06
4.25276781233347e-06
4.34619864876753e-06
4.34179616243898e-06
4.37438216770824e-06
4.03027368340678e-06
4.30665012042886e-06
4.19457038043499e-06
4.03872271471914e-06
4.11015216368791e-06
4.1122668512069e-06
4.28614168372054e-06
3.99055063414527e-06
4.37744652986887e-06
4.40700173315793e-06
4.29108586881696e-06
4.42582727691575e-06
3.98448571575788e-06
4.31773757245503e-06
4.03736310822603e-06
4.31317823553466e-06
4.14727403978833e-06
4.09550538270947e-06
4.29886804636786e-06
3.97961004267798e-06
4.30914887955478e-06
4.36954335632735e-06
4.26277412017276e-06
4.27024956181138e-06
4.4184822332646e-06
4.28162161414375e-06
4.38186122860096e-06
4.41914105450404e-06
4.33392597845451e-06
4.46224050974941e-06
4.51550988725095e-06
4.07212275405701e-06
4.74821628081262e-06
3.93031703359165e-06
4.44952801485094e-06
4.1828056972317e-06
4.2538576400957e-06
4.40182001254265e-06
4.3563785137642e-06
4.27005294091606e-06
4.34255878345554e-06
4.46423377352101e-06
4.15710426516452e-06
4.48656877679607e-06
4.40596551512487e-06
3.75873260212324e-06
4.23539012290015e-06
4.41071478989696e-06
4.38684800762658e-06
4.45881733343295e-06
4.3323819054559e-06
4.44955944274377e-06
4.12994492871807e-06
4.36843352526228e-06
4.31617599284341e-06
4.29875651919089e-06
4.32977519694392e-06
3.92848224789664e-06
4.09759982659614e-06
4.31018243350028e-06
3.85712093609455e-06
4.26609775756009e-06
4.39559121747764e-06
4.29692685625201e-06
4.74861022256661e-06
4.43140347985819e-06
4.37953477243706e-06
4.14229627910809e-06
4.38458260374045e-06
4.01644594920494e-06
3.94558863233016e-06
4.46660803041028e-06
4.37058255939122e-06
3.99043818820133e-06
4.09005789845748e-06
4.19371308634686e-06
4.32321947933399e-06
4.4518308544097e-06
4.27686469914896e-06
4.13507310742754e-06
4.36152709796943e-06
4.19008933575627e-06
4.32128469300461e-06
4.29135082526211e-06
4.50358946130513e-06
4.24913392999139e-06
4.45477093272713e-06
4.55880586788251e-06
4.22517926738372e-06
4.3410223031656e-06
4.10958849421414e-06
4.03235159039241e-06
4.32002939133238e-06
4.01012092089801e-06
4.30818032977696e-06
4.63153236785579e-06
4.42937690586257e-06
4.2472045450259e-06
4.16375437744825e-06
4.27068801002689e-06
4.22389675123435e-06
4.50313317228892e-06
4.24007742327225e-06
4.33545959232453e-06
4.20585503549415e-06
4.26321311538114e-06
4.04961637761935e-06
4.03540524883243e-06
4.02073466064012e-06
4.33069383767009e-06
4.05276943711884e-06
4.30374598650516e-06
4.43762463533142e-06
4.04324523455242e-06
4.25694025537593e-06
4.35218526649853e-06
4.4078772106481e-06
4.43274953554363e-06
4.21935831604074e-06
4.37896267679349e-06
4.43640054855983e-06
4.12792074851352e-06
4.25554319577972e-06
4.27921116665805e-06
4.3678653373723e-06
4.35973405162323e-06
4.13303697696917e-06
3.92893714892239e-06
4.59670666997629e-06
4.18579262602822e-06
4.50649745313324e-06
4.4520256187663e-06
4.11054452773707e-06
4.17005963757971e-06
4.49476487925265e-06
4.12046093878335e-06
4.70595420620419e-06
4.22195204420508e-06
4.08900383991406e-06
4.38164765454794e-06
4.60871117870867e-06
4.13635815745063e-06
4.40211885093297e-06
4.48967270991925e-06
4.57448337855994e-06
4.50452790478082e-06
4.4449010033319e-06
4.33522445271855e-06
4.31321172228853e-06
4.39684810416666e-06
4.07915718243266e-06
4.07007575441899e-06
4.244274486029e-06
3.99768653666997e-06
4.50260323490314e-06
4.08749124520749e-06
3.94761632428724e-06
4.23395004328157e-06
4.23825200045575e-06
4.43769881697646e-06
4.06387292455754e-06
4.12627062160912e-06
4.24204815223065e-06
4.08717679794824e-06
3.95107032222729e-06
4.13478851319928e-06
4.23035524751481e-06
4.41340505812306e-06
4.28774847030439e-06
4.30856759833076e-06
4.31772106331433e-06
4.34453028378521e-06
4.22116334881643e-06
4.36760717004895e-06
4.29034271181474e-06
4.39259670294743e-06
3.93807659237754e-06
4.2080159826915e-06
4.41310584465817e-06
4.30114124386058e-06
4.20790339068076e-06
4.41267773670478e-06
4.13234321937565e-06
4.34654016523924e-06
4.45654382297738e-06
4.34971375695682e-06
4.25035302280588e-06
4.4207820505082e-06
4.58352164214922e-06
4.35688901777363e-06
4.10674560605936e-06
4.41098565828121e-06
4.33083411700324e-06
4.14037127719157e-06
4.09336338922799e-06
4.18559099358577e-06
3.94003719263049e-06
3.9644689881393e-06
4.37309186118569e-06
3.96802886527832e-06
4.07971929539631e-06
4.17699448584816e-06
4.2074408035921e-06
4.35019470071335e-06
4.38821475889627e-06
4.27761016739798e-06
4.47946339487656e-06
4.41868076865465e-06
4.24568704512349e-06
4.17784242163748e-06
4.34398065309605e-06
4.36748284394576e-06
4.29862690899454e-06
4.47390642944785e-06
4.29894419818388e-06
4.23322141152231e-06
4.22966993440018e-06
4.47568484888298e-06
4.10907252754281e-06
4.12554678821026e-06
4.56698271025375e-06
4.49942862664339e-06
4.19436840589531e-06
3.89120188622692e-06
4.19860679015369e-06
4.25188799550517e-06
4.73610514933575e-06
4.80307883542138e-06
4.51778201526106e-06
4.41948718655167e-06
4.25936061098076e-06
4.62035973860497e-06
4.35060487497183e-06
4.2429787147384e-06
4.1480765351184e-06
4.1543522466575e-06
4.08308260494554e-06
4.38887960176028e-06
4.07108774592253e-06
4.28671695068103e-06
4.45034701413745e-06
4.1919355829229e-06
4.10930436580644e-06
4.3523108551349e-06
4.56598248290946e-06
4.40094548257192e-06
4.50855885779319e-06
4.21115166019664e-06
4.12487494176234e-06
4.30540241544327e-06
4.39493542003342e-06
4.44794479813752e-06
4.36263703179552e-06
4.51650140687343e-06
4.3198253543581e-06
4.49826766726336e-06
4.22524132249331e-06
4.39752181401527e-06
4.12880776716161e-06
3.95507884996629e-06
4.25445419317563e-06
4.32482402985487e-06
4.52683872558108e-06
3.90366558717435e-06
4.19978713335413e-06
4.2956554252969e-06
4.56267576038e-06
4.17206746482601e-06
3.97681283778931e-06
4.3188038490393e-06
4.49871375302241e-06
4.17647677229989e-06
4.3718961698244e-06
4.10277395449898e-06
4.23093081990014e-06
3.94651810522394e-06
4.17558189192215e-06
4.18754501317221e-06
4.45096500951931e-06
4.26350527829078e-06
4.29114441897328e-06
4.40978708067383e-06
4.32735350726788e-06
4.42060578136587e-06
4.49107501675372e-06
4.47838563273763e-06
4.19819161606411e-06
4.19419589772631e-06
4.54299399485502e-06
4.07278569920939e-06
4.21093200037949e-06
4.19237933516094e-06
4.41527109057838e-06
4.18691890401664e-06
4.42557802658116e-06
4.21102341999937e-06
4.27198868504565e-06
4.47913176842905e-06
4.14978302252119e-06
4.25371584459071e-06
4.26130694848882e-06
4.50354893388775e-06
4.17430864844711e-06
3.90980532508483e-06
4.14049078652364e-06
4.44039105881578e-06
4.38463101262528e-06
4.54927079478477e-06
3.97890067704524e-06
4.25716254274538e-06
4.01508472192138e-06
4.19105611274894e-06
4.31480608823154e-06
4.32256909482557e-06
4.28554167247399e-06
4.16476607518005e-06
4.30650651744112e-06
4.14699523468695e-06
4.31260798128781e-06
4.32707261996857e-06
4.09583729821574e-06
4.43461574290742e-06
4.27742580408571e-06
4.21407894089973e-06
4.51048166794788e-06
4.16715584032502e-06
4.3836084283049e-06
4.44579910524852e-06
4.1662574015619e-06
3.96253379661491e-06
4.41087392094575e-06
3.98412364548318e-06
4.40538562385952e-06
4.28221059601397e-06
4.39749293664776e-06
4.4095170810098e-06
4.14002254711315e-06
4.2451058958828e-06
4.42508181831275e-06
4.07833877241141e-06
4.27981466814869e-06
4.23371522913181e-06
4.41939086023309e-06
4.29825731062093e-06
4.5190492931089e-06
4.36032894013684e-06
4.45434593619149e-06
4.0477768559681e-06
3.79040256958519e-06
4.3739250505791e-06
4.33317173185152e-06
4.38705685621829e-06
4.37254024524019e-06
4.21193330081733e-06
4.51163963295995e-06
4.22390407421309e-06
4.24267084057166e-06
4.27755473393799e-06
4.50694682650103e-06
4.62514889175535e-06
4.06441911747452e-06
4.47304888497237e-06
4.25210604432594e-06
4.0525174752863e-06
3.97648935728961e-06
4.36510356455135e-06
4.49433542039813e-06
4.12497043263428e-06
4.49509283473482e-06
4.36607021775475e-06
4.55581277153523e-06
4.09577439346881e-06
4.02401653647996e-06
4.28176152055891e-06
4.33042503583366e-06
4.23806452116551e-06
4.714535408165e-06
4.48344317604493e-06
4.17940490678792e-06
4.56090510787333e-06
4.37733465955853e-06
4.25311329988862e-06
4.32174358272176e-06
4.64253171084577e-06
4.55589068722656e-06
4.1645859363757e-06
4.30973637440106e-06
4.061827767326e-06
4.06387538430215e-06
4.32127398769308e-06
4.03621647314927e-06
4.68155481891149e-06
4.26918331537852e-06
4.25686484151632e-06
4.67606300279279e-06
4.73120807174394e-06
4.66423393767539e-06
4.24007405469982e-06
4.6604768766444e-06
4.56462918654176e-06
4.60671206247869e-06
4.11492373809278e-06
3.81524939093321e-06
4.40334183693945e-06
4.28349933466227e-06
4.2135662713033e-06
4.37792045255042e-06
4.16999665821057e-06
4.16604350901756e-06
4.12663468654154e-06
4.50055541445348e-06
4.3062603727248e-06
4.43566912759703e-06
4.31302670844839e-06
4.29464432078568e-06
4.69196616576831e-06
4.74737089412482e-06
4.24822000310383e-06
4.25279359142332e-06
4.39818951846349e-06
4.48625021366089e-06
4.14905004056215e-06
3.92981677918192e-06
4.40545082721565e-06
4.09089900666027e-06
4.08484468385652e-06
3.93199107290927e-06
4.07423430155072e-06
4.32935237103385e-06
4.36229853037158e-06
4.37132380575209e-06
3.99921414926796e-06
4.057389312833e-06
4.2252040163702e-06
4.02350722420764e-06
4.17482513269463e-06
4.14145629914166e-06
4.27752650180299e-06
4.20812608758369e-06
4.28186250517788e-06
4.69730973985694e-06
4.36769693605056e-06
4.06238379989621e-06
4.34981950859185e-06
4.47096923333193e-06
3.95641134933612e-06
4.38033058769485e-06
4.33588019104421e-06
4.34383818336562e-06
4.30597402518175e-06
4.52012351953614e-06
4.27494118009264e-06
4.53890991662551e-06
4.35361182212051e-06
4.28098330991985e-06
4.50921150056278e-06
4.13191451138368e-06
4.29672026518195e-06
4.15340194322083e-06
4.5186188905918e-06
4.30779778068145e-06
4.35541296929999e-06
4.38713067759263e-06
4.09906171595629e-06
4.11070898672041e-06
4.24766396772117e-06
4.57410497005844e-06
4.54256831474561e-06
4.19242907899336e-06
4.2280029606578e-06
4.14263464715089e-06
4.40864098703135e-06
4.43369551852356e-06
4.0198097654153e-06
4.34592034628379e-06
4.42917783764783e-06
3.97133861453738e-06
4.24386596253479e-06
4.23926839501197e-06
4.58705757806421e-06
4.27530842459896e-06
4.35092221917854e-06
4.35258706561378e-06
4.248597179025e-06
4.32957050534447e-06
4.19332607530175e-06
4.01626011446907e-06
4.23630354267754e-06
4.05272647375862e-06
4.24185972297001e-06
4.14580759293277e-06
4.33303072659251e-06
4.14656040184435e-06
4.35391558849534e-06
4.36112559443361e-06
4.26445616447546e-06
4.19174516856297e-06
3.99026966775153e-06
4.3221545951558e-06
4.50219426373965e-06
4.10704342035447e-06
4.4032966738968e-06
4.20490803477288e-06
4.47925160717257e-06
4.31428050174687e-06
4.3444109459309e-06
4.1047737155658e-06
3.77293489466537e-06
4.2717083336613e-06
4.2482848888589e-06
4.25524436245311e-06
4.15153047924466e-06
4.27452593562994e-06
4.1846241893283e-06
4.16773967359938e-06
4.17394113979441e-06
4.3755711683212e-06
4.16988573033334e-06
4.32738546662304e-06
3.98026441998214e-06
4.22623812637447e-06
4.41071269399335e-06
4.08180728962239e-06
4.21078014220623e-06
4.25115221400294e-06
4.55838291112423e-06
4.65599325345325e-06
4.08275041440944e-06
4.38243695277466e-06
4.19532610510136e-06
4.13242850231769e-06
4.07766624899746e-06
4.44485740474709e-06
4.13606968359519e-06
4.55523739053207e-06
4.13569766271896e-06
4.13251666798531e-06
4.40883857266037e-06
4.31576459463414e-06
4.01719555606765e-06
4.01661698337728e-06
4.0389574754588e-06
4.4130756874962e-06
4.65213297496487e-06
4.33278729197658e-06
4.25265072684096e-06
4.56752184663711e-06
4.3153486644687e-06
4.33774882760512e-06
4.20339992783988e-06
4.11364646652192e-06
4.14851579139735e-06
4.05176551434548e-06
4.13460215031708e-06
4.01150781793821e-06
4.26824133477615e-06
4.28929680131634e-06
4.3664536571604e-06
4.28548165599493e-06
4.26299126192873e-06
4.17819396880431e-06
4.31364322220105e-06
4.4401756015951e-06
4.06664027305694e-06
4.39907444443974e-06
4.24655980848813e-06
4.10740603379774e-06
4.38549162841182e-06
4.231167998481e-06
4.17599857824623e-06
4.40698904885903e-06
4.25164651261842e-06
4.08383320622937e-06
4.08484333787525e-06
4.11887102119936e-06
4.42046320041018e-06
4.22279943344131e-06
4.26082518812687e-06
4.21687452699366e-06
4.40150636891396e-06
4.25374707146308e-06
4.45065095125501e-06
3.79812219027519e-06
4.29559699581589e-06
4.27476267559922e-06
4.19473938552905e-06
4.22351695466585e-06
4.42448999608844e-06
4.44599940327854e-06
4.08724501221242e-06
4.33333142395314e-06
4.24179032453719e-06
3.8119345201835e-06
4.08891077764349e-06
4.53654259263309e-06
4.07989722767371e-06
4.30009916679137e-06
4.11568718497858e-06
4.50099876974319e-06
4.25821118474358e-06
4.30592420484379e-06
4.736997208497e-06
4.23118690705978e-06
4.44772484280817e-06
4.27197498757988e-06
4.05103211206914e-06
4.29618229068962e-06
4.34402270733497e-06
4.0773658699092e-06
4.00331119395182e-06
4.050495051781e-06
4.50035729688783e-06
4.38402389597561e-06
4.15150637378503e-06
4.18548941428168e-06
4.22345328739662e-06
4.21003682937665e-06
4.40470016640671e-06
4.34921800386255e-06
4.47515668460418e-06
3.96788253183983e-06
4.35887821477242e-06
4.56272504754608e-06
4.58912461869109e-06
4.42208828316177e-06
4.21881334270725e-06
4.46075381295569e-06
4.11871543450965e-06
4.50074119766698e-06
4.27727581689154e-06
4.11974429467853e-06
4.28049986817803e-06
4.15746647490003e-06
4.09446467970206e-06
4.39781594630897e-06
4.25491612989082e-06
4.24940691519243e-06
4.5913885204119e-06
4.51773290666339e-06
4.32771982649788e-06
4.56150274619374e-06
4.42064194030294e-06
4.06835461768635e-06
4.0533253355521e-06
4.47475670459019e-06
4.60042912501238e-06
4.33697748183311e-06
4.10031589447032e-06
4.11201639918506e-06
4.14618973226873e-06
4.44407703872768e-06
4.20231131673521e-06
4.34107122912321e-06
4.20315173914658e-06
4.23536665850871e-06
4.57798141391961e-06
4.35148713109041e-06
4.19005389402757e-06
4.03097836934699e-06
4.53278363964728e-06
4.37324671105155e-06
4.01746463127702e-06
4.06308918666362e-06
4.45203422836899e-06
3.78466184917875e-06
4.42377395856866e-06
3.83816374511319e-06
4.17965858543825e-06
4.11755765743731e-06
4.17868345277901e-06
4.5251126108219e-06
4.33077858988627e-06
4.27333507560661e-06
4.16077917058762e-06
4.39037713027229e-06
4.1252979789684e-06
4.47742781587968e-06
4.38395624801629e-06
4.23163163920371e-06
4.14387702401699e-06
4.3772236953611e-06
4.16539392418124e-06
4.2242469589845e-06
4.3177044406716e-06
4.86037154605387e-06
4.55299081412319e-06
4.19284084845305e-06
4.32824767026653e-06
4.38111723387893e-06
4.29335638864942e-06
4.39828639040364e-06
4.33395903330341e-06
4.35868349937279e-06
4.42896536625879e-06
4.03467911248612e-06
4.29864772950845e-06
4.14697026193661e-06
3.87376420342336e-06
3.97143242903063e-06
4.22032314618929e-06
4.42022909955689e-06
4.08752977644593e-06
4.59213845806984e-06
4.25634020192444e-06
4.01060919727499e-06
4.37565888515505e-06
4.27546123767017e-06
4.33141024005339e-06
4.08784290154087e-06
