0.0725990014652576
0.0774032794012844
0.106888434101575
0.0457810854467564
0.155474304406791
0.137892512264257
0.0571552821075262
0.0976335875184781
0.0470691360286615
0.0744083259360663
0.0530829391733352
0.100849616801439
0.0530829391733352
0.0742678405663615
0.0653842165698176
0.0458415371722488
0.0526719436525546
0.161852280233851
0.0460641591465809
0.0847518281984967
0.157800723193264
0.119081962072054
0.0938705134048989
0.136131763716627
0.0946599336891705
0.157800723193264
0.0739967757493003
0.117078514950433
0.0465655140027369
0.0653842165698176
0.0717816150943632
0.0500577555296827
0.0531131849677444
0.0762404569277527
0.0739967757493003
0.0531475763973129
0.0854461597866834
0.0491730239047937
0.0622879311174286
0.0489217326061595
0.0893033983279032
0.0516185379822304
0.0387319596714973
0.0508015658184582
0.0798757017037944
0.0675692729202583
0.0723195547791775
0.0576942852877808
0.151978949885649
0.127793976045207
0.0502801114690654
0.0910733307903291
0.0497999944292088
0.0823741481101004
0.0503505915627181
0.0704051891083464
0.0732005882895652
0.15526241208835
0.134468989480202
0.0756615344963272
0.0782415611072841
0.0451030125905242
0.0987466664647199
0.0977217443570676
0.0976168020309609
0.0756615344963272
0.0750446617871006
0.112737870679428
0.0756615344963272
0.07573159089684
0.0848213605696195
0.050177169773549
0.0576942852877808
0.0899803376197721
0.161852280233851
0.13968488829704
0.130648994494278
0.137635196401176
0.0781277721237892
0.140846439520771
0.0903915592724457
0.0546674028264713
0.127793976045207
0.0526912351501519
0.0961021830913559
0.0618015393960669
0.0746832923641627
0.134728300630581
0.075524020423835
0.0855454165316781
0.134728300630581
0.0787626132272632
0.0554485125206324
0.0741425513709701
0.0602587619342965
0.161351661157252
0.0831148756532255
0.0835073626043297
0.0656682838635059
0.0475022270777918
0.104119175908844
0.0427158765886874
0.127793976045207
0.0811942730886991
0.0516185379822304
0.137152090004246
0.137801311185736
0.13968488829704
0.0748840065366424
0.0742210744950957
0.0767339386702687
0.0510176311005548
0.0654879603963342
0.0653842165698176
0.0490570359645424
0.0938705134048989
0.136212894799781
0.0511728619378915
0.065051882766786
0.0422585703761442
0.0767056136606123
0.119081962072054
0.0767056136606123
0.0621883418052752
0.0766848117150766
0.0841893294364071
0.101914939643304
0.152306623162244
0.130648994494278
0.069191654690708
0.0517913906393543
0.136223376951545
0.0922839178701453
0.137695522112988
0.0621045288110108
0.0500169876444527
0.136223376951545
0.0805599165856197
0.0474013086659594
0.144864372948676
0.0587347773982475
0.0479637259619102
0.0448541540714882
0.0477433683387515
0.0499745048845414
0.119081962072054
0.091321148690871
0.0449136210237251
0.0485388940077519
0.0442393883832699
0.0777534140012797
0.0736699962657248
0.140778281050191
0.0769723829881385
0.0483237788512711
0.0674823894785721
0.0637347727078569
0.132669637926488
0.0932770285151873
0.137730936323423
0.0564830071582566
0.130190459103442
0.0678175781835264
0.0781390788006198
0.0690677927142459
0.0646068629407868
0.05444498164694
0.0450983158568475
0.0487005207343717
0.065051882766786
0.136223376951545
0.135937420806056
0.165595049125416
0.062544211195701
0.0819670835253409
0.0560695011514235
0.0612542037780941
0.0526912351501519
0.0791008259254684
0.0791149855112625
0.078169511416596
0.0725990014652576
0.0811942730886991
0.0742697688491072
0.0503505915627181
0.108185958686231
0.0438509399542496
0.134805275637592
0.0698417838104309
0.0794476904465515
0.0830065566616162
0.0484198808262628
0.0811942730886991
0.153803735611122
0.0736699962657248
0.051634658308492
0.0754909762692584
0.0510176311005548
0.0486187174542239
0.137635196401176
0.0488588495659951
0.0748840065366424
0.0460636930803495
0.0511728619378915
0.0728058721986974
0.0553461744657058
0.0451026207561974
0.0765885426751131
0.157953059615013
0.0502801114690654
0.152894474757854
0.0462820221623589
0.0596130861446171
0.0990725670259197
0.0718465786870999
0.0451800351952903
0.0654875290562154
0.0723868777253819
0.0742678405663615
0.0590491909137956
0.0624803295772072
0.060521055608654
0.0747283400716715
0.0480669292509179
0.0819670835253409
0.0478900082222162
0.13968488829704
0.0620675372002377
0.0469875809596694
0.0893033983279032
0.0611431630244458
0.0794476904465515
0.134805275637592
0.0810220063856573
0.137958933528176
0.0841893294364071
0.0610112316626292
0.0860638229345653
0.0730446933463075
0.0454398631435404
0.137892512264257
0.0811271141948228
0.0455907486543498
0.134728300630581
0.156537839933751
0.051930897320189
0.0783898812322897
0.0460457129749209
0.0821597162636298
0.0464653350686349
0.107997607513244
0.0767319775022136
0.0844230820693476
0.0590491909137956
0.137730936323423
0.0471778124498192
0.0851834265970418
0.0704051891083464
0.157239594287178
0.0732393680184786
0.134006241171829
0.136864370717307
0.0532893447548508
0.112409639470717
0.0470691360286615
0.0819996527461585
0.0819562638907879
0.0953064523747297
0.0732005882895652
0.0614596285988143
0.0767319775022136
0.0614946446869371
0.094916307304137
0.0621045288110108
0.0530829391733352
0.135993174604247
0.140646568040914
0.0542891472670833
0.0485035355968133
0.0501560821454122
0.0532893447548508
0.0470691360286615
0.127793976045207
0.137310182893802
0.0956692112511834
0.0666580472860379
0.0454398631435404
0.0518668163475703
0.0461161672692737
0.0830065566616162
0.0646156559858586
0.0854461597866834
0.0622379342527933
0.0779463812327222
0.066139232008025
0.0690677927142459
0.134728300630581
0.0893033983279032
0.140104839325793
0.137958933528176
0.0923598980776674
0.0730462648189929
0.0854461597866834
0.0613698585629253
0.0596130861446171
0.0722785587505174
0.0552305726951415
0.0693270908654123
0.0907895691052284
0.0976335875184781
0.0387319596714973
0.0622292752626439
0.0451026207561974
0.046371392543648
0.0494253610352116
0.0604169432339914
0.0472022704457493
0.0587347773982475
0.136864370717307
0.0476784213219753
0.0479837515267314
0.0641710603335141
0.0465586365400479
0.139437232002091
0.0522052739499268
0.0620894153417377
0.1339676798426
0.0535278423833815
0.0918029382300253
0.165595049125416
0.0748502547517809
0.0688791765928081
0.170767887757127
0.0675692729202583
0.137310182893802
0.0459782695435149
0.0452111026409306
0.0464142385764628
0.157800723193264
0.0900679787204742
0.0789447990713537
0.16173722977246
0.0746832923641627
0.0548415760544794
0.0896262455216804
0.0501506127036788
0.138565306426675
0.155455800945551
0.0781390788006198
0.0503505915627181
0.0722164693930022
0.0467414807497992
0.0625773614096955
0.0501964180548473
0.0765885426751131
0.0622379342527933
0.0920033109290588
0.0914193854564989
0.0461807383108886
0.0452160240939913
0.132138740504865
0.0693270908654123
0.0810220063856573
0.0910733307903291
0.0551365349073946
0.154540823962006
0.15252416862677
0.0463599826487101
0.069598311734694
0.0872376865276203
0.0615117547835151
0.0954151293200267
0.0795885589710832
0.0739967757493003
0.100849616801439
0.0573841915339901
0.0953038329569756
0.137310182893802
0.0549573903633088
0.0811326671796599
0.0675692729202583
0.073480589997966
0.0744083259360663
0.0705493064339819
0.0819562638907879
0.0754909762692584
0.0932770285151873
0.127381633456521
0.0894969349113204
0.0671574246760442
0.0610112316626292
0.126178034225792
0.169584916467327
0.0452111026409306
0.0777034777441306
0.0573841915339901
0.140846439520771
0.0671574246760442
0.0736699962657248
0.0497999944292088
0.0496312838720583
0.0868548887720023
0.0748539183745366
0.0781748112391497
0.0763029306073384
0.0458415371722488
0.0493341684068656
0.0762404569277527
0.0684909059879435
0.0751368995215554
0.072051533541545
0.0920033109290588
0.0900426156023711
0.139984229263878
0.0460641591465809
0.0874021750519897
0.136864370717307
0.0834715062444601
0.0756615344963272
0.0791137454205229
0.0513570561446256
0.0625827127949344
0.0474013086659594
0.0714416104846423
0.0906150522568269
0.0789447990713537
0.0829580366165131
0.0604807683955444
0.0616617767927895
0.136790552486807
0.0958666466999292
0.0500169876444527
0.0479837515267314
0.0890651621773496
0.0504817903793401
0.0457812354514381
0.0738851393640635
0.0596130861446171
0.0739693756914966
0.0749161319886729
0.0742210744950957
0.137635196401176
0.0640816894320855
0.0793203765040985
0.05444498164694
0.0753964365804657
0.0648540494978084
0.0518212281082202
0.0601577416993843
0.073455310479236
0.0796423179819482
0.0789447990713537
0.0465586365400479
0.0920884204084247
0.137913270649229
0.0857590715244064
0.0859813551368249
0.0999546760660186
0.0841661662607148
0.0688791765928081
0.0457717070693071
0.066139232008025
0.0472022704457493
0.0995446038722519
0.0718465786870999
0.0422585703761442
0.112409639470717
0.0976335875184781
0.0480669292509179
0.129776257310332
0.0765268005043512
0.0474284181664857
0.0730462648189929
0.0898998915943446
0.0947711779454242
0.0640816894320855
0.079220968962637
0.158824212637045
0.0665031034442133
0.0493341684068656
0.0751368995215554
0.0552305726951415
0.168865142349142
0.0548415760544794
0.0880606041663389
0.136212894799781
0.050177169773549
0.153681888467497
0.0742697688491072
0.0453275832594358
0.0465586365400479
0.062544211195701
0.070073515991127
0.0620894153417377
0.151978949885649
0.0771931821389451
0.0786861800727389
0.0484198808262628
0.0501964180548473
0.0620583139106032
0.131536938608831
0.0518336714372799
0.130648994494278
0.0805599165856197
0.0490570359645424
0.0699501232166656
0.0519042156150865
0.0511728619378915
0.0949657067150149
0.0495821812723911
0.0920033109290588
0.0789447990713537
0.0725990014652576
0.136223376951545
0.127793976045207
0.0620894153417377
0.070073515991127
0.0603412490184413
0.0526719436525546
0.0474365023355215
0.0641710603335141
0.0893033983279032
0.0739967757493003
0.0776151303319176
0.116384797668558
0.0871061588481163
0.137635196401176
0.137283954102055
0.139437232002091
0.0527128572873209
0.0622904014956192
0.0633852281369637
0.139437232002091
0.0460636930803495
0.0976335875184781
0.140778281050191
0.0621045288110108
0.0676908645666014
0.0779463812327222
0.138565306426675
0.0847518281984967
0.0736699962657248
0.0620532575638582
0.132736139823875
0.0619953931802458
0.0938705134048989
0.138565306426675
0.0819133486006515
0.0458752243372443
0.137695522112988
0.0465330031517351
0.0785186625551757
0.102494276308967
0.157800723193264
0.073455310479236
0.0747283400716715
0.0451026207561974
0.082895803273806
0.0516687395852098
0.0625773614096955
0.0613698585629253
0.109769415801125
0.115432234749882
0.0451026207561974
0.0622379342527933
0.0798757017037944
0.0719372269449984
0.0497999944292088
0.13968488829704
0.0478982876314793
0.0620138036657546
0.0793203765040985
0.072051533541545
0.0884194050010844
0.0801044545887852
0.113316285785485
0.135937420806056
0.119081962072054
0.0782415611072841
0.072051533541545
0.0970860994211358
0.0526719436525546
0.135937420806056
0.136223376951545
0.1535971462795
0.0822494402890861
0.0586830931398892
0.046728906860257
0.165595049125416
0.0542891472670833
0.139984229263878
0.0451030125905242
0.0749161319886729
0.0451030125905242
0.0498189265715659
0.117078514950433
0.0760946165890362
0.0884200798326651
0.0767339386702687
0.0428128962454104
0.13824310509164
0.0774032794012844
0.136212894799781
0.0586830931398892
0.0732393680184786
0.0751368995215554
0.127793976045207
0.13824310509164
0.130648994494278
0.0885012852561704
0.0502801114690654
0.072051533541545
0.0625773614096955
0.114794694193699
0.0502848486757701
0.0620894153417377
0.0791137454205229
0.0491730239047937
0.0976335875184781
0.0684909059879435
0.0452111026409306
0.0458415371722488
0.0585201150029966
0.0682779769677582
0.13824310509164
0.0708002843769716
0.0790259633150381
0.0477005882493847
0.0625773614096955
0.0458415371722488
0.0630988158907043
0.0493737042455995
0.0914193854564989
0.0654875290562154
0.0846766013528835
0.114794694193699
0.142629270648741
0.13968488829704
0.069598311734694
0.0478900082222162
0.0681038728616166
0.140846439520771
0.0718465786870999
0.0837569309735371
0.134609495268664
0.066139232008025
0.10297915945846
0.137635196401176
0.0666055623119797
0.0946599336891705
0.062163836733552
0.0453275832594358
0.0898998915943446
0.0739298489175887
0.073455310479236
0.0811942730886991
0.0903915592724457
0.0688791765928081
0.0474969929969175
0.0620675372002377
0.0746832923641627
0.134609495268664
0.0763029306073384
0.0519042156150865
0.136223376951545
0.075524020423835
0.0615117547835151
0.157239594287178
0.0811326671796599
0.0518668163475703
0.0450983158568475
0.0749582370848694
0.074494042090545
0.169209495895739
0.0518336714372799
0.0682482375769438
0.0622879311174286
0.0645327879030722
0.132138740504865
0.0777534140012797
0.0624349994647222
0.0803618628493378
0.139909548305343
0.0502801114690654
0.0705493064339819
0.0956692112511834
0.0756615344963272
0.129776257310332
0.0758794341123591
0.065051882766786
0.0508489774795471
0.137310182893802
0.0637116667703419
0.0451030125905242
0.0510080383814639
0.0461161672692737
0.137635196401176
0.136131763716627
0.0463916354905306
0.073455310479236
0.135879857659901
0.0451026207561974
0.134468989480202
0.0590491909137956
0.0474969929969175
0.0451026207561974
0.0453927849144984
0.131536938608831
0.0580512967941912
0.0549573903633088
0.0694845170942983
0.137695522112988
0.137310182893802
0.0994193266103691
0.15526241208835
0.0682779769677582
0.0587626251851578
0.0907895691052284
0.0478416498835688
0.046371392543648
0.0623390949179735
0.0609329368688212
0.0939744928142243
0.0969662260083205
0.0615117547835151
0.136212894799781
0.05444498164694
0.140219518072107
0.0949657067150149
0.0621045288110108
0.137913270649229
0.0795885589710832
0.0697636617462374
0.0920033109290588
0.137730936323423
0.0723195547791775
0.0777534140012797
0.058586414978678
0.0628629392246106
0.0471753312175206
0.0472844967709541
0.0553461744657058
0.119081962072054
0.145914064899193
0.109942085243853
0.0995446038722519
0.0603412490184413
0.0757697008721407
0.0653842165698176
0.0723167491706294
0.0999546760660186
0.0501964180548473
0.0822302132904562
0.116115145985435
0.0478982876314793
0.0484198808262628
0.069598311734694
0.0758794341123591
0.127793976045207
0.0479733081081763
0.0698417838104309
0.150926767053384
0.0722164693930022
0.0753964365804657
0.0573841915339901
0.135993174604247
0.168865142349142
0.0493341684068656
0.0912597404277381
0.0625773614096955
0.150241487892783
0.0614864460508427
0.0532669410305704
0.0722785587505174
0.0450983158568475
0.0865036307207486
0.0630988158907043
0.0746832923641627
0.0779463812327222
0.0742678405663615
0.0791149855112625
0.0503505915627181
0.0810220063856573
0.072051533541545
0.0586830931398892
0.140846439520771
0.0811942730886991
0.0653842165698176
0.160611732959796
0.0702077678698843
0.0682482375769438
0.0630988158907043
0.0779900612318245
0.0781277721237892
0.0454398631435404
0.0518336714372799
0.0621883418052752
0.0737007985152854
0.078169511416596
0.0857307790145219
0.0860638229345653
0.170767887757127
0.0622879311174286
0.0782415611072841
0.0783898812322897
0.04553328268858
0.0622879311174286
0.0790259633150381
0.0620583139106032
0.116115145985435
0.0477005882493847
0.0957792760601029
0.157953059615013
0.0626303744880859
0.0880574482545697
0.139909548305343
0.0477360739065555
0.0822302132904562
0.0722785587505174
0.0665656899312784
0.100928754644109
0.0646068629407868
0.150678515640823
0.0504301695746534
0.112409639470717
0.0503505915627181
0.0560695011514235
0.0831148756532255
0.0469875809596694
0.136223376951545
0.0450983158568475
0.0422585703761442
0.0474013086659594
0.0795885589710832
0.0622879311174286
0.0738851393640635
0.0775924722081199
0.119081962072054
0.094776101313253
0.0463544553897728
0.0555373861566575
0.0620138036657546
0.0643155839907805
0.0646068629407868
0.0732393680184786
0.0675692729202583
0.0898805849171658
0.0532893447548508
0.127793976045207
0.0820514406737293
0.0483073585429953
0.139984229263878
0.0995446038722519
0.0880606041663389
0.060521055608654
0.0614864460508427
0.102494276308967
0.13968488829704
0.0841661662607148
0.0686735159159177
0.0671574246760442
0.0747283400716715
0.157239594287178
0.0788876342131892
0.0454398631435404
0.0569289655743541
0.0675692729202583
0.137730936323423
0.131536938608831
0.0510176311005548
0.165595049125416
0.0609329368688212
0.0777534140012797
0.140870734416353
0.086795784925878
0.0859813551368249
0.119081962072054
0.0452111026409306
0.0694845170942983
0.0458752243372443
0.0977217443570676
0.0457725819997464
0.0701286422854343
0.073480589997966
0.0679007476724142
0.0530829391733352
0.0781390788006198
0.0646156559858586
0.0702077678698843
0.112409639470717
0.0779463812327222
0.0684488687265348
0.0723167491706294
0.0751733188171059
0.0479837515267314
0.0510176311005548
0.0746832923641627
0.063003748218197
0.0859813551368249
0.0457812354514381
0.0675692729202583
0.0518212281082202
0.0461161672692737
0.0500577555296827
0.0461807383108886
0.0518336714372799
0.0665088124519273
0.0643155839907805
0.14278014355635
0.0884200798326651
0.0679204104710593
0.15252416862677
0.154811914027403
0.0465297697786086
0.137283954102055
0.0739967757493003
0.0512081771288148
0.0907895691052284
0.0781497103099769
0.0484198808262628
0.0956692112511834
0.119081962072054
0.14975589490017
0.0851303113364531
0.0472022704457493
0.078169511416596
0.0807172766592248
0.119081962072054
0.0474284181664857
0.062163836733552
0.089543781748603
0.0518336714372799
0.0501942162371936
0.0887148488700398
0.0721196998513076
0.0772933886343534
0.0505287376653243
0.073455310479236
0.144864372948676
0.137892512264257
0.0504215442188783
0.0778689626766059
0.0485035355968133
0.0820514406737293
0.0803618628493378
0.137958933528176
0.0914129905172215
0.0478807806087981
0.0898942720615191
0.0527128572873209
0.0835073626043297
0.0465511265470128
0.0785186625551757
0.0734845920541164
0.0693270908654123
0.150678515640823
0.107463259447682
0.0512148609298901
0.0457406961712615
0.139437232002091
0.0748840065366424
0.0833585209935833
0.137730936323423
0.0841893294364071
0.135993174604247
0.0679007476724142
0.0694845170942983
0.0819670835253409
0.0949657067150149
0.0768337594088406
0.154540823962006
0.0749161319886729
0.0736699962657248
0.0726102345785695
0.0854461597866834
0.0738851393640635
0.137892512264257
0.0749161319886729
0.0695468089534865
0.0798757017037944
0.0755454447299356
0.0479637259619102
0.0745044426641405
0.0442393883832699
0.094916307304137
0.0625827127949344
0.0508489774795471
0.0880606041663389
0.0450983158568475
0.0610200451287177
0.0465491533591594
0.0501942162371936
0.0732393680184786
0.0946599336891705
0.069022663593854
0.074494042090545
0.0504817903793401
0.075524020423835
0.0485035355968133
0.0606930999093205
