5.34848453772903e-07
4.90326923874259e-07
4.27140175144023e-07
4.03693790299068e-07
5.84521511457066e-07
5.24302896128112e-07
8.7606219865188e-07
3.99382401251761e-07
3.7026175388813e-07
7.03648493108767e-07
3.99529025430105e-07
1.34288819028186e-06
8.47645188882915e-07
4.04731607633498e-07
5.88259775009321e-07
3.6177530049181e-07
3.66057378295253e-07
3.92014066810016e-07
5.24302896128112e-07
4.74930230533901e-07
4.80296998592168e-07
3.6177530049181e-07
4.45233240264502e-07
4.10398754793043e-07
5.24302896128112e-07
1.09697683102904e-06
3.63342929695975e-07
3.0786467186489e-07
5.52933559599044e-07
3.70667004147261e-07
3.75217014433319e-07
4.86699870309565e-07
2.93100694709467e-07
4.82476040559809e-07
4.79281046108546e-07
6.66795959004159e-07
4.92307177008694e-07
3.85276251222914e-07
5.34848453772903e-07
8.18121954479972e-07
4.30345528729954e-07
1.02709168521684e-06
6.23365057730849e-07
4.67509449704526e-07
5.16619911593785e-07
4.39960042519442e-07
4.34695969000667e-07
4.03062026906828e-07
7.68897197630436e-07
3.66453355357143e-07
4.0310711090573e-07
4.79281046108546e-07
3.89622513864144e-07
4.14177560055545e-07
6.27389603041279e-07
5.4215083072318e-07
4.31816906845897e-07
6.04715585825908e-07
3.89622513864144e-07
7.99712979292039e-07
6.85142965630771e-07
4.35628248693374e-07
5.98373240724925e-07
1.3530765941566e-06
4.8771455743815e-07
3.67181092140815e-07
4.79981616764189e-07
5.75259435383096e-07
8.18121954479972e-07
1.17069196251633e-06
3.75217014433319e-07
8.09177759500973e-07
3.78906109108634e-07
8.47645188882915e-07
4.30345528729954e-07
3.73637478034098e-07
3.75360148687789e-07
4.33813467866888e-07
8.07298652020906e-07
4.1968918896885e-07
4.87720738804841e-07
4.96865891687606e-07
3.92375010566414e-07
3.7026175388813e-07
6.14722250675426e-07
8.34222362080433e-07
4.67219548157683e-07
4.03019628682512e-07
7.29462874763504e-07
4.97158816844846e-07
6.87546424760808e-07
2.56784700704335e-07
6.26994032590909e-07
3.92871313541524e-07
6.612033973557e-07
5.11113981768541e-07
9.5828393285869e-07
5.36141533341892e-07
4.12356407106171e-07
4.62162438954436e-07
4.17192875668642e-07
3.97647335955642e-07
4.64711909237449e-07
6.05804339782884e-07
3.99682854174398e-07
8.18121954479972e-07
4.00771384263034e-07
3.81824223427558e-07
4.81020860015034e-07
5.64651429921382e-07
5.34310762666102e-07
4.33813467866888e-07
3.2449947402838e-07
1.62300497144736e-06
7.19151489083047e-07
5.84834109017828e-07
4.13639434624756e-07
4.34695969000667e-07
6.93015650870836e-07
8.37785769202007e-07
5.91536987154457e-07
3.7312394657375e-07
8.7606219865188e-07
7.66634517114396e-07
4.94305454647941e-07
4.10398754793043e-07
4.80285521927028e-07
3.78906109108634e-07
4.86610009637015e-07
1.09697683102904e-06
5.34310762666102e-07
4.91252577009007e-07
5.64829195996201e-07
1.3530765941566e-06
4.59983325257991e-07
1.34288819028186e-06
2.5805764149039e-07
8.37785769202007e-07
7.78926164859525e-07
4.67509449704526e-07
2.55221338339671e-07
4.58277823562233e-07
7.27909909684139e-07
1.19609680477896e-06
5.29726430066712e-07
5.56660371654613e-07
4.14177560055545e-07
3.67181092140815e-07
4.14177560055545e-07
5.23219524673561e-07
5.72679042412172e-07
7.07370881731535e-07
2.78318706091111e-07
6.37803018934004e-07
4.35628248693374e-07
6.66006918535087e-07
8.77491323730331e-07
4.64079297812353e-07
6.17198440644213e-07
7.41340117980473e-07
9.50712741399054e-07
3.69402053728454e-07
7.88024627376688e-07
5.15575883943671e-07
3.84901794414008e-07
6.26994032590909e-07
4.52858866645697e-07
3.77882442311721e-07
4.78013743186688e-07
3.7574404777067e-07
2.65421857958433e-07
8.98053775742675e-07
5.40105076338124e-07
4.74432303648745e-07
4.14177560055545e-07
5.72679042412172e-07
4.0338244277211e-07
3.83006669401859e-07
3.21699309415949e-07
3.73637478034098e-07
8.47645188882915e-07
1.60850537818242e-06
3.78906109108634e-07
2.58602199084113e-07
9.00468371969736e-07
9.34125600352316e-07
3.82413298925832e-07
3.65074091459176e-07
5.66669117491505e-07
6.79997920991837e-07
3.99382401251761e-07
4.35628248693374e-07
4.2143694820325e-07
4.64035570988197e-07
4.0420736205506e-07
1.17479522414676e-06
4.76258035496956e-07
3.77773692444848e-07
8.1408699212939e-07
7.29462874763504e-07
4.59983325257991e-07
3.69402053728454e-07
8.18121954479972e-07
5.9638357382082e-07
1.34091104197651e-06
4.04731607633498e-07
4.0420736205506e-07
5.69794583374852e-07
8.09679698243457e-07
4.30345528729954e-07
4.60203843028963e-07
4.10398754793043e-07
8.30143005210036e-07
6.39935089908767e-07
3.30322005905525e-07
7.8980834418845e-07
3.70355514936657e-07
4.64079297812353e-07
4.03514194246139e-07
4.80296998592168e-07
3.88972557223058e-07
2.92304742554077e-07
6.01145283479938e-07
3.70667004147261e-07
5.81933699532071e-07
6.0541769978572e-07
5.4059610060889e-07
1.62580991247639e-06
7.84541829977296e-07
3.68686540862607e-07
4.11983911564065e-07
7.87587653998621e-07
5.86911420101447e-07
5.54553967669287e-07
1.62300497144736e-06
3.04205434944085e-07
7.97595017205463e-07
6.49052502179758e-07
5.41343980509435e-07
5.29633355917339e-07
5.99711690084902e-07
4.27589828550304e-07
6.29098925388772e-07
6.04995773796437e-07
2.81673967688828e-07
3.5002930568901e-07
1.34288819028186e-06
4.86610009637015e-07
4.30294997034483e-07
4.4202845989672e-07
4.90326923874259e-07
3.88345559118774e-07
4.51175015425592e-07
5.94749474670809e-07
6.53124210826323e-07
4.10398754793043e-07
3.60862230249458e-07
3.73372876344857e-07
4.1162453476329e-07
6.17198440644213e-07
5.67184733426437e-07
4.39220992297034e-07
7.77826923470036e-07
6.20125756449596e-07
3.6177530049181e-07
4.53724463836639e-07
5.71858056668047e-07
8.2463601135364e-07
8.23387686014762e-07
2.64384875559253e-07
7.13844984287618e-07
4.79281046108546e-07
1.09697683102904e-06
7.29462874763504e-07
9.25495255912701e-07
4.37543734193045e-07
6.04995773796437e-07
6.1867923899466e-07
3.93460361563038e-07
3.89183935440619e-07
1.24988523446724e-06
7.81176078394103e-07
4.27589828550304e-07
4.3014181624216e-07
3.82731561340444e-07
5.16619911593785e-07
4.14520663774313e-07
3.86747557528245e-07
3.89183935440619e-07
5.97744107600054e-07
4.45233240264502e-07
6.88288086450825e-07
4.07214878056759e-07
4.57448884721441e-07
3.21698641837805e-07
8.09177759500973e-07
7.84541829977296e-07
4.10398754793043e-07
7.20896422424585e-07
4.11773925886856e-07
5.29633355917339e-07
4.10634832264596e-07
4.52858866645697e-07
7.84214932578517e-07
2.75645723896807e-07
3.79679251973605e-07
4.00055997795549e-07
5.84834109017828e-07
4.46325855906031e-07
6.05804339782884e-07
3.7200903324652e-07
3.97346102699339e-07
4.94305454647941e-07
1.17069196251633e-06
6.00783648055617e-07
3.81657840984649e-07
4.27535162042101e-07
3.9306230683764e-07
3.89622513864144e-07
5.1361792538691e-07
4.40081366066881e-07
5.08011355695016e-07
4.9475873941004e-07
7.74794422505877e-07
4.19699880654412e-07
5.40458406875044e-07
7.5523156167446e-07
4.74538055155445e-07
6.67729034202022e-07
5.88364775511351e-07
3.92375010566414e-07
3.7574404777067e-07
3.99682854174398e-07
3.04776445093197e-07
5.56660371654613e-07
6.23883285169182e-07
3.70667004147261e-07
3.2449947402838e-07
2.58602199084113e-07
3.73372876344857e-07
5.2110822050054e-07
7.80976721737185e-07
6.23883285169182e-07
9.97221252397713e-07
6.54048743935148e-07
6.37803018934004e-07
4.21041932468884e-07
2.50852985458849e-07
4.78785641200504e-07
9.66792759055154e-07
7.84036689716321e-07
6.39935089908767e-07
4.78013743186688e-07
2.65708562640129e-07
4.05111801089126e-07
4.13613484855824e-07
5.54727272302139e-07
4.81020860015034e-07
7.84001100726349e-07
3.79679251973605e-07
7.50938951854967e-07
3.75360148687789e-07
4.05854229633297e-07
4.28257316895697e-07
6.0437255985526e-07
4.40081366066881e-07
3.68760222718493e-07
3.56747973362857e-07
4.12356407106171e-07
8.77136813068032e-07
7.84036689716321e-07
4.9392248258039e-07
3.99682854174398e-07
9.64718231954369e-07
6.37803018934004e-07
7.03748978172651e-07
3.28797863870403e-07
3.60862230249458e-07
4.78013743186688e-07
5.25125033619108e-07
2.65708562640129e-07
5.94749474670809e-07
3.6177530049181e-07
4.45233240264502e-07
4.91252577009007e-07
6.27696113981965e-07
3.6219004139077e-07
3.81824223427558e-07
8.7606219865188e-07
4.15122517533826e-07
3.77773692444848e-07
6.84585305097489e-07
6.53124210826323e-07
5.75259435383096e-07
3.93488646687658e-07
1.09697683102904e-06
5.40105076338124e-07
5.55828289005102e-07
4.63522852409375e-07
4.27140175144023e-07
4.41963020749452e-07
8.30143005210036e-07
4.26938770160802e-07
5.54727272302139e-07
3.24679787969838e-07
5.24640536125101e-07
6.62308172418175e-07
9.06361658431962e-07
4.07494458624938e-07
4.47734573405405e-07
6.1867923899466e-07
7.89174608082774e-07
6.0541769978572e-07
2.89703034202632e-07
4.40472014204648e-07
3.68760222718493e-07
3.67653358963613e-07
9.62735308131344e-07
4.19699880654412e-07
4.0420736205506e-07
3.77773692444848e-07
4.30964159686258e-07
4.26308824818705e-07
3.99382401251761e-07
5.433728793002e-07
2.89514228162935e-07
4.27140175144023e-07
4.06799058375374e-07
6.16647928772412e-07
7.70321291453906e-07
3.78467816772649e-07
8.41078176730078e-07
1.24038367199481e-06
4.03019628682512e-07
4.74930230533901e-07
3.8876542148654e-07
6.23883285169182e-07
4.40081366066881e-07
1.18900004325469e-06
8.14717675500064e-07
4.30345528729954e-07
4.92307177008694e-07
4.39220992297034e-07
3.73372876344857e-07
4.10398754793043e-07
6.60637139159703e-07
3.25651846149232e-07
9.02162443851205e-07
5.54652634811265e-07
5.54652634811265e-07
3.8223911611115e-07
5.41343980509435e-07
2.81794295575263e-07
5.81963180053576e-07
2.50967254227297e-07
6.4063171461108e-07
9.97221252397713e-07
7.27909909684139e-07
4.10398754793043e-07
7.8980834418845e-07
2.83610999545081e-07
6.49052502179758e-07
7.04800320232909e-07
4.79281046108546e-07
8.00733124769369e-07
4.82476040559809e-07
4.79281046108546e-07
3.09149182371003e-07
7.70321291453906e-07
5.29518027492707e-07
8.05710870321812e-07
5.87163276816818e-07
7.77636998955946e-07
5.43433754184074e-07
8.47645188882915e-07
4.81408286832661e-07
6.77810605452721e-07
8.09177759500973e-07
8.18371357270318e-07
7.87252919365816e-07
5.54911331451564e-07
3.68760222718493e-07
3.04877164392846e-07
4.64035570988197e-07
4.0338244277211e-07
3.97205829714897e-07
5.9484917936775e-07
9.47993021509715e-07
6.30013588247005e-07
4.0580758744864e-07
5.2110822050054e-07
4.24528130596477e-07
4.74538055155445e-07
7.27616821083773e-07
8.93573903312182e-07
9.73294616074486e-07
4.3014181624216e-07
4.70870442632562e-07
5.9241506809739e-07
4.33813467866888e-07
8.47601100383411e-07
3.83849942694107e-07
6.19309365522735e-07
8.69665485602813e-07
5.9484917936775e-07
4.9475873941004e-07
3.84901794414008e-07
5.64651429921382e-07
3.99876589266557e-07
5.64651429921382e-07
2.56784700704335e-07
4.47734573405405e-07
7.06641176160634e-07
2.61963865911526e-07
3.99382401251761e-07
5.34848453772903e-07
3.24679787969838e-07
5.41343980509435e-07
8.01182399608991e-07
4.11983911564065e-07
8.05710870321812e-07
6.00510665959319e-07
4.92979869330074e-07
4.92307177008694e-07
4.11983911564065e-07
5.94749474670809e-07
3.90293214615634e-07
2.82288265261323e-07
5.84834109017828e-07
6.60637139159703e-07
1.17825503728648e-06
2.75645723896807e-07
8.18635074901313e-07
3.99382401251761e-07
5.40105076338124e-07
7.20415913945008e-07
3.98326425562563e-07
4.24528130596477e-07
7.27616821083773e-07
5.34310762666102e-07
1.19609680477896e-06
3.00525775125509e-07
3.70667004147261e-07
6.6556621344785e-07
4.06799058375374e-07
6.71973512116707e-07
7.25555792372289e-07
7.49480200921189e-07
3.7026175388813e-07
2.92267070602423e-07
4.27535162042101e-07
3.77882442311721e-07
4.00089621474912e-07
4.9475873941004e-07
5.5281461260119e-07
2.56223054355234e-07
7.89174608082774e-07
6.0541769978572e-07
3.3982893406132e-07
3.88345559118774e-07
4.08140380252497e-07
4.16767167091319e-07
4.78785641200504e-07
5.81933699532071e-07
4.03693790299068e-07
3.68760222718493e-07
3.89622513864144e-07
8.30223863479907e-07
3.81824223427558e-07
4.21041932468884e-07
3.9306230683764e-07
6.03037758406045e-07
8.47948763332378e-07
4.69592727423933e-07
3.44037705758971e-07
2.73062255491737e-07
4.74930230533901e-07
3.68760222718493e-07
9.04921366214137e-07
4.03062026906828e-07
5.79808130665443e-07
6.54048743935148e-07
3.7574404777067e-07
3.86674712040172e-07
2.61963865911526e-07
3.77882442311721e-07
8.1408699212939e-07
4.7970925607797e-07
1.62300497144736e-06
3.99876589266557e-07
6.11102582488119e-07
4.51175015425592e-07
4.05067247786402e-07
8.21284529810866e-07
2.94879512123272e-07
4.96865891687606e-07
4.1162453476329e-07
7.86828482399979e-07
3.83006669401859e-07
5.18696844140135e-07
5.35363518672303e-07
6.0244877819027e-07
4.48917484589862e-07
2.51566277049292e-07
4.96865891687606e-07
6.41637927807292e-07
6.70311854319834e-07
6.49570696801063e-07
7.84036689716321e-07
2.51006303535423e-07
5.40458406875044e-07
5.18696844140135e-07
5.69794583374852e-07
5.85936382772952e-07
9.06361658431962e-07
7.25555792372289e-07
4.39220992297034e-07
3.66517453401271e-07
4.03693790299068e-07
3.72089587421499e-07
4.30294997034483e-07
5.25690468499269e-07
1.19609680477896e-06
5.9887747296723e-07
4.0338244277211e-07
8.04997801385424e-07
4.86610009637015e-07
3.82731561340444e-07
6.85826219152609e-07
4.52858866645697e-07
9.86269173342679e-07
4.31115835562944e-07
5.49455234146885e-07
5.2110822050054e-07
4.46589850868765e-07
9.4680447123175e-07
5.24302896128112e-07
2.63637445570657e-07
4.7970925607797e-07
4.61473738390284e-07
4.14776130726369e-07
4.90326923874259e-07
2.73782845762211e-07
4.41991422994755e-07
3.77882442311721e-07
4.45233240264502e-07
3.67181092140815e-07
6.0009569987986e-07
6.11102582488119e-07
5.88364775511351e-07
3.77882442311721e-07
3.2449947402838e-07
6.54867043860365e-07
8.30223863479907e-07
3.76766092300349e-07
6.33783702118188e-07
7.33885089276118e-07
6.30013588247005e-07
4.9392248258039e-07
4.11773925886856e-07
7.40980349558718e-07
4.19699880654412e-07
3.67181092140815e-07
5.40458406875044e-07
4.74930230533901e-07
3.79545332058149e-07
6.98945303579535e-07
4.07798439595631e-07
3.98326425562563e-07
6.12749054835922e-07
3.97647335955642e-07
8.09448533148383e-07
4.08284873240976e-07
3.75360148687789e-07
8.47601100383411e-07
3.82413298925832e-07
5.41343980509435e-07
3.93488646687658e-07
4.52476722042404e-07
5.65629693546196e-07
2.55221338339671e-07
5.81963180053576e-07
3.93460361563038e-07
3.6177530049181e-07
3.97346102699339e-07
8.25546950458234e-07
5.433728793002e-07
4.78013743186688e-07
3.63779711978694e-07
3.56747973362857e-07
3.69402053728454e-07
8.78143846492137e-07
7.77895968271406e-07
4.10634832264596e-07
7.29462874763504e-07
7.13844984287618e-07
6.67729034202022e-07
6.93015650870836e-07
8.25546950458234e-07
3.84901794414008e-07
5.18696844140135e-07
3.49157470751584e-07
9.62735308131344e-07
4.74538055155445e-07
5.88147129727391e-07
3.62994627936819e-07
5.20295615518337e-07
6.00783648055617e-07
3.55340256819727e-07
4.13613484855824e-07
1.34091104197651e-06
3.90293214615634e-07
4.31696906965533e-07
3.55698448858087e-07
2.93100694709467e-07
8.47645188882915e-07
5.88259775009321e-07
4.61473738390284e-07
5.65629693546196e-07
3.48629083288256e-07
6.66006918535087e-07
7.81176078394103e-07
6.20125756449596e-07
4.70870442632562e-07
3.73637478034098e-07
3.73372876344857e-07
3.99682854174398e-07
4.70870442632562e-07
3.12756477523701e-07
5.75497364299437e-07
3.6177530049181e-07
6.9503340942835e-07
2.89865821448209e-07
3.99529025430105e-07
4.74538055155445e-07
4.86610009637015e-07
4.63406582171198e-07
4.74538055155445e-07
9.97221252397713e-07
8.84970667203921e-07
6.33490687374272e-07
3.24679787969838e-07
8.57015393291468e-07
3.83395405295402e-07
6.93015650870836e-07
5.84834109017828e-07
4.61473738390284e-07
3.97205829714897e-07
5.53906653613737e-07
5.40105076338124e-07
4.51417004047947e-07
7.87068267602782e-07
3.77882442311721e-07
9.52736115174022e-07
5.54652634811265e-07
8.18635074901313e-07
4.37477695739496e-07
8.18121954479972e-07
3.70355514936657e-07
4.31115835562944e-07
4.86699870309565e-07
5.64651429921382e-07
3.48629083288256e-07
3.83395405295402e-07
4.12356407106171e-07
6.53124210826323e-07
1.63074200248096e-06
2.70683319166613e-07
4.08127672155204e-07
6.66795959004159e-07
7.0255048388109e-07
6.3329746981251e-07
6.02096616172739e-07
6.23883285169182e-07
6.23883285169182e-07
3.99382401251761e-07
6.41944314408603e-07
3.6160191821369e-07
4.08075692014195e-07
4.0338244277211e-07
3.93488646687658e-07
4.12356407106171e-07
4.81020860015034e-07
4.74538055155445e-07
5.90072605767652e-07
4.67509449704526e-07
8.09177759500973e-07
7.36215322547249e-07
5.17974572446268e-07
4.74432303648745e-07
3.25774736769023e-07
4.78045246957309e-07
5.54553967669287e-07
2.72618204104533e-07
7.66634517114396e-07
4.07798439595631e-07
9.21201094117081e-07
2.72855042305669e-07
3.67181092140815e-07
4.33813467866888e-07
3.98326425562563e-07
4.40068427592933e-07
5.85003373186471e-07
8.1408699212939e-07
4.9392248258039e-07
3.97205829714897e-07
9.392886831115e-07
5.5413238393978e-07
7.0255048388109e-07
4.0580758744864e-07
3.83849942694107e-07
4.34695969000667e-07
7.59485875382042e-07
9.86269173342679e-07
6.39965769993074e-07
3.79545332058149e-07
4.35148054659995e-07
6.54048743935148e-07
4.10398754793043e-07
3.38129598607241e-07
4.79281046108546e-07
4.82744292695221e-07
6.14722250675426e-07
3.63779711978694e-07
3.04082619568538e-07
3.81824223427558e-07
7.45512250981356e-07
2.5805764149039e-07
3.73372876344857e-07
4.61140370862527e-07
3.64933115034914e-07
9.65264534130874e-07
4.61140370862527e-07
7.27278364884428e-07
8.09448533148383e-07
3.1253668018026e-07
5.91161089232751e-07
3.64325870002132e-07
3.97647335955642e-07
9.86546800096576e-07
2.74130456441054e-07
4.33813467866888e-07
4.14520663774313e-07
4.51417004047947e-07
1.17479522414676e-06
7.30550072167068e-07
4.59983325257991e-07
4.40081366066881e-07
4.67509449704526e-07
2.523177538549e-07
7.84001100726349e-07
9.34125600352316e-07
8.18121954479972e-07
3.73591477244417e-07
7.99712979292039e-07
4.35628248693374e-07
8.43986101829148e-07
4.08912545065102e-07
5.29518027492707e-07
8.21962302508325e-07
3.78906109108634e-07
1.10833390093422e-06
3.81824223427558e-07
8.85051913312878e-07
4.82476040559809e-07
3.04877164392846e-07
3.12076118937527e-07
4.26938770160802e-07
6.2086816708732e-07
3.48629083288256e-07
9.79998655211362e-07
4.10634832264596e-07
3.41287680323201e-07
7.7978947504276e-07
4.0338244277211e-07
4.45813189075552e-07
6.14722250675426e-07
3.86674712040172e-07
4.41963020749452e-07
6.72524384244312e-07
6.02096616172739e-07
3.75360148687789e-07
4.21041932468884e-07
5.9484917936775e-07
4.31007463024371e-07
4.30294997034483e-07
4.3014181624216e-07
4.40081366066881e-07
4.03062026906828e-07
3.79545332058149e-07
4.92307177008694e-07
3.84901794414008e-07
8.18371357270318e-07
1.34091104197651e-06
5.55828289005102e-07
3.55698448858087e-07
4.08127672155204e-07
5.7265786880951e-07
2.51572114632066e-07
4.4202845989672e-07
7.01195234767916e-07
4.05111801089126e-07
8.47645188882915e-07
4.64156346582369e-07
4.22106881448099e-07
7.22105072303087e-07
4.14177560055545e-07
4.58277823562233e-07
3.68686540862607e-07
2.65656580473805e-07
3.93460361563038e-07
6.54048743935148e-07
1.1682372236991e-06
6.40006048239074e-07
3.72089587421499e-07
3.9306230683764e-07
2.50967254227297e-07
3.79545332058149e-07
1.62300497144736e-06
4.40068427592933e-07
4.41963020749452e-07
6.81008390235084e-07
3.24679787969838e-07
5.25690468499269e-07
3.69402053728454e-07
4.0338244277211e-07
7.54811071806062e-07
5.85936382772952e-07
2.61410911175483e-07
6.49495358729721e-07
7.0255048388109e-07
1.55261128231888e-06
6.72806002994507e-07
4.82744292695221e-07
5.89511181719082e-07
1.17069196251633e-06
4.80285521927028e-07
4.82254628113986e-07
2.73062255491737e-07
8.21962302508325e-07
3.89183935440619e-07
3.66057378295253e-07
4.40472014204648e-07
7.89174608082774e-07
2.90725386724279e-07
4.12356407106171e-07
2.74023012995096e-07
4.69592727423933e-07
3.0786467186489e-07
8.01182399608991e-07
4.40472014204648e-07
3.91787788880361e-07
3.21983605590426e-07
5.25125033619108e-07
6.38599719761183e-07
4.16767167091319e-07
7.99712979292039e-07
4.03019628682512e-07
3.24679787969838e-07
4.35628248693374e-07
9.82503867483035e-07
4.40081366066881e-07
2.67526339899579e-07
7.20896422424585e-07
4.21041932468884e-07
7.87587653998621e-07
6.03037758406045e-07
4.91252577009007e-07
4.07342745605786e-07
3.99682854174398e-07
4.63522852409375e-07
2.6844110767689e-07
2.82288265261323e-07
4.5370434084051e-07
5.79644471548641e-07
3.68686540862607e-07
3.81657840984649e-07
4.27589828550304e-07
3.67552799352533e-07
4.81020860015034e-07
8.09679698243457e-07
8.57015393291468e-07
4.40472014204648e-07
3.5002930568901e-07
4.13639434624756e-07
4.45233240264502e-07
3.83395405295402e-07
6.6556621344785e-07
5.86911420101447e-07
3.75360148687789e-07
4.45813189075552e-07
9.04189496896283e-07
2.71329085200291e-07
4.81020860015034e-07
4.9475873941004e-07
9.62735308131344e-07
5.24302896128112e-07
5.35363518672303e-07
8.2091538653832e-07
8.47645188882915e-07
