0.130556897016015
0.139162071073539
0.117838071416314
0.118284862859406
0.120529698732891
0.190657051530262
0.129089934961367
0.108673891733117
0.141934504647261
0.151843378262506
0.145482339624863
0.173071126132188
0.094980845705893
0.147543071820636
0.200874846572281
0.172050335264357
0.138893716905599
0.11262761243966
0.190657051530262
0.139250166501296
0.178064114928034
0.172050335264357
0.130788903500062
0.172595469082451
0.190657051530262
0.222710042653251
0.118627505598578
0.101907782583364
0.128304233006538
0.125052745365704
0.116480511123685
0.137951697001223
0.101998881463061
0.127486644103404
0.12583456916903
0.228805648807835
0.180470151515352
0.111345836572138
0.130556897016015
0.0936783635067285
0.124477461206277
0.156087189374567
0.143037481660161
0.135041621648871
0.18868093959027
0.119063888187723
0.131272862640506
0.109714360726279
0.101088861224664
0.112955053705621
0.109304206963454
0.12583456916903
0.140429130503873
0.116781480393452
0.147893750582794
0.126662485813687
0.122735236581376
0.138887636329406
0.140429130503873
0.218209587937475
0.147205056763483
0.126965046250328
0.140344645406415
0.166504789002372
0.138937131600497
0.164914491260769
0.17495700489259
0.133487935417918
0.0936783635067285
0.182486130089104
0.116480511123685
0.0952590905575216
0.117598917018893
0.094980845705893
0.124477461206277
0.139172794207417
0.142828733206905
0.121034685152065
0.0916969255307254
0.152446107097861
0.140891454357582
0.180813521821127
0.144141875275809
0.141934504647261
0.206019804689917
0.161207901701194
0.137664258926067
0.10941268842165
0.1420309253602
0.157445574666928
0.160319759780717
0.103360456342959
0.14407097683943
0.144176553052208
0.126034129145286
0.18157458895717
0.168739780331878
0.141350166118853
0.10461550665622
0.15928379627738
0.119836173771616
0.115506446987214
0.135173223961298
0.129254169411832
0.107088451823807
0.0936783635067285
0.145813963436375
0.143975041998544
0.172523738016103
0.123032131812722
0.132179528409873
0.121034685152065
0.133199146714959
0.162554885890613
0.155838155703395
0.196148520285334
0.119934688364987
0.131272862640506
0.129652641715494
0.162402096263751
0.125025798989082
0.117197328997568
0.129089934961367
0.0850146990984986
0.181912574768163
0.172595469082451
0.177184512749303
0.117598917018893
0.128452524150771
0.222710042653251
0.132179528409873
0.178552819983526
0.146511610362276
0.166504789002372
0.126217843754613
0.173071126132188
0.1037233917375
0.162402096263751
0.146651177502626
0.135041621648871
0.101818694127925
0.134020453926156
0.126029636153916
0.112563499658914
0.135631634313765
0.116713766521995
0.116781480393452
0.164914491260769
0.116781480393452
0.132769102536569
0.148768963757145
0.110887531987764
0.102920517911001
0.149592318504345
0.126965046250328
0.225787062081587
0.117653503125194
0.138297542009268
0.210407858134197
0.156804954595051
0.1174783699124
0.139204118873732
0.143845195707527
0.186366484744032
0.116589305084528
0.14407097683943
0.126707411280088
0.121699367329998
0.177055551098321
0.124383298560881
0.101984131360949
0.134893161086458
0.193393456054754
0.137733427080416
0.116781480393452
0.148768963757145
0.120406576344212
0.141987999864608
0.108529851452112
0.139172794207417
0.094980845705893
0.192529149087318
0.117598917018893
0.10398827937031
0.114667996715857
0.100303449774445
0.115645052805396
0.111726919960516
0.131681750092602
0.226023133966257
0.108673891733117
0.126965046250328
0.125250358079932
0.164552684340161
0.113994356790989
0.108205799225355
0.137676693548868
0.12228170024772
0.0946269458776621
0.1420309253602
0.126217843754613
0.139204118873732
0.0936783635067285
0.204569612203243
0.174003908512896
0.147543071820636
0.113994356790989
0.131255146017526
0.0948535290682092
0.124477461206277
0.126119938658476
0.172595469082451
0.153062675777926
0.151041569285663
0.130032873556446
0.1792819104294
0.125669863984262
0.138297542009268
0.115676542990653
0.178064114928034
0.115290461431329
0.103167287703324
0.132251123348605
0.125052745365704
0.135718792731174
0.127461405634936
0.110554794641657
0.167086055899426
0.184740674615551
0.139435741204239
0.107873497161701
0.12908544870346
0.122603242558356
0.148772770235368
0.162554885890613
0.108302229688149
0.160349088518555
0.152959539928669
0.141603009949725
0.191156056552257
0.200720980610243
0.119606790812921
0.142334213152513
0.116177365310771
0.0999654124876786
0.11444930356317
0.173071126132188
0.128452524150771
0.1284652983988
0.158199918032283
0.139162071073539
0.142652932076563
0.125183551349011
0.152049440119797
0.150198028808709
0.172595469082451
0.112221087253115
0.117920925472093
0.122483266747547
0.210407858134197
0.148358708700372
0.114547795719265
0.124817505958041
0.125490686612501
0.172050335264357
0.16060241274045
0.143794750344723
0.163332776737128
0.189202037940176
0.102393429873325
0.127017161733847
0.12583456916903
0.222710042653251
0.1420309253602
0.145977779857674
0.131438820874168
0.116177365310771
0.214224511747984
0.144455153308307
0.142906433894315
0.164322539239904
0.127999880208087
0.119606790812921
0.153473556193249
0.116600128304362
0.18868093959027
0.122294550204478
0.116156258906935
0.142906433894315
0.146278234437074
0.130788903500062
0.149986483227353
0.150302174671551
0.132221865173828
0.10651947492829
0.0952590905575216
0.184740674615551
0.172595469082451
0.110656726890077
0.101138109455852
0.191156056552257
0.121242946008973
0.126707411280088
0.186837469371353
0.10321031293313
0.144356105746196
0.105411299363392
0.196148520285334
0.159012637641447
0.129254169411832
0.112944661191246
0.145160731407066
0.181912574768163
0.182486130089104
0.204921555144923
0.115256049455118
0.154238182781042
0.119627387077368
0.140429130503873
0.183934252227623
0.130115279634554
0.140408534905179
0.182841193215486
0.149323704523444
0.121043260977524
0.19246309794548
0.15214094019133
0.17177966719816
0.225649715336718
0.131352739818489
0.144141875275809
0.124383298560881
0.107088451823807
0.107945173609988
0.116713766521995
0.141805298335049
0.125052745365704
0.133199146714959
0.10398827937031
0.117920925472093
0.189843355813689
0.161134393379048
0.141805298335049
0.174945900343763
0.223920320650198
0.149592318504345
0.12674374252039
0.103007739813927
0.1774515622034
0.110042012290537
0.176200195019499
0.151041569285663
0.177055551098321
0.102241280815213
0.118115046756952
0.112940320065558
0.148910265659403
0.172523738016103
0.166670136526657
0.144356105746196
0.108667371059586
0.142828733206905
0.115871177152298
0.152294582174626
0.131272055921307
0.130115279634554
0.117777249108587
0.11316773854774
0.10461550665622
0.10985924646158
0.176200195019499
0.180216336945518
0.107088451823807
0.111696471705022
0.149592318504345
0.1443741906125
0.110201533095179
0.112221087253115
0.177055551098321
0.189375155488492
0.102241280815213
0.152049440119797
0.172050335264357
0.130788903500062
0.178552819983526
0.136525298034106
0.116955566894212
0.143975041998544
0.129089934961367
0.11970080894062
0.12228170024772
0.154876190389262
0.150198028808709
0.133487935417918
0.116034157000528
0.222710042653251
0.193393456054754
0.193240768632466
0.161744385577244
0.117838071416314
0.156234370167879
0.153062675777926
0.121618380994525
0.148910265659403
0.123814823558361
0.139208057338329
0.225554222218039
0.18050025235656
0.114579532523394
0.127308632795261
0.214224511747984
0.220753594273981
0.127461405634936
0.102486767774906
0.122071040647137
0.117777249108587
0.118379460875858
0.111167710893677
0.121043260977524
0.113994356790989
0.12228170024772
0.126633356418283
0.126544922791966
0.108673891733117
0.141986714340371
0.101230853182836
0.117838071416314
0.119913990164443
0.219201081866361
0.119445011645235
0.117539443971724
0.111341794798177
0.20629670356124
0.10941268842165
0.139250166501296
0.143081012295522
0.141805298335049
0.130115279634554
0.10774459990951
0.111852462125641
0.124477461206277
0.180470151515352
0.114547795719265
0.117920925472093
0.172595469082451
0.125644552246581
0.109730922126745
0.189189391411848
0.19110483500435
0.19110483500435
0.115624286070761
0.141603009949725
0.102599262273845
0.193328225128256
0.103810493336078
0.219410177962253
0.174945900343763
0.126029636153916
0.172595469082451
0.1792819104294
0.102225095197283
0.152959539928669
0.126353163529008
0.12583456916903
0.175906013654026
0.127486644103404
0.12583456916903
0.107291400931331
0.119445011645235
0.130345831458494
0.191671320178726
0.198954990272746
0.151282562397407
0.14578142725474
0.094980845705893
0.124872596951881
0.154640541488348
0.0952590905575216
0.181969757662933
0.196652897318568
0.131018489540175
0.117777249108587
0.108017428197177
0.164552684340161
0.120406576344212
0.117527034756741
0.116246180741917
0.20365692391349
0.144654536215068
0.147858143368463
0.189843355813689
0.126537227228006
0.17177966719816
0.137569957443808
0.161983775413722
0.186646284255355
0.153473556193249
0.137083139231723
0.123329318938455
0.121034685152065
0.0935739332980206
0.141561522826348
0.21608456331589
0.10098628817156
0.116246180741917
0.182841193215486
0.116589305084528
0.123032131812722
0.121050309510566
0.123032131812722
0.103360456342959
0.127308632795261
0.122818640681778
0.103426748206142
0.108673891733117
0.130556897016015
0.123814823558361
0.141603009949725
0.190755903580689
0.107873497161701
0.191671320178726
0.13829777665182
0.12914619710787
0.180470151515352
0.107873497161701
0.152049440119797
0.116813455936033
0.100700153077499
0.196148520285334
0.125644552246581
0.13347763159409
0.10321031293313
0.111481496063392
0.108673891733117
0.193393456054754
0.138711027278897
0.116535403722546
0.126537227228006
0.137569957443808
0.132179528409873
0.112563499658914
0.104830966633339
0.125052745365704
0.121430129951045
0.119913990164443
0.117941483579071
0.229281672775742
0.133176325874705
0.141934504647261
0.102677983600361
0.154238182781042
0.121699367329998
0.145950767021881
0.182841193215486
0.13604151013155
0.102572645293242
0.220753594273981
0.127461405634936
0.109487570997493
0.142652932076563
0.147407185245728
0.120858424435624
0.1774515622034
0.135718792731174
0.118284862859406
0.117777249108587
0.140429130503873
0.094478286798237
0.143975041998544
0.12674374252039
0.119627387077368
0.138319194086933
0.159796279555625
0.118585019856387
0.112249749312605
0.103436101702779
0.139250166501296
0.117777249108587
0.196972041462886
0.109714360726279
0.132745934482828
0.223920320650198
0.124383298560881
0.142328048892357
0.103426748206142
0.121699367329998
0.0946269458776621
0.176241668869777
0.162554885890613
0.121050309510566
0.202024137939357
0.125183551349011
0.119904225201625
0.0896108533853979
0.100658391352083
0.180813521821127
0.122483266747547
0.178705226132886
0.141987999864608
0.129738907839377
0.137960268675025
0.127034658781846
0.160664715542757
0.102848495647927
0.180813521821127
0.130562359605675
0.125240178566197
0.102768326342674
0.176200195019499
0.103119232440931
0.19246309794548
0.129738907839377
0.131255146017526
0.13108016905794
0.18050025235656
0.229281672775742
0.114547795719265
0.138742682327605
0.118284862859406
0.125639849681404
0.1284652983988
0.189512901512847
0.112563499658914
0.145022840929282
0.120406576344212
0.171921197069593
0.128452524150771
0.116600128304362
0.125806113519002
0.126707411280088
0.179832398292552
0.120998390004071
0.117885735829275
0.189843355813689
0.126556818516576
0.181541531257447
0.190657051530262
0.102731117536703
0.176241668869777
0.163723930478511
0.106806805212617
0.139162071073539
0.103309123721014
0.155914321538185
0.121699367329998
0.130788903500062
0.164914491260769
0.131968581613456
0.202024137939357
0.131352739818489
0.121699367329998
0.133199146714959
0.152478896710778
0.094478286798237
0.141944000463681
0.131357158849469
0.109873889365861
0.144654536215068
0.180216336945518
0.101138109455852
0.216650102374892
0.121043260977524
0.164914491260769
0.19246309794548
0.139250166501296
0.117419039606207
0.154289962887717
0.116595822049519
0.116535403722546
0.145626548485009
0.115506446987214
0.092944129848263
0.150074637737589
0.142828733206905
0.0935739332980206
0.115645052805396
0.141603009949725
0.116034157000528
0.131657472731008
0.120449623084207
0.101818694127925
0.193328225128256
0.144455153308307
0.172050335264357
0.145160731407066
0.0896559150623316
0.141986714340371
0.177055551098321
0.136519039523081
0.11316773854774
0.139204118873732
0.0958767953223464
0.121531964577986
0.121242946008973
0.1420309253602
0.127017161733847
0.225649715336718
0.129652641715494
0.0896559150623316
0.116589305084528
0.129738907839377
0.111803797380943
0.111167710893677
0.17177966719816
0.127697663061264
0.109750026234575
0.188614064758527
0.204921555144923
0.114613393502006
0.112940320065558
0.174003908512896
0.116813455936033
0.11743146082174
0.116026654516421
0.101998881463061
0.094980845705893
0.200874846572281
0.163723930478511
0.120449623084207
0.117830308766866
0.225787062081587
0.127999880208087
0.125490686612501
0.137083139231723
0.139172794207417
0.117920925472093
0.107088451823807
0.137083139231723
0.108142441688941
0.124331566309329
0.172050335264357
0.141579518334771
0.103414925370374
0.145482339624863
0.17177966719816
0.128452524150771
0.163372361786539
0.17177966719816
0.174945900343763
0.113211683382848
0.143749208543727
0.123814823558361
0.232941986908552
0.116163352675366
0.129652641715494
0.196148520285334
0.163723930478511
0.117527034756741
0.143669985988069
0.193393456054754
0.126385852524808
0.191754712953668
0.121699367329998
0.173368837106046
0.19110483500435
0.111481496063392
0.111922240866028
0.0936783635067285
0.125669863984262
0.120998390004071
0.137951697001223
0.123032131812722
0.117830308766866
0.116163352675366
0.10461550665622
0.150198028808709
0.180296508129908
0.10180129726414
0.113864290689338
0.228805648807835
0.152465108471071
0.129661526230298
0.131285629040951
0.141805298335049
0.141805298335049
0.108673891733117
0.132392811502954
0.118182694230425
0.148975728717789
0.120406576344212
0.116034157000528
0.10461550665622
0.172523738016103
0.17177966719816
0.123178208281514
0.135041621648871
0.0952590905575216
0.218396358896437
0.139396611831895
0.137733427080416
0.132701120090104
0.174890263573553
0.148772770235368
0.101711044547752
0.0850146990984986
0.116595822049519
0.133760875352711
0.102612060323686
0.164914491260769
0.121034685152065
0.116535403722546
0.125292577391489
0.13336516889343
0.0946269458776621
0.180216336945518
0.117527034756741
0.0936029046345463
0.144725367704073
0.152465108471071
0.147858143368463
0.141561522826348
0.131272862640506
0.1220660116613
0.179832398292552
0.148057896845528
0.117419039606207
0.129597643950298
0.223920320650198
0.172595469082451
0.10889840928013
0.12583456916903
0.126482438507778
0.206019804689917
0.136519039523081
0.103487168118487
0.143975041998544
0.12340125136439
0.1037233917375
0.117920925472093
0.167223771361912
0.112341072675374
0.157070117557157
0.167223771361912
0.156640667337722
0.092944129848263
0.108093595324
0.11507651052067
0.136705117498394
0.115506446987214
0.11130926707922
0.103144752011542
0.121034685152065
0.122294550204478
0.126385852524808
0.108205799225355
0.116412922128365
0.126217843754613
0.130115279634554
0.135041621648871
0.102465484626026
0.166670136526657
0.100303449774445
0.0936783635067285
0.11374169093337
0.218209587937475
0.126965046250328
0.110569038831888
0.112516570549488
0.130345831458494
0.112213031351326
0.117598917018893
0.171770376679265
0.143975041998544
0.0928031249740781
0.127486644103404
0.108017428197177
0.108383758979996
0.121618380994525
0.115011703782999
0.117830308766866
0.169390864502061
0.121242946008973
0.123319360781145
0.126805115470557
0.120406576344212
0.127725862536197
0.206019804689917
0.142328048892357
0.156234370167879
0.119980100244645
0.131285629040951
0.142828733206905
0.12674374252039
0.116246180741917
0.122708900813884
0.1284652983988
0.153473556193249
0.130115279634554
0.109714360726279
0.117419039606207
0.180470151515352
0.116589305084528
0.181969757662933
0.174003908512896
0.193240768632466
0.116026654516421
0.113864290689338
0.120708218272626
0.103373402319709
0.158199918032283
0.133523794203634
0.118115046756952
0.094980845705893
0.166858696140541
0.152942619186832
0.13131098442109
0.116781480393452
0.134020453926156
0.139435741204239
0.103011659989037
0.144455153308307
0.223920320650198
0.124570924235062
0.149126310734434
0.125639849681404
0.119627387077368
0.103810493336078
0.117419039606207
0.162554885890613
0.125292577391489
0.156234370167879
0.226642787378515
0.123814823558361
0.189512901512847
0.139204118873732
0.120406576344212
0.0832265686294216
0.13108016905794
0.102662152229058
0.221569908466667
0.152465108471071
0.136754196545347
0.121364124365749
0.126482438507778
0.125396148701025
0.182486130089104
0.177184512749303
0.175990040252292
0.103436101702779
0.112213031351326
0.142906433894315
0.138893716905599
0.122071040647137
0.220753594273981
0.103580273280285
0.10461550665622
0.103259973769689
0.118585019856387
0.101907782583364
0.190755903580689
0.122071040647137
0.119152291307015
0.108279576556975
0.189375155488492
0.214347813360577
0.120858424435624
0.218209587937475
0.10941268842165
0.123814823558361
0.126965046250328
0.111626799244188
0.130115279634554
0.102861602518756
0.110656726890077
0.12674374252039
0.12908544870346
0.138319194086933
0.178552819983526
0.119851008829746
0.107088451823807
0.161744385577244
0.102433229620786
0.100700153077499
0.126595034575673
0.138768561645469
0.139435741204239
0.115256049455118
0.119606790812921
0.117340846229577
0.172523738016103
0.0948535290682092
0.232941986908552
0.122071040647137
0.11444930356317
0.119934688364987
0.130788903500062
0.116163352675366
0.121430129951045
0.122603242558356
0.142828733206905
0.127725862536197
0.124518278277599
0.102890501184865
0.172523738016103
0.182841193215486
0.111167710893677
0.190657051530262
0.137960268675025
0.109096160352598
0.094980845705893
