2.78104725114351e-05
2.81394686841436e-05
2.77685350083036e-05
2.81749972002848e-05
2.47321929035956e-05
2.96391670211961e-05
2.49191257030563e-05
2.3481259323582e-05
2.81845648539794e-05
3.00547650568743e-05
2.80631573901397e-05
3.92206239022178e-05
4.0147970209538e-05
2.80483143717528e-05
3.03207082214017e-05
2.96508950490435e-05
2.85594009627924e-05
2.38524147581295e-05
2.96391670211961e-05
2.80797411214326e-05
2.93130022901398e-05
2.96508950490435e-05
2.81841497890123e-05
2.97192918125026e-05
2.96391670211961e-05
2.96023783597502e-05
2.34163234392213e-05
2.44431062821536e-05
2.78072357586576e-05
2.81360200264829e-05
2.37092693045946e-05
2.81507821777093e-05
2.45423465074408e-05
2.77169674548513e-05
2.76800017626629e-05
2.9255761933229e-05
2.94037470332139e-05
2.34579341220279e-05
2.78104725114351e-05
4.07092339884014e-05
2.81162284965975e-05
2.9106447510768e-05
2.22371127561583e-05
2.84335717570196e-05
2.9558540461157e-05
2.76029479313405e-05
2.77087804203504e-05
2.33656602564682e-05
2.97097328159031e-05
2.31231847839333e-05
2.34005976394862e-05
2.76800017626629e-05
2.8322077541205e-05
2.20740145554161e-05
2.98135946268519e-05
2.87607220119474e-05
2.76678265190973e-05
3.1005448974683e-05
2.8322077541205e-05
2.88543649174358e-05
2.51455931057127e-05
2.81151847600816e-05
2.5403257575009e-05
4.00626840704349e-05
2.81292271568789e-05
2.91403961560295e-05
2.99950771951282e-05
2.73121329032533e-05
4.07092339884014e-05
3.23660322836934e-05
2.37092693045946e-05
4.0656576702767e-05
2.82271412206562e-05
4.0147970209538e-05
2.81162284965975e-05
2.8746678294425e-05
2.82215262599983e-05
2.76322509059447e-05
3.99962891322439e-05
2.7877021185027e-05
2.809434510208e-05
2.94823234225755e-05
2.81431012187291e-05
2.81845648539794e-05
2.96118743005598e-05
2.76826203433933e-05
2.82395284472305e-05
2.35386395452054e-05
2.53769145642374e-05
2.75044925387136e-05
2.5287178683316e-05
2.41553275783699e-05
3.06530958566129e-05
2.80234873952546e-05
2.41659069304257e-05
2.95354105107858e-05
2.87948225165406e-05
2.68154130246912e-05
2.32849138078784e-05
2.80176989812328e-05
2.80721674281369e-05
2.85252357441529e-05
2.8336723045437e-05
2.60000353043349e-05
2.35346723706601e-05
4.07092339884014e-05
2.81717614045689e-05
2.82231448214686e-05
3.02707103248435e-05
2.64376264687306e-05
2.7734637988275e-05
2.76322509059447e-05
3.00919456640059e-05
3.92551444669767e-05
3.00429409050035e-05
3.02582126829349e-05
2.81430583341628e-05
2.77087804203504e-05
2.73598947709131e-05
2.62723649495899e-05
3.08765257806681e-05
2.35441822260366e-05
2.49191257030563e-05
3.05824099968477e-05
2.93707352752093e-05
2.97192918125026e-05
2.93316397809394e-05
2.82271412206562e-05
2.77737366127053e-05
2.96023783597502e-05
2.7734637988275e-05
2.93646718732344e-05
2.52162058184857e-05
4.00626840704349e-05
2.74843173551081e-05
3.92206239022178e-05
2.41793400489835e-05
2.62723649495899e-05
2.38166206264422e-05
2.84335717570196e-05
2.44453059727806e-05
2.80539666491658e-05
2.79143061031344e-05
4.11354146367793e-05
2.88306114182705e-05
1.90397232250538e-05
2.20740145554161e-05
2.91403961560295e-05
2.20740145554161e-05
2.79813585608328e-05
2.53756547846149e-05
2.53553093235053e-05
2.47164958852561e-05
2.4823882094219e-05
2.81151847600816e-05
2.93189308600321e-05
2.85054271989138e-05
2.79824817690948e-05
2.9567832135675e-05
3.01654345257952e-05
3.37586083806207e-05
2.87049010530913e-05
2.15286855700694e-05
2.9580984884255e-05
2.38880349006651e-05
3.06530958566129e-05
2.74199195223611e-05
2.83406579931463e-05
2.92889221622402e-05
2.81525519333612e-05
2.43787993536233e-05
2.51972513812512e-05
2.97139991328162e-05
2.82606109760101e-05
2.20740145554161e-05
2.53756547846149e-05
2.80756147190834e-05
2.83212155708447e-05
2.36123238894562e-05
2.8746678294425e-05
4.0147970209538e-05
3.62394962027861e-05
2.82271412206562e-05
2.41996940453778e-05
2.88856042545425e-05
4.08121719445219e-05
2.83635466619248e-05
2.31057596434788e-05
3.10005761559127e-05
2.86966420281942e-05
2.3481259323582e-05
2.81151847600816e-05
2.805496870781e-05
2.74614950283313e-05
2.83635448162158e-05
4.03852702818858e-05
2.82490753686912e-05
2.83677117933122e-05
4.03208670264365e-05
2.53769145642374e-05
2.74843173551081e-05
2.87049010530913e-05
4.07092339884014e-05
2.96563269413676e-05
3.91288720620611e-05
2.80483143717528e-05
2.83635448162158e-05
3.12013312501703e-05
4.00852527359402e-05
2.81162284965975e-05
2.75162413212152e-05
2.97192918125026e-05
3.11316712709663e-05
2.98598884741914e-05
2.99894973167534e-05
2.42668151979487e-05
2.80824892761146e-05
2.79824817690948e-05
2.09991549898064e-05
2.93130022901398e-05
2.32723009075102e-05
2.44028197771631e-05
3.08985268322045e-05
2.81360200264829e-05
3.08602031604189e-05
2.64154399149339e-05
1.88500707078535e-05
3.81806529930779e-05
2.38493781175354e-05
2.86270092745523e-05
2.31854259148981e-05
2.31472421300729e-05
2.66508493027628e-05
2.49680775551062e-05
3.92551444669767e-05
2.35655286416735e-05
2.61221134448554e-05
2.96775489624581e-05
2.59605532881846e-05
2.97362891511657e-05
3.02712111889691e-05
2.77568546833536e-05
3.08984653890511e-05
2.66931943869085e-05
2.44697280666877e-05
2.32383089095375e-05
3.92206239022178e-05
2.77737366127053e-05
2.79967506925497e-05
2.77401852900772e-05
2.81394686841436e-05
2.81207952427064e-05
2.73777019792535e-05
2.46535632273543e-05
3.00841266748229e-05
2.97192918125026e-05
2.29911114504612e-05
2.35592945125555e-05
2.15147487714828e-05
2.9567832135675e-05
2.52763266388365e-05
1.94547113411237e-05
2.33780288048173e-05
2.57374366710067e-05
2.96508950490435e-05
2.79611958194947e-05
2.15224436528775e-05
3.03978269401796e-05
2.44431576825595e-05
2.43608816094133e-05
2.54888138114891e-05
2.76800017626629e-05
2.96023783597502e-05
2.53769145642374e-05
2.70742596743557e-05
2.78280681966237e-05
2.66931943869085e-05
2.95175009409201e-05
2.81255241494346e-05
2.81117001218844e-05
3.95755181122312e-05
2.31460146736716e-05
2.77568546833536e-05
2.80318816876107e-05
2.83576724923014e-05
2.9558540461157e-05
2.76347315227585e-05
2.38540312855118e-05
2.81117001218844e-05
2.49890826688418e-05
2.81841497890123e-05
2.19586680132326e-05
2.78565096503249e-05
2.80694727129928e-05
2.37843778290254e-05
4.0656576702767e-05
2.38493781175354e-05
2.97192918125026e-05
2.15663945240797e-05
2.32974233459768e-05
2.97362891511657e-05
2.12462719490661e-05
2.74199195223611e-05
2.38107286692769e-05
2.46405204235816e-05
2.81198172465782e-05
2.36065477922657e-05
3.02582126829349e-05
2.78358887401146e-05
2.60000353043349e-05
2.31697996175236e-05
2.80624375843598e-05
2.93707352752093e-05
3.23660322836934e-05
3.02107851261636e-05
2.83198207462548e-05
2.79416581663515e-05
2.36602392187876e-05
2.8322077541205e-05
2.95678382205949e-05
2.80669199933861e-05
2.81800695049688e-05
2.93833947876831e-05
2.14907359422416e-05
2.77447062012033e-05
2.97656596795937e-05
3.02602910725102e-05
3.01752087194019e-05
2.91868470285152e-05
2.80963481080403e-05
2.81431012187291e-05
2.81525519333612e-05
2.35346723706601e-05
2.36653457000608e-05
1.90397232250538e-05
3.07717211293506e-05
2.81360200264829e-05
3.00919456640059e-05
2.41996940453778e-05
2.35592945125555e-05
2.97024844415235e-05
2.59433844658097e-05
3.07717211293506e-05
3.11603659620143e-05
2.92266656868439e-05
2.4823882094219e-05
2.79695917107093e-05
2.45149332805329e-05
2.93171709748169e-05
3.84993745533007e-05
2.39779648216961e-05
2.98598884741914e-05
2.92889221622402e-05
2.44158857449145e-05
2.27090538503249e-05
2.21308168387659e-05
2.52082744392456e-05
3.02707103248435e-05
2.53483835344047e-05
2.81198172465782e-05
2.36231759494913e-05
2.82215262599983e-05
2.33863051712154e-05
2.80620341245689e-05
2.62522561113805e-05
2.80669199933861e-05
2.34899858894056e-05
2.33262648599673e-05
2.32849138078784e-05
2.33052000703184e-05
2.39779648216961e-05
2.93984155974993e-05
2.35346723706601e-05
3.90355973061679e-05
2.4823882094219e-05
2.93934395077955e-05
2.34535643611425e-05
2.29911114504612e-05
2.92889221622402e-05
2.97602076095146e-05
2.44158857449145e-05
2.46535632273543e-05
2.96508950490435e-05
2.81841497890123e-05
2.93646718732344e-05
2.46100913684079e-05
2.35716083923887e-05
2.82231448214686e-05
2.49191257030563e-05
2.20743946616683e-05
2.83677117933122e-05
2.95102785795775e-05
3.00841266748229e-05
2.73121329032533e-05
2.85360822617322e-05
2.96023783597502e-05
2.97139991328162e-05
2.98238930955631e-05
2.80165296922532e-05
2.77685350083036e-05
2.8111290112005e-05
3.11316712709663e-05
2.76481304684646e-05
2.52082744392456e-05
2.47480378047438e-05
2.69101374632567e-05
2.86153703931702e-05
3.09554786632147e-05
2.32538653513021e-05
2.75901746806805e-05
2.95175009409201e-05
2.87543689947903e-05
2.64154399149339e-05
2.44030606103522e-05
2.75431111256771e-05
2.34899858894056e-05
2.34150237985027e-05
3.79668094219382e-05
2.77447062012033e-05
2.83635448162158e-05
2.83677117933122e-05
2.81155563706296e-05
2.8104528348149e-05
2.3481259323582e-05
2.66890160433923e-05
2.43973231968937e-05
2.77685350083036e-05
2.81813588395886e-05
2.92501620868312e-05
2.91286404361234e-05
2.37555028524696e-05
2.17814920595488e-05
2.85588950829188e-05
2.35386395452054e-05
2.80797411214326e-05
2.81300397927651e-05
3.07717211293506e-05
2.80669199933861e-05
3.45777223670572e-05
3.50028051402389e-05
2.81162284965975e-05
2.94037470332139e-05
1.94547113411237e-05
2.35592945125555e-05
2.97192918125026e-05
2.61506012677688e-05
2.36395200196583e-05
2.54183723435543e-05
2.97679107763596e-05
2.97679107763596e-05
2.83789978560359e-05
2.59605532881846e-05
2.42479648077287e-05
3.01662197313995e-05
2.45118402439278e-05
2.91353611691823e-05
3.11603659620143e-05
2.79143061031344e-05
2.97192918125026e-05
2.42668151979487e-05
2.42783471539362e-05
2.96775489624581e-05
2.72820402854232e-05
2.76800017626629e-05
2.53144037785354e-05
2.77169674548513e-05
2.76800017626629e-05
2.36991293280214e-05
2.91286404361234e-05
2.7775675613148e-05
2.57034291408524e-05
3.02975032108851e-05
2.65349210851086e-05
2.65872644785781e-05
4.0147970209538e-05
2.77204565273671e-05
2.53626416005606e-05
4.0656576702767e-05
2.76993940487107e-05
2.55639836529485e-05
2.78801046854515e-05
2.34899858894056e-05
2.36280371272861e-05
2.74614950283313e-05
2.80756147190834e-05
2.8409712218944e-05
1.91655421520609e-05
2.19067577724423e-05
3.01075577019814e-05
2.80591722461044e-05
2.97024844415235e-05
2.80091065407946e-05
3.01752087194019e-05
2.54402861801659e-05
2.59476283361777e-05
2.5621882316278e-05
2.80318816876107e-05
2.8377927591481e-05
2.79321469897184e-05
2.76322509059447e-05
2.7678141210047e-05
2.82132741664661e-05
2.90888067682981e-05
3.93583308931098e-05
1.91655421520609e-05
2.93833947876831e-05
2.38880349006651e-05
2.64376264687306e-05
2.18839139177306e-05
2.64376264687306e-05
2.41553275783699e-05
2.75901746806805e-05
2.54336746975232e-05
2.42417192408802e-05
2.3481259323582e-05
2.78104725114351e-05
2.47480378047438e-05
2.59605532881846e-05
2.42537163902557e-05
2.31854259148981e-05
2.57034291408524e-05
3.09354849055274e-05
2.76566844937841e-05
2.94037470332139e-05
2.31854259148981e-05
2.46535632273543e-05
2.84731912565217e-05
2.44904015940857e-05
3.02582126829349e-05
2.61506012677688e-05
3.80477509532993e-05
2.46405204235816e-05
2.48063806163474e-05
2.3481259323582e-05
2.97139991328162e-05
2.25324980946601e-05
2.83221623392652e-05
2.80091065407946e-05
2.54402861801659e-05
2.7734637988275e-05
4.11354146367793e-05
2.44402302577694e-05
2.81360200264829e-05
2.58044912678536e-05
2.81813588395886e-05
2.51473408052444e-05
2.84366901304925e-05
2.3104789574301e-05
2.81845648539794e-05
2.4453721470501e-05
2.79416581663515e-05
2.83406579931463e-05
2.80828906072187e-05
2.93833947876831e-05
2.76031767088367e-05
2.44263294741672e-05
2.87543689947903e-05
2.64154399149339e-05
2.30982396080747e-05
2.81207952427064e-05
2.80380708709888e-05
2.79534019886517e-05
2.93171709748169e-05
3.08602031604189e-05
2.81749972002848e-05
2.34899858894056e-05
2.8322077541205e-05
4.08624563962708e-05
2.82231448214686e-05
2.79695917107093e-05
2.36602392187876e-05
3.07018793275292e-05
2.804884901183e-05
1.88521052945264e-05
2.33408265477981e-05
2.46941181440773e-05
2.80797411214326e-05
2.34899858894056e-05
2.50849604360483e-05
2.33656602564682e-05
3.12760562485252e-05
2.92266656868439e-05
2.81525519333612e-05
2.82503893613441e-05
2.42417192408802e-05
2.83406579931463e-05
4.03208670264365e-05
2.93288844777839e-05
3.92551444669767e-05
2.18839139177306e-05
2.96071947419164e-05
2.73777019792535e-05
2.81552341009903e-05
4.06462473486381e-05
2.44340064087956e-05
2.94823234225755e-05
2.15147487714828e-05
2.46648830074576e-05
2.83212155708447e-05
2.78313162853948e-05
2.68970589975534e-05
3.06077253546436e-05
2.78263410368398e-05
2.43732961539645e-05
2.94823234225755e-05
2.93736167696064e-05
2.56357985544073e-05
2.34847205481907e-05
2.39779648216961e-05
2.43765940511541e-05
2.97656596795937e-05
2.78313162853948e-05
3.12013312501703e-05
3.13548139847142e-05
3.09554786632147e-05
2.84366901304925e-05
1.94547113411237e-05
2.85932002210535e-05
2.81749972002848e-05
2.81203429513355e-05
2.79967506925497e-05
2.97076969523335e-05
4.11354146367793e-05
2.5265037086902e-05
2.80756147190834e-05
2.42787653754338e-05
2.77737366127053e-05
2.83576724923014e-05
2.41400945831504e-05
2.74199195223611e-05
2.35332987837953e-05
2.76875727970035e-05
1.88609715444999e-05
2.97024844415235e-05
2.75792423316881e-05
2.37034504671465e-05
2.96391670211961e-05
2.43439099245717e-05
2.93288844777839e-05
2.76978047415483e-05
2.29876841765644e-05
2.81394686841436e-05
2.46771104035854e-05
2.77958085564859e-05
2.83406579931463e-05
2.81841497890123e-05
2.91403961560295e-05
1.78963955280655e-05
2.96071947419164e-05
2.80963481080403e-05
2.83406579931463e-05
3.00919456640059e-05
2.20097652521974e-05
4.08624563962708e-05
2.82903180668789e-05
2.98522154351574e-05
2.2046648202595e-05
3.01075577019814e-05
2.93984155974993e-05
2.32974233459768e-05
2.86682477310075e-05
2.77447062012033e-05
2.91403961560295e-05
2.97656596795937e-05
2.80797411214326e-05
2.37932744697932e-05
2.15252210590421e-05
2.2138485805503e-05
2.83221623392652e-05
2.46548765186638e-05
2.85252357441529e-05
4.01311657608277e-05
2.79468942336006e-05
2.82215262599983e-05
2.7678141210047e-05
2.83635466619248e-05
2.59605532881846e-05
2.85360822617322e-05
2.82456090703322e-05
2.65767387663357e-05
2.44453059727806e-05
3.01662197313995e-05
2.81255241494346e-05
2.96508950490435e-05
2.80624375843598e-05
4.08460676621161e-05
2.66890160433923e-05
2.92889221622402e-05
2.85098409212424e-05
2.33262648599673e-05
2.87049010530913e-05
2.69826882529171e-05
2.32128355657652e-05
2.12462719490661e-05
2.53769145642374e-05
2.54888138114891e-05
2.91868470285152e-05
2.73598947709131e-05
4.08460676621161e-05
2.38880349006651e-05
2.78313162853948e-05
2.32699210876495e-05
3.79668094219382e-05
3.01752087194019e-05
2.73814668142769e-05
2.33499243473972e-05
2.96328620570108e-05
3.02107851261636e-05
2.32846834898918e-05
2.21308168387659e-05
3.91288720620611e-05
2.84731912565217e-05
1.99322356264079e-05
2.36031166071024e-05
2.45423465074408e-05
4.0147970209538e-05
3.03207082214017e-05
2.76978047415483e-05
2.65767387663357e-05
2.35554073983584e-05
2.93189308600321e-05
2.31460146736716e-05
2.57374366710067e-05
2.8377927591481e-05
2.8746678294425e-05
2.35592945125555e-05
2.35346723706601e-05
2.8377927591481e-05
2.36504188422069e-05
2.6459751112994e-05
2.96508950490435e-05
2.40723172859103e-05
2.44035320188072e-05
2.80631573901397e-05
3.01752087194019e-05
2.77737366127053e-05
2.75284376719729e-05
3.01752087194019e-05
3.11603659620143e-05
3.34416219386505e-05
2.230813677553e-05
2.47480378047438e-05
2.77655485269034e-05
2.84335960012071e-05
2.73598947709131e-05
3.02582126829349e-05
2.76978047415483e-05
2.8409712218944e-05
2.59055107119693e-05
2.97139991328162e-05
2.73750381530896e-05
2.39546165385608e-05
2.83406579931463e-05
2.36118426769383e-05
2.97679107763596e-05
2.48063806163474e-05
1.94343866318988e-05
4.07092339884014e-05
2.80824892761146e-05
2.76875727970035e-05
2.81507821777093e-05
2.64376264687306e-05
2.35554073983584e-05
2.84335960012071e-05
2.32849138078784e-05
3.00841266748229e-05
3.74443062280735e-05
2.45750614837401e-05
2.22274359958344e-05
2.9255761933229e-05
3.00771953414263e-05
2.93718954988172e-05
2.56711851627278e-05
3.07717211293506e-05
3.07717211293506e-05
2.3481259323582e-05
2.61803023840079e-05
2.33688281795072e-05
2.79873513002475e-05
2.80756147190834e-05
2.85360822617322e-05
2.32849138078784e-05
3.02707103248435e-05
3.01752087194019e-05
2.6219087031874e-05
2.84335717570196e-05
4.0656576702767e-05
2.84564194143968e-05
2.82601523613743e-05
2.82606109760101e-05
3.01266834143978e-05
2.98834144929005e-05
2.49680775551062e-05
2.46762168526989e-05
3.05824099968477e-05
2.2138485805503e-05
3.14329730957692e-05
2.46850009893392e-05
2.91403961560295e-05
2.76322509059447e-05
2.83221623392652e-05
2.73929865844368e-05
3.11997890549192e-05
4.03208670264365e-05
2.93984155974993e-05
2.8409712218944e-05
2.34128637466483e-05
2.52695441771043e-05
3.00771953414263e-05
2.80591722461044e-05
2.82132741664661e-05
2.77087804203504e-05
2.38101254064613e-05
2.35332987837953e-05
2.99651235062404e-05
2.37932744697932e-05
2.80223216975656e-05
2.92266656868439e-05
2.97192918125026e-05
2.33512500118959e-05
2.76800017626629e-05
2.77845044607264e-05
2.96118743005598e-05
2.85098409212424e-05
2.45458805561909e-05
2.82231448214686e-05
2.02066045966926e-05
2.41793400489835e-05
2.35592945125555e-05
2.69626073884146e-05
2.30837238462785e-05
2.63596409534466e-05
2.69626073884146e-05
2.17386898799331e-05
4.01311657608277e-05
2.36212087294035e-05
2.53459513700283e-05
2.85844848771705e-05
2.85252357441529e-05
2.57863227243975e-05
2.46255734430691e-05
2.76322509059447e-05
2.76347315227585e-05
2.73750381530896e-05
4.03852702818858e-05
2.76333463808703e-05
2.74843173551081e-05
2.80669199933861e-05
2.84335717570196e-05
2.43963897090222e-05
2.53483835344047e-05
4.08121719445219e-05
4.07092339884014e-05
2.3220211186857e-05
2.88543649174358e-05
2.81151847600816e-05
3.5285476538227e-05
2.02662508618441e-05
2.7775675613148e-05
2.70228801081241e-05
2.82271412206562e-05
2.92806985346132e-05
2.82231448214686e-05
4.08658003344441e-05
2.77169674548513e-05
2.36280371272861e-05
2.36580961352038e-05
2.76481304684646e-05
2.53398480950816e-05
2.35554073983584e-05
2.3748998992792e-05
2.12462719490661e-05
2.99611471240758e-05
2.34883014679909e-05
2.80756147190834e-05
2.73468142468002e-05
2.96118743005598e-05
2.82503893613441e-05
2.8111290112005e-05
2.5878770364091e-05
2.56711851627278e-05
2.82215262599983e-05
2.79695917107093e-05
1.91655421520609e-05
2.76456393573248e-05
2.79967506925497e-05
2.80318816876107e-05
2.80669199933861e-05
2.33656602564682e-05
2.37932744697932e-05
2.94037470332139e-05
2.38880349006651e-05
2.76993940487107e-05
3.91288720620611e-05
2.98238930955631e-05
2.36031166071024e-05
2.22274359958344e-05
2.65023459253803e-05
2.4512314708728e-05
2.77401852900772e-05
2.95559890377704e-05
2.27090538503249e-05
4.0147970209538e-05
2.74069554809331e-05
2.79063974723516e-05
2.52605152356715e-05
2.20740145554161e-05
2.80539666491658e-05
2.86270092745523e-05
2.43951480761066e-05
2.81255241494346e-05
2.92266656868439e-05
3.90841539921452e-05
2.19124222034855e-05
2.81203429513355e-05
2.36602392187876e-05
2.45118402439278e-05
2.37932744697932e-05
3.92551444669767e-05
2.73929865844368e-05
2.8111290112005e-05
2.87539663790425e-05
2.47480378047438e-05
2.97076969523335e-05
2.87049010530913e-05
2.80756147190834e-05
3.02936952344923e-05
3.13548139847142e-05
2.42359201680267e-05
2.92086636418967e-05
3.00771953414263e-05
2.8633349202666e-05
2.5305534467106e-05
2.77845044607264e-05
3.07791910037876e-05
3.23660322836934e-05
2.93316397809394e-05
2.98219404012765e-05
2.46941181440773e-05
2.70228801081241e-05
2.81117001218844e-05
2.85594009627924e-05
2.75431111256771e-05
2.87543689947903e-05
2.44370308081969e-05
2.32849138078784e-05
2.46819640541244e-05
1.88521052945264e-05
2.44431062821536e-05
2.42537163902557e-05
2.75431111256771e-05
2.36591679365196e-05
2.37049933570754e-05
2.97602076095146e-05
2.91987707795478e-05
2.79534019886517e-05
2.88543649174358e-05
2.35386395452054e-05
2.47480378047438e-05
2.81151847600816e-05
3.84759287181408e-05
2.80669199933861e-05
2.44732999452487e-05
2.15663945240797e-05
2.79695917107093e-05
2.31472421300729e-05
3.07018793275292e-05
2.93646718732344e-05
2.81659113538715e-05
2.35346723706601e-05
2.80165296922532e-05
2.45482988044533e-05
2.44904015940857e-05
2.74653840697048e-05
2.71918410834195e-05
2.86270092745523e-05
2.83198207462548e-05
2.77568546833536e-05
2.34652176499637e-05
3.02707103248435e-05
4.00852527359402e-05
2.77655485269034e-05
2.75431111256771e-05
2.32383089095375e-05
2.81430583341628e-05
2.81841497890123e-05
2.84335960012071e-05
2.58044912678536e-05
2.66508493027628e-05
2.82215262599983e-05
2.73468142468002e-05
2.78686276832852e-05
2.46308214277864e-05
3.02707103248435e-05
2.93833947876831e-05
3.79668094219382e-05
2.96391670211961e-05
2.68970589975534e-05
2.70521090807735e-05
4.0147970209538e-05
