0.0574900449705526
0.0678147031215985
0.0407569060688223
0.0426210154859068
0.0502677706076966
0.116531073101451
0.0399736439257981
0.0434360652592106
0.0675863518384622
0.085472532674993
0.0675869480479185
0.104556830031085
0.0375425675037473
0.0691670692155009
0.116149752517103
0.100597905129625
0.0661499819877345
0.0435288616065575
0.116531073101451
0.06921690126292
0.108453765208294
0.100597905129625
0.0623111353568299
0.103442786960662
0.116531073101451
0.106437804399846
0.0498941033509535
0.0342746953812901
0.0527360084100513
0.0487434256351378
0.0483867336028867
0.0654414794143815
0.0353835057826301
0.0449573585557403
0.041989553726442
0.139120371597034
0.10753713741112
0.0339686368915436
0.0574900449705526
0.037701518597177
0.0561807350470351
0.0694020250232241
0.0511772180724958
0.063897728710696
0.112086288724801
0.0404493388049905
0.0619614300295661
0.0438311216063186
0.0336508798527703
0.03635940559386
0.0433632006137475
0.041989553726442
0.0646566095271298
0.0445739827595457
0.0784678634065196
0.0544893582845281
0.0439717322065615
0.0717344941482279
0.0646566095271298
0.116856188424028
0.046706194457972
0.0577728298878968
0.0472462829452032
0.0939158913940251
0.0672265389736744
0.0933013787396529
0.103069936582406
0.054017444090162
0.037701518597177
0.11428584754569
0.0483867336028867
0.0377550228929743
0.043343346166577
0.0375425675037473
0.0561807350470351
0.0652775428363657
0.0669267777519614
0.0427358687860469
0.0352547399609965
0.0720257099791975
0.0689205030519229
0.109202698979698
0.0675574648064968
0.0675863518384622
0.116504263951956
0.0844715301811774
0.0677147897566998
0.0435685724794047
0.057734455305158
0.0740843298947809
0.0761631160439952
0.03740805959344
0.075611709464368
0.0679374754073997
0.0532140296890538
0.105121808043488
0.0849890037970905
0.0511259528596203
0.0384733473732935
0.0759308702550379
0.0428010993352311
0.0411647024351373
0.063667182140835
0.0514892286797168
0.0422726359440274
0.037701518597177
0.0688518576167434
0.0681361920774439
0.100709029107441
0.0487619135483306
0.0589837347521611
0.0427358687860469
0.0682937177374226
0.0683101549987832
0.0885233510730878
0.110921345388392
0.0434922873787571
0.0619614300295661
0.0536251292414632
0.0815618150288315
0.063673747532948
0.047929759196907
0.0399736439257981
0.0254758948250623
0.109535201015389
0.103442786960662
0.107274659570377
0.043343346166577
0.0452202494817858
0.106437804399846
0.0589837347521611
0.105179704224538
0.0547383935658116
0.0939158913940251
0.0444706408561262
0.104556830031085
0.0374164885378277
0.0815618150288315
0.0658514928791004
0.063897728710696
0.0359354827079668
0.0621013399024337
0.0521297707133983
0.0499441583491028
0.0641913705347846
0.0384563657415629
0.0445739827595457
0.0933013787396529
0.0445739827595457
0.0467317076748722
0.0568720189786665
0.0336799023821126
0.0364173223155428
0.0507843938860069
0.0577728298878968
0.13532429150676
0.0524262406750522
0.0671450893369483
0.120031072015038
0.0856652346978442
0.0709833057250652
0.0664474802201807
0.0437281218769984
0.109504964369325
0.0475564829474377
0.075611709464368
0.045324593893607
0.0463364458372777
0.107022234876294
0.0473190141720693
0.0360597856989364
0.0419991870588688
0.117594633397794
0.0678510391811468
0.0445739827595457
0.0568720189786665
0.0441284441059633
0.0670003833441745
0.0373653538404219
0.0652775428363657
0.0375425675037473
0.0994191480154672
0.043343346166577
0.0377465852813228
0.0518638388664893
0.0407006548207314
0.0421644984198853
0.0355860794744032
0.0684850877141632
0.134144597157225
0.0434360652592106
0.0577728298878968
0.0571388334001288
0.0822488984117281
0.0394711680940361
0.044972625106226
0.0676601148337158
0.0464641983632185
0.0377539514356417
0.057734455305158
0.0444706408561262
0.0664474802201807
0.037701518597177
0.119999205013194
0.102324502053318
0.0691670692155009
0.0394711680940361
0.0681557973426652
0.0375280016177019
0.0561807350470351
0.0440963844361455
0.103442786960662
0.0744876867141916
0.0804076052107841
0.066095191071229
0.111644504985854
0.0492305017315223
0.0671450893369483
0.048063359414581
0.108453765208294
0.0360640348895487
0.0360963290337974
0.0726326179815003
0.0487434256351378
0.0706603759822915
0.0488097581443695
0.0336404463299033
0.0763970176855597
0.116744579958582
0.0663701390032259
0.0405913488126912
0.0494946436436688
0.0475697656835869
0.0557922381460386
0.0683101549987832
0.0380119824240658
0.0838452023525733
0.0829539694100257
0.0518168153299634
0.116803969921606
0.112717141601964
0.0418736447207863
0.072658640566888
0.0413962742691445
0.0339645200400472
0.0386488512563238
0.104556830031085
0.0452202494817858
0.0597268961288837
0.0751152216333684
0.0678147031215985
0.06650901612895
0.0441287532326429
0.0547093559696305
0.0791334384500829
0.103442786960662
0.0359871602045638
0.0489683086722363
0.0486431522579596
0.120031072015038
0.0563556130874901
0.040916079113685
0.0476012820033913
0.0467072165048653
0.100597905129625
0.0791721562049894
0.0532390550109713
0.0833327240492662
0.112927133892453
0.0364722841474693
0.045042605485341
0.041989553726442
0.106437804399846
0.057734455305158
0.0623803757969207
0.0621233175849891
0.0413962742691445
0.123682504232533
0.0676982743589057
0.0672094256431669
0.105408546090951
0.0478493866813005
0.0418736447207863
0.0726413701355243
0.0428321081170588
0.112086288724801
0.044887262184842
0.0469279907362597
0.0672094256431669
0.0511635058159296
0.0623111353568299
0.0509949959998635
0.0712617655143737
0.0606032730911703
0.0356980871579569
0.0377550228929743
0.116744579958582
0.103442786960662
0.0337152067245635
0.0362541539751568
0.116803969921606
0.0478251677334258
0.045324593893607
0.116266575001122
0.0368715829246518
0.0684079205884929
0.0411031909070424
0.110921345388392
0.0765125594225718
0.0514892286797168
0.0355112992446822
0.0676642661063056
0.109535201015389
0.11428584754569
0.11720264274887
0.0419863719025845
0.0732923074136386
0.0493794713016704
0.0646566095271298
0.107167311198246
0.0621307316757518
0.0675916704882148
0.110884175799229
0.0457601883923962
0.0441679632078754
0.116166406655461
0.0801604129919056
0.101473893631652
0.137925130508742
0.0566982800892958
0.0675574648064968
0.0473190141720693
0.0422726359440274
0.037645287915425
0.0384563657415629
0.0720184312378181
0.0487434256351378
0.0682937177374226
0.0377465852813228
0.0489683086722363
0.114630617975015
0.0863182339245066
0.0720184312378181
0.0955711993197217
0.13572002217609
0.0507843938860069
0.0584332520012748
0.03713552773831
0.107644998292686
0.0511555361855394
0.110605881960513
0.0804076052107841
0.107022234876294
0.0364439332221556
0.0493005802732393
0.0420871037628412
0.0557567022554148
0.100709029107441
0.0617914274735272
0.0684079205884929
0.0364918134352381
0.0669267777519614
0.036192862792906
0.071541747916607
0.0517879020734196
0.0621307316757518
0.0491633939839483
0.037885920296261
0.0384733473732935
0.0349491305942927
0.110605881960513
0.107633487719593
0.0422726359440274
0.0490039092611628
0.0507843938860069
0.0808761390423383
0.0377475755129237
0.0359871602045638
0.107022234876294
0.114869543566211
0.0364439332221556
0.0547093559696305
0.100597905129625
0.0623111353568299
0.105179704224538
0.0425235351887732
0.0481609683134013
0.0681361920774439
0.0399736439257981
0.0466707976600112
0.0464641983632185
0.0789381472558068
0.0791334384500829
0.054017444090162
0.0416830853839539
0.106437804399846
0.117594633397794
0.113101965393821
0.0781885243436461
0.0407569060688223
0.0726974687851165
0.0744876867141916
0.0432700797267981
0.0557567022554148
0.0549161122354226
0.051245866898951
0.138864491026035
0.0964207910808167
0.0353464923918043
0.0461010316097641
0.123682504232533
0.115236565742563
0.0488097581443695
0.0353142241258623
0.0423024181357642
0.0491633939839483
0.0491603975289121
0.0529624478510099
0.0441679632078754
0.0394711680940361
0.0464641983632185
0.0580364688538205
0.0583962432452424
0.0434360652592106
0.0519314808623739
0.034256994086052
0.0407569060688223
0.0443795283018403
0.129305577238924
0.046661383447864
0.0487417881421704
0.0323117025255204
0.0869109365220606
0.0435685724794047
0.06921690126292
0.0672849581200019
0.0720184312378181
0.0621307316757518
0.036937288756012
0.05887809193765
0.0561807350470351
0.10753713741112
0.040916079113685
0.0489683086722363
0.103442786960662
0.0445191688717124
0.0377130196780269
0.0865668977396774
0.110430506684338
0.110430506684338
0.0421391221635807
0.0518168153299634
0.0357699446760704
0.108106938228277
0.0377147325156275
0.124317184962915
0.0955711993197217
0.0521297707133983
0.103442786960662
0.111644504985854
0.0352050907641431
0.0829539694100257
0.0502106027285164
0.041989553726442
0.0761793862410954
0.0449573585557403
0.041989553726442
0.0368371371523502
0.046661383447864
0.045280502769691
0.120687491231508
0.113593318147456
0.0747663997247347
0.0545048439912484
0.0375425675037473
0.0424946728998248
0.0686255070823164
0.0377550228929743
0.112962313518115
0.129205650729272
0.055021884509801
0.0491633939839483
0.0380103912159947
0.0822488984117281
0.0441284441059633
0.0425923743924807
0.0361730751423039
0.0986750969976096
0.0748967770007047
0.0694658352858618
0.114630617975015
0.0579230398942512
0.101473893631652
0.0543567890405938
0.0619307302928774
0.0726389056469055
0.0726413701355243
0.0673015961023913
0.0478428524710582
0.0427358687860469
0.0349974900112129
0.0666337838867402
0.126889036746415
0.0410751067306251
0.0361730751423039
0.110884175799229
0.0475564829474377
0.0487619135483306
0.051494547809085
0.0487619135483306
0.03740805959344
0.0461010316097641
0.0428585985231556
0.0369907962770207
0.0434360652592106
0.0574900449705526
0.0549161122354226
0.0518168153299634
0.117852262688949
0.0405913488126912
0.120687491231508
0.0695942462799509
0.0451575061639795
0.10753713741112
0.0405913488126912
0.0547093559696305
0.0422179130653233
0.0345936916613379
0.110921345388392
0.0445191688717124
0.0697181683989197
0.0368715829246518
0.032249435932671
0.0434360652592106
0.117594633397794
0.0509234830786383
0.0419124395090238
0.0579230398942512
0.0543567890405938
0.0589837347521611
0.0499441583491028
0.0367250252599969
0.0487434256351378
0.0441701842295837
0.0443795283018403
0.0401070509826339
0.12959717431841
0.0514783142711127
0.0675863518384622
0.035539250187694
0.0732923074136386
0.0463364458372777
0.068456740725201
0.110884175799229
0.0589930629005785
0.0368674096126658
0.115236565742563
0.0488097581443695
0.0355438466441824
0.06650901612895
0.0685629890522327
0.0437719686990837
0.107644998292686
0.0706603759822915
0.0426210154859068
0.0491633939839483
0.0646566095271298
0.038455514979254
0.0681361920774439
0.0584332520012748
0.0493794713016704
0.0726102311099807
0.0843305293463725
0.0419737115884145
0.0379413053175623
0.0370561007372759
0.06921690126292
0.0491633939839483
0.11728811511566
0.0438311216063186
0.0681937896966325
0.13572002217609
0.0473190141720693
0.0666766064441717
0.0369907962770207
0.0463364458372777
0.0377539514356417
0.106236101174029
0.0683101549987832
0.051494547809085
0.11339098616272
0.0441287532326429
0.0440302962810648
0.0348336415664878
0.0341300350043944
0.109202698979698
0.0486431522579596
0.0741736416286588
0.0670003833441745
0.0439868140455891
0.0488159802178026
0.0683579545877446
0.0788986001380913
0.0372711836534329
0.109202698979698
0.0696837728946801
0.0465813394699597
0.0358252289447393
0.110605881960513
0.0374249430455899
0.116166406655461
0.0439868140455891
0.0681557973426652
0.0660977127467531
0.0964207910808167
0.12959717431841
0.040916079113685
0.0662228193513173
0.0426210154859068
0.0489554193645984
0.0597268961288837
0.115959726208097
0.0499441583491028
0.0502046788122102
0.0441284441059633
0.0715293078357521
0.0452202494817858
0.0428321081170588
0.0527351093137388
0.045324593893607
0.0817956937683444
0.0423334132900283
0.0381685930745867
0.114630617975015
0.0453337314793445
0.074252214304986
0.116531073101451
0.0367622895505576
0.106236101174029
0.0802746152747785
0.0390871138058612
0.0678147031215985
0.0368345191148098
0.0727761089385564
0.0463364458372777
0.0623111353568299
0.0933013787396529
0.0426079339399622
0.11339098616272
0.0566982800892958
0.0463364458372777
0.0682937177374226
0.0564696253899997
0.038455514979254
0.0666293126490676
0.0687816853643884
0.0338192008072931
0.0748967770007047
0.107633487719593
0.0362541539751568
0.123445735002531
0.0441679632078754
0.0933013787396529
0.116166406655461
0.06921690126292
0.0487797712054627
0.0524429545500771
0.0455261730350287
0.0419124395090238
0.04819016219425
0.0411647024351373
0.0358088031532815
0.0713650980327111
0.0669267777519614
0.0349974900112129
0.0421644984198853
0.0518168153299634
0.0416830853839539
0.0616014397951412
0.0468360987516955
0.0359354827079668
0.108106938228277
0.0676982743589057
0.100597905129625
0.0676642661063056
0.0345720774138954
0.0519314808623739
0.107022234876294
0.0642193796646036
0.037885920296261
0.0664474802201807
0.0397274637608766
0.0434426689290263
0.0478251677334258
0.057734455305158
0.045042605485341
0.137925130508742
0.0536251292414632
0.0345720774138954
0.0475564829474377
0.0439868140455891
0.0367655310211373
0.0529624478510099
0.101473893631652
0.0517257541594124
0.0347228375827091
0.111970599824965
0.11720264274887
0.0381923749129927
0.0420871037628412
0.102324502053318
0.0422179130653233
0.0444534754848335
0.0474966722844443
0.0353835057826301
0.0375425675037473
0.116149752517103
0.0802746152747785
0.0468360987516955
0.0498550007438735
0.13532429150676
0.0478493866813005
0.0467072165048653
0.0673015961023913
0.0652775428363657
0.0489683086722363
0.0422726359440274
0.0673015961023913
0.0375159942194866
0.0493201242094371
0.100597905129625
0.0660749079813196
0.0359589131009297
0.0675869480479185
0.101473893631652
0.0452202494817858
0.0799386926074242
0.101473893631652
0.0955711993197217
0.0729901492767146
0.0509591371621093
0.0549161122354226
0.133796786407125
0.0430456171016804
0.0536251292414632
0.110921345388392
0.0802746152747785
0.0425923743924807
0.0524223213267418
0.117594633397794
0.0450614447605988
0.115606408409867
0.0463364458372777
0.0716849328935668
0.110430506684338
0.032249435932671
0.040044615499932
0.037701518597177
0.0492305017315223
0.0423334132900283
0.0654414794143815
0.0487619135483306
0.0498550007438735
0.0430456171016804
0.0384733473732935
0.0791334384500829
0.0862831550649851
0.0357910389818979
0.0436006541586042
0.139120371597034
0.0854467562385004
0.0672324541415166
0.0532111273985782
0.0720184312378181
0.0720184312378181
0.0434360652592106
0.0553784754633091
0.0496838761479518
0.0699871732962966
0.0441284441059633
0.0416830853839539
0.0384733473732935
0.100709029107441
0.101473893631652
0.0484381606170781
0.063897728710696
0.0377550228929743
0.12381660717807
0.06481363697593
0.0678510391811468
0.0691050788661323
0.103057792750884
0.0557922381460386
0.0358689340613601
0.0254758948250623
0.0455261730350287
0.0926770404392202
0.0364829851234142
0.0933013787396529
0.0427358687860469
0.0419124395090238
0.0443589218695997
0.0684059522052962
0.0377539514356417
0.107633487719593
0.0425923743924807
0.0230391940831954
0.0528105743764323
0.0854467562385004
0.0694658352858618
0.0666337838867402
0.0619614300295661
0.0437386074342034
0.0817956937683444
0.0772066143384714
0.0487797712054627
0.0601642229502673
0.13572002217609
0.103442786960662
0.0352640350758315
0.041989553726442
0.0437412687523225
0.116504263951956
0.0642193796646036
0.0359489419829341
0.0681361920774439
0.0417532155843178
0.0374164885378277
0.0489683086722363
0.0850266035993217
0.0360672620093874
0.0682407516165563
0.0850266035993217
0.0518521055513335
0.0358088031532815
0.0373608396937922
0.0462039544740937
0.0644992634081895
0.0411647024351373
0.0370588336494825
0.0369791432897536
0.0427358687860469
0.044887262184842
0.0450614447605988
0.044972625106226
0.0452588024112204
0.0444706408561262
0.0621307316757518
0.063897728710696
0.0369755632606667
0.0617914274735272
0.0407006548207314
0.037701518597177
0.0362141895785341
0.116856188424028
0.0577728298878968
0.0552555016897021
0.0425488133699033
0.045280502769691
0.0469846709602888
0.043343346166577
0.0803698945552727
0.0681361920774439
0.0351070767787095
0.0449573585557403
0.0380103912159947
0.0373104015430047
0.0432700797267981
0.0440987375662398
0.0498550007438735
0.0678397910750843
0.0478251677334258
0.0606916196495534
0.0474734039874591
0.0441284441059633
0.0466766486453518
0.116504263951956
0.0666766064441717
0.0726974687851165
0.0430753069351813
0.0532111273985782
0.0669267777519614
0.0584332520012748
0.0361730751423039
0.0436729321882681
0.0597268961288837
0.0726413701355243
0.0621307316757518
0.0438311216063186
0.0487797712054627
0.10753713741112
0.0475564829474377
0.112962313518115
0.102324502053318
0.113101965393821
0.0474966722844443
0.0436006541586042
0.0464075722296809
0.0375183336493249
0.0751152216333684
0.0674840934829618
0.0493005802732393
0.0375425675037473
0.0844008694390117
0.0722804791409685
0.0482463378447482
0.0445739827595457
0.0621013399024337
0.0663701390032259
0.0369816202640459
0.0676982743589057
0.13572002217609
0.0599682270494332
0.0557034105411299
0.0489554193645984
0.0493794713016704
0.0377147325156275
0.0487797712054627
0.0683101549987832
0.0443589218695997
0.0726974687851165
0.135916152298057
0.0549161122354226
0.115959726208097
0.0664474802201807
0.0441284441059633
0.0241467035040914
0.0660977127467531
0.0363388357258708
0.133483867087775
0.0854467562385004
0.0547754071515793
0.0435130487393661
0.0437412687523225
0.0641718501561875
0.11428584754569
0.107274659570377
0.105357140095296
0.0370561007372759
0.0469846709602888
0.0672094256431669
0.0661499819877345
0.0423024181357642
0.115236565742563
0.036059780178732
0.0384733473732935
0.0370059238044933
0.0419737115884145
0.0342746953812901
0.117852262688949
0.0423024181357642
0.0480400329187688
0.0371784228656778
0.114869543566211
0.120067710587548
0.0437719686990837
0.116856188424028
0.0435685724794047
0.0549161122354226
0.0577728298878968
0.0534881019416248
0.0621307316757518
0.036845448426296
0.0337152067245635
0.0584332520012748
0.0494946436436688
0.0726102311099807
0.105179704224538
0.0444362061759702
0.0422726359440274
0.0781885243436461
0.0366884608793697
0.0345936916613379
0.0454034006983858
0.0608902603881349
0.0663701390032259
0.0419863719025845
0.0418736447207863
0.0481095527663054
0.100709029107441
0.0375280016177019
0.133796786407125
0.0423024181357642
0.0386488512563238
0.0434922873787571
0.0623111353568299
0.0430456171016804
0.0441701842295837
0.0475697656835869
0.0669267777519614
0.0466766486453518
0.0451232871006346
0.0367428875286678
0.100709029107441
0.110884175799229
0.0529624478510099
0.116531073101451
0.0488159802178026
0.0438766395779422
0.0375425675037473
