0.198610705376656
0.284086805430647
0.0570589153490962
0.0771705615675166
0.251489901694404
0.182646397637655
0.0352311684965201
0.286049371710971
0.25733046832028
0.318143615375209
0.125676345237106
0.358985195890829
0.130997976855386
0.141265638633999
0.145875373626004
0.266996228656123
0.174462201480976
0.0873564631319021
0.182646397637655
0.28131011227823
0.230019779956045
0.266996228656123
0.266143041595992
0.26311593079121
0.182646397637655
0.222372253114985
0.310925346347865
0.0622194364612691
0.110076021991119
0.210121870557047
0.298852108953067
0.125797325662088
0.114643221032874
0.136943282253215
0.0645032314505748
0.179211829709267
0.0961396594910713
0.178918531185544
0.198610705376656
0.219874299518945
0.0880454075369923
0.0613221815865984
0.164315237948386
0.116313622539003
0.108445024037171
0.0494068516693133
0.188463463421809
0.282660641553214
0.0744800323222426
0.410754245959279
0.206354386927228
0.0645032314505748
0.0931769965848308
0.140588119681782
0.187599482347595
0.157007768609099
0.131244961820224
0.187498464840163
0.0931769965848308
0.144144126235083
0.0946170761990406
0.100500620858661
0.0763382907498174
0.179085901040709
0.161839557296089
0.249143250268386
0.13465613596025
0.163994384422625
0.219874299518945
0.129829426651207
0.298852108953067
0.23229112052412
0.108638391572456
0.130997976855386
0.0880454075369923
0.129419631509685
0.135737590443572
0.121536137421457
0.093908866986672
0.160970645154644
0.211379807512392
0.225802105460025
0.157655377247901
0.25733046832028
0.0849998109747099
0.214946748620138
0.17432750636589
0.18227275049952
0.147111038175376
0.220073392453761
0.259351866022568
0.282077893151297
0.172280470324137
0.260581733918501
0.272631878661167
0.0548009956216986
0.138972180497929
0.0975887298307127
0.118298396624771
0.0957032754152003
0.0893972068012541
0.0798955638109951
0.113144696448031
0.202657029386405
0.181702668652126
0.219874299518945
0.243887315039923
0.160603442901778
0.114943954585087
0.140265671023352
0.291398172641481
0.121536137421457
0.140159992460552
0.0838655621325268
0.325810397653994
0.0843086508006159
0.13234942132669
0.188463463421809
0.248596481300519
0.189760651937683
0.102396515367577
0.160240617531076
0.0352311684965201
0.0517742232283942
0.125804362731
0.26311593079121
0.153073741703077
0.108638391572456
0.14114363307313
0.222372253114985
0.291398172641481
0.0723942343008225
0.144930192987732
0.179085901040709
0.232941460178719
0.358985195890829
0.190099734855259
0.189760651937683
0.154734581496133
0.116313622539003
0.0881518964635782
0.125107603380751
0.366222690495305
0.0807305136034674
0.284303069343383
0.231831705346849
0.140588119681782
0.249143250268386
0.140588119681782
0.0941041493229538
0.27037847053808
0.141097246158448
0.124803349149844
0.116534651225845
0.100500620858661
0.141262410485421
0.218040610335981
0.15303975562309
0.100544117983071
0.207748303363274
0.093917018989639
0.244430728218006
0.0854517851987127
0.0828126271745984
0.181519162852572
0.172280470324137
0.158761580436107
0.26019559098626
0.247271878294202
0.15946221847286
0.0764090421458192
0.042804780314832
0.24464116251176
0.178958625317672
0.140588119681782
0.27037847053808
0.109982624773024
0.203284059736903
0.331886936774264
0.129419631509685
0.130997976855386
0.195142899349771
0.108638391572456
0.255592382533736
0.318913646886079
0.146046841922344
0.105859203012587
0.247549424130822
0.161709518476867
0.231793894034558
0.286049371710971
0.100500620858661
0.110714148777602
0.159534216743223
0.0489806309042439
0.0488172563544821
0.193310395092252
0.190755362915634
0.172138935019929
0.147111038175376
0.232941460178719
0.244430728218006
0.219874299518945
0.154329468690492
0.242710440013486
0.141265638633999
0.0489806309042439
0.154481650027357
0.149340265253146
0.0880454075369923
0.151759376720471
0.26311593079121
0.117912401353954
0.198220927288219
0.145095219102449
0.458455728668335
0.311018743767354
0.15303975562309
0.250010271344223
0.230019779956045
0.409376156705612
0.162775264444226
0.153961206101738
0.210121870557047
0.261250757587334
0.106473454214306
0.166338871472933
0.105736303670903
0.735922331495228
0.183089836926961
0.172280791560102
0.202355409754595
0.146200407428189
0.135062180742204
0.0838655621325268
0.214985456584885
0.29433320672038
0.221000372159181
0.111054328732474
0.243457079308735
0.0869198991153656
0.0805886803484461
0.118029982217665
0.0518159578126701
0.0607990398748396
0.207244569791137
0.358985195890829
0.14114363307313
0.169397035880711
0.0946097698294485
0.284086805430647
0.128652587485869
0.094970124275016
0.169317779303191
0.161036424978357
0.26311593079121
0.263490039490944
0.229317765125739
0.231877447443023
0.100544117983071
0.192944903947219
0.23279949196445
0.459637833087148
0.208474914678754
0.266996228656123
0.162649945888528
0.218962584371551
0.167725890389769
0.395949867319717
0.126790646875255
0.067825234231926
0.0645032314505748
0.222372253114985
0.147111038175376
0.150126540968249
0.185894635366977
0.0518159578126701
0.121234195926796
0.170572351835609
0.256907264936231
0.463658515183963
0.166212516900031
0.0805886803484461
0.179311186910118
0.153031223088028
0.108445024037171
0.166811549091744
0.179301540242088
0.256907264936231
0.12129152614218
0.266143041595992
0.123431901486032
0.189386989875526
0.0901892753023114
0.0866048032675397
0.23229112052412
0.735922331495228
0.26311593079121
0.194505162380758
0.0856785044476303
0.243457079308735
0.298168393740235
0.158761580436107
0.643290374062414
0.257552320232576
0.172412009108818
0.132033231356399
0.0843086508006159
0.109079510646972
0.202657029386405
0.193566320063638
0.146407838583206
0.125804362731
0.129829426651207
0.114025995000598
0.0966000708172513
0.172489062998671
0.233339854009795
0.0931769965848308
0.0658850079460506
0.266039599123247
0.292966987986458
0.173659104796787
0.0803267729045334
0.213268365229136
0.170796879789249
0.176336513892754
0.376048198027332
0.222869956767533
0.12344640833197
0.157655377247901
0.15946221847286
0.181702668652126
0.159955789784398
0.231831705346849
0.104404889156177
0.210121870557047
0.140159992460552
0.255592382533736
0.229317765125739
0.135611768941194
0.302039909076578
0.104404889156177
0.246888490784041
0.189389365716762
0.116534651225845
0.156006749323483
0.0802816838315113
0.191151181772694
0.191584555406938
0.339777931188217
0.198220927288219
0.247271878294202
0.106498384049539
0.242828738288644
0.10363741710652
0.123281598233665
0.114943954585087
0.157784162631932
0.172412009108818
0.171778029632612
0.135737590443572
0.336654548218904
0.127143364785538
0.152598692063987
0.266039599123247
0.308004170042556
0.356516761223094
0.118298396624771
0.324847747822092
0.339777931188217
0.0969336163954486
0.181702668652126
0.138596840753194
0.116534651225845
0.256881039108074
0.295516694534367
0.263490039490944
0.247271878294202
0.135138530373554
0.106498384049539
0.169317779303191
0.266996228656123
0.266143041595992
0.0723942343008225
0.0794081561565114
0.21739465976139
0.160603442901778
0.0352311684965201
0.200480576272377
0.190755362915634
0.143398959122262
0.161036424978357
0.163994384422625
0.0977545285839059
0.222372253114985
0.24464116251176
0.129024803358004
0.119103416658756
0.0570589153490962
0.0825889628891098
0.117912401353954
0.116022156976791
0.123281598233665
0.215651324373033
0.135941566046545
0.297772146057976
0.213539980195116
0.156201137614816
0.145893695152689
0.121234195926796
0.125640040997896
0.106473454214306
0.0926572660784288
0.0671615000764697
0.308004170042556
0.236277125210619
0.263365571838094
0.213268365229136
0.0489806309042439
0.190755362915634
0.12372173835776
0.147731247096718
0.286049371710971
0.08736626511811
0.0566995917839149
0.0570589153490962
0.158646193077275
0.152967562140029
0.128847047031249
0.181599587180356
0.142101604787156
0.193519394981077
0.18227275049952
0.28131011227823
0.179054985168183
0.104404889156177
0.266039599123247
0.122435239571672
0.159444624133289
0.0880454075369923
0.0961396594910713
0.23279949196445
0.229317765125739
0.26311593079121
0.120135691740992
0.216846382786175
0.208816854683429
0.103553819607615
0.103553819607615
0.106147598722811
0.111054328732474
0.247964578780243
0.069702634369712
0.117685658720857
0.102674769281489
0.246888490784041
0.366222690495305
0.26311593079121
0.458455728668335
0.138625282253805
0.221000372159181
0.193253332404626
0.0645032314505748
0.125599334947498
0.136943282253215
0.0645032314505748
0.162507296362729
0.128847047031249
0.0802184428599712
0.206648329724167
0.107904408382427
0.149976655120183
0.117497138438287
0.130997976855386
0.0758647422645652
0.18512062101506
0.23229112052412
0.180132595268659
0.419996721133047
0.137748309005293
0.308004170042556
0.288889394095581
0.159534216743223
0.109982624773024
0.110425123938908
0.267806055785651
0.224908621255653
0.130837014391899
0.135334373209485
0.135611768941194
0.124762003218317
0.376048198027332
0.103278680786266
0.0790759737554775
0.141878124525989
0.179311186910118
0.173550239071164
0.127514526956415
0.121536137421457
0.324511595041971
0.256332824359452
0.176384037134896
0.192392975235388
0.267806055785651
0.173659104796787
0.181519162852572
0.140265671023352
0.286892019300291
0.140265671023352
0.282077893151297
0.145893695152689
0.0501254913314435
0.124932477324856
0.286049371710971
0.198610705376656
0.215651324373033
0.111054328732474
0.413684092649413
0.172280791560102
0.206648329724167
0.107478385312334
0.148354251440121
0.0961396594910713
0.172280791560102
0.169317779303191
0.110063050179581
0.0955071119496858
0.0843086508006159
0.120135691740992
0.190635737495854
0.257552320232576
0.0299989102044471
0.286049371710971
0.24464116251176
0.259095788045752
0.124394548646953
0.124762003218317
0.103278680786266
0.291398172641481
0.0807305136034674
0.139665705137504
0.210121870557047
0.21226538552925
0.158646193077275
0.155406021605085
0.199312911509735
0.137775293403629
0.25733046832028
0.112651375094711
0.172489062998671
0.26019559098626
0.160469883168362
0.173659104796787
0.190405981160601
0.110347768165582
0.125640040997896
0.106473454214306
0.0779646768713634
0.128652587485869
0.0972150282478513
0.11806108633622
0.191151181772694
0.261250757587334
0.0771705615675166
0.308004170042556
0.0931769965848308
0.159864838339255
0.160603442901778
0.156006749323483
0.233339854009795
0.277109662976605
0.240167336888101
0.260680404213102
0.28726416394427
0.144500862707087
0.28131011227823
0.308004170042556
0.267946194743129
0.282660641553214
0.144675985641221
0.189389365716762
0.15946221847286
0.1523386385939
0.124932477324856
0.26019559098626
0.172138935019929
0.110364290583283
0.0838655621325268
0.286892019300291
0.0734733243063537
0.094970124275016
0.120548579207151
0.110356124906306
0.0737577224721267
0.225802105460025
0.231877447443023
0.198035020907456
0.203284059736903
0.0682801120172441
0.0700065768765675
0.144685059448352
0.135002322752616
0.162546272276156
0.225802105460025
0.206039121214865
0.277775874125816
0.214735394177691
0.339777931188217
0.162520298172545
0.170796879789249
0.0682801120172441
0.154481650027357
0.127082939070922
0.213539980195116
0.199312911509735
0.23279949196445
0.252022528777103
0.0771705615675166
0.309856772487297
0.169397035880711
0.242391051262583
0.0807305136034674
0.0960226182725543
0.109982624773024
0.216019644305882
0.14114363307313
0.153031223088028
0.328637534478656
0.158761580436107
0.234984301138065
0.0751109738527377
0.21213235353394
0.135611768941194
0.119801573029226
0.188210958948254
0.182646397637655
0.131857435121104
0.110364290583283
0.142150509235832
0.0866060249105872
0.284086805430647
0.127238959829002
0.0742884716186046
0.26019559098626
0.266143041595992
0.249143250268386
0.197106815017069
0.0734733243063537
0.12344640833197
0.26019559098626
0.140159992460552
0.205437416596457
0.159864838339255
0.160173287606792
0.124803251460718
0.200782502549715
0.130837014391899
0.0969336163954486
0.0856785044476303
0.316859718205341
0.213268365229136
0.249143250268386
0.170796879789249
0.28131011227823
0.211288557787867
0.173789282228994
0.18863401339721
0.124394548646953
0.100191913337525
0.0798955638109951
0.067809864349372
0.252335439008693
0.135737590443572
0.324511595041971
0.105859203012587
0.111054328732474
0.0977545285839059
0.150663881229786
0.0962345291594582
0.0881518964635782
0.069702634369712
0.170572351835609
0.266996228656123
0.146407838583206
0.0718455963351528
0.08736626511811
0.247271878294202
0.101782331481849
0.356516761223094
0.244430728218006
0.289370970128615
0.105861681339009
0.298168393740235
0.147111038175376
0.067825234231926
0.222869956767533
0.248596481300519
0.0718455963351528
0.181519162852572
0.0682801120172441
0.08689135014163
0.263365571838094
0.376048198027332
0.170523575041283
0.140725675249284
0.106539755448141
0.114025995000598
0.182307756843941
0.10363741710652
0.242710440013486
0.110063050179581
0.223244749002156
0.18243346081794
0.114643221032874
0.130997976855386
0.145875373626004
0.142150509235832
0.0962345291594582
0.248105997787119
0.141262410485421
0.166212516900031
0.208474914678754
0.173550239071164
0.129419631509685
0.229317765125739
0.181702668652126
0.173550239071164
0.296304342510051
0.16183735068501
0.266996228656123
0.158515022764882
0.142299904848367
0.125676345237106
0.376048198027332
0.14114363307313
0.125432032970216
0.376048198027332
0.246888490784041
0.27561579251077
0.136946706473002
0.215651324373033
0.390813123088995
0.232453798193131
0.248596481300519
0.0843086508006159
0.142150509235832
0.110425123938908
0.109121824276659
0.24464116251176
0.135971435045149
0.256492167457033
0.26019559098626
0.228979241195389
0.103553819607615
0.0299989102044471
0.217387141601477
0.219874299518945
0.311018743767354
0.0751109738527377
0.125797325662088
0.140265671023352
0.248105997787119
0.232453798193131
0.118298396624771
0.161036424978357
0.150978801787429
0.0642966278334031
0.132700466345301
0.179211829709267
0.23372168314841
0.126700770599166
0.310981461759163
0.104404889156177
0.104404889156177
0.286049371710971
0.267319073135788
0.312673735991384
0.133842009231202
0.109982624773024
0.0977545285839059
0.118298396624771
0.114943954585087
0.376048198027332
0.149148926379623
0.116313622539003
0.23229112052412
0.244847613365413
0.181501457316708
0.178958625317672
0.158461806743148
0.15737840531265
0.135062180742204
0.067668218155883
0.0517742232283942
0.18863401339721
0.302933472278925
0.0973946914133421
0.249143250268386
0.121536137421457
0.124394548646953
0.0963941962305779
0.176996432518804
0.172138935019929
0.0969336163954486
0.110425123938908
0.104771381151963
0.0874503939524987
0.23372168314841
0.135334373209485
0.256332824359452
0.188463463421809
0.1033133801813
0.234984301138065
0.135886545360648
0.211288557787867
0.142512597249375
0.189389365716762
0.26311593079121
0.0818700926914485
0.0645032314505748
0.103485877135205
0.0849998109747099
0.101782331481849
0.131002267130818
0.160603442901778
0.254803204768284
0.190099734855259
0.229317765125739
0.249042938697875
0.414601812822566
0.103352452667368
0.249042938697875
0.11200508052192
0.067809864349372
0.189965276959921
0.171305160506386
0.112167940881871
0.0798955638109951
0.145306802569253
0.256023064393383
0.121536137421457
0.166811549091744
0.135971435045149
0.0488172563544821
0.28500191689743
0.232941460178719
0.266039599123247
0.116313622539003
0.254683060540744
0.157784162631932
0.146046841922344
0.219874299518945
0.234136561602034
0.144144126235083
0.100500620858661
0.0315533483755378
0.224030193255077
0.0802184428599712
0.285411987821751
0.108638391572456
0.127286471434194
0.160603442901778
0.131046996037598
0.136943282253215
0.288889394095581
0.127303104984018
0.116022156976791
0.133163991282728
0.248105997787119
0.242647512376701
0.298168393740235
0.16663283720331
0.316540725998284
0.109982624773024
0.213838372914103
0.0849998109747099
0.1523386385939
0.0825889628891098
0.195295039408452
0.310981461759163
0.135737590443572
0.156006749323483
0.267806055785651
0.101642722808565
0.169397035880711
0.179311186910118
0.266039599123247
0.282660641553214
0.211288557787867
0.0961396594910713
0.181519162852572
0.180132595268659
0.242710440013486
0.129024803358004
0.18243346081794
0.132700466345301
0.102521328571211
0.134597443869291
0.0946097698294485
0.114021445722527
0.242828738288644
0.130997976855386
0.197413687155244
0.153578034318222
0.0788588656417024
0.140588119681782
0.125107603380751
0.183089836926961
0.154057933266971
0.170572351835609
0.189389365716762
0.113673911499278
0.294052881159853
0.309856772487297
0.233339854009795
0.117685658720857
0.211288557787867
0.0838655621325268
0.0963941962305779
0.0825889628891098
0.318096928797072
0.215651324373033
0.242391051262583
0.244430728218006
0.109982624773024
0.0469692786648309
0.127082939070922
0.0952798128912057
0.17960732374187
0.23372168314841
0.246456165513656
0.374059483311195
0.103485877135205
0.112599056767588
0.129829426651207
0.153073741703077
0.168308280350659
0.144500862707087
0.285411987821751
0.256907264936231
0.174462201480976
0.0671615000764697
0.125640040997896
0.11865362194624
0.118298396624771
0.158933192491673
0.260680404213102
0.0622194364612691
0.413684092649413
0.0671615000764697
0.156835028766607
0.239834647378282
0.135138530373554
0.0879815449500111
0.11806108633622
0.144144126235083
0.18227275049952
0.215651324373033
0.100500620858661
0.286014062795023
0.266039599123247
0.187446335270303
0.194505162380758
0.156006749323483
0.202355409754595
0.277109662976605
0.0723942343008225
0.222699126931291
0.181702668652126
0.119103416658756
0.236899086004738
0.0955071119496858
0.225206246163189
0.135993292451158
0.183089836926961
0.0966000708172513
0.0805886803484461
0.170662209160397
0.114943954585087
0.149340265253146
0.390813123088995
0.0671615000764697
0.207244569791137
0.13234942132669
0.266143041595992
0.232453798193131
0.21226538552925
0.146200407428189
0.135737590443572
0.213838372914103
0.131624628295534
0.128570757163249
0.114943954585087
0.173659104796787
0.263365571838094
0.182646397637655
0.0700065768765675
0.194982898233854
0.130997976855386
