-0.114617500673373
-0.100006358409132
-0.0919568558349534
-0.0826134933294516
-0.111305094460018
-0.236226177699481
-0.0946471639321394
-0.141712979130864
-0.080663129319734
-0.104868541490429
-0.0824762690548892
-0.239381013835513
-0.148255822726043
-0.0803658876149921
-0.210319676388377
-0.254440245460993
-0.0771018862460207
-0.103432241439455
-0.236226177699481
-0.0983086335363506
-0.270841872661718
-0.254440245460993
-0.0946845768569661
-0.303353875122018
-0.236226177699481
-0.16930739184907
-0.10282361295726
-0.0569758954868771
-0.110969706797684
-0.102141429276266
-0.103730023840829
-0.0981817304822729
-0.0662773964203689
-0.139838073623406
-0.122201260595379
-0.253998656599406
-0.266210514248391
-0.0600709457658356
-0.114617500673373
-0.13398219016531
-0.0995811319068236
0.00919637922042593
-0.0895184310214852
-0.0964992374117833
-0.258229747576133
-0.0990656193482734
-0.0896788728035302
-0.142077092838569
-0.0681805082575316
-0.0571889851883439
-0.143176699129643
-0.122201260595379
-0.0821389582626873
-0.116134405274701
-0.109964344202996
-0.116720133718172
-0.0932152218403561
-0.117916376838325
-0.0821389582626873
-0.233701709966815
-0.135439837523482
-0.0925880871599982
-0.139060601144516
-0.190766664000226
-0.0993171013376577
-0.212288560125957
-0.259011991480635
-0.104177662005207
-0.13398219016531
-0.0487748594571288
-0.103730023840829
-0.136611522282157
-0.0885006806682469
-0.148255822726043
-0.0995811319068236
-0.0797740224021476
-0.0800514784236112
-0.100965387932735
-0.135272653412258
-0.0824205200048431
-0.096405194695844
-0.259577608111956
-0.0853298137095758
-0.080663129319734
-0.258581644814481
0.0228926141687126
-0.0987698339115624
-0.142810911175585
-0.107718453304481
-0.12085372754064
-0.123154153916021
-0.0813243982735504
-0.116827583644805
-0.0850405878203558
-0.14711933892305
-0.260004216820557
0.0240527201964424
-0.137917475067452
-0.140879282808982
-0.119166722066714
-0.0880848262214017
-0.0871829007095447
-0.100147743178168
-0.1323253403591
-0.148972475855791
-0.13398219016531
-0.0819429804445492
-0.0813181564041699
-0.288094931095446
-0.113706480195103
-0.111835791561053
-0.100965387932735
-0.227758479846256
-0.290821408872637
-0.107554832276543
-0.214293936169371
-0.0908891403186984
-0.0896788728035302
-0.0608565963348534
-0.138660912003757
-0.271360764732711
-0.10205658824086
-0.0946471639321394
-0.075283564365637
-0.258421220109994
-0.303353875122018
-0.276809227820815
-0.0885006806682469
-0.13934254969808
-0.16930739184907
-0.111835791561053
-0.270840638857834
-0.144538711708026
-0.190766664000226
-0.122727570148098
-0.239381013835513
-0.0817687112153689
-0.138660912003757
-0.147777576584445
-0.0964992374117833
-0.083736883392877
-0.0929687104310997
-0.0468653019228934
-0.352167716400176
-0.093037369511051
-0.117716617851493
-0.116134405274701
-0.212288560125957
-0.116134405274701
-0.13981628458098
-0.141308755597786
-0.181939641962524
-0.0701885921301445
-0.144388882754141
-0.0925880871599982
-0.245655950263042
-0.0951576301642089
-0.0944248971518203
-0.247326257501715
-0.107048557629854
-0.35378833972737
-0.079942834433564
-0.147815301449412
-0.255519033932002
-0.106717688494402
-0.116827583644805
-0.120495856427084
-0.0915209090289244
-0.273024919806152
-0.10282882578431
-0.0796234269314369
-0.0935582029688097
-0.233020221203778
-0.0994500039949074
-0.116134405274701
-0.141308755597786
-0.0843764821895391
-0.0803824172181303
-0.0544438412054161
-0.0797740224021476
-0.148255822726043
-0.153104951850989
-0.0885006806682469
-0.082082036386293
-0.0913864578558095
-0.163585134785507
-0.0865799143508533
-0.055075252209168
-0.122972706478573
-0.296639106357526
-0.141712979130864
-0.0925880871599982
-0.0992258633066137
-0.11237354602004
-0.082339958872185
-0.34252134227341
-0.0975041425482487
-0.0949876024251542
-0.13370035938664
-0.107718453304481
-0.122727570148098
-0.079942834433564
-0.13398219016531
-0.261979599786672
-0.196837149588633
-0.0803658876149921
-0.082339958872185
-0.121189237454471
-0.133567226137782
-0.0995811319068236
-0.119804657471149
-0.303353875122018
-0.104669461144826
-0.118417219164845
-0.227225446446212
-0.407576583465715
-0.102246772369482
-0.0944248971518203
-0.0793990650996368
-0.270841872661718
-0.0600010942233111
-0.0656997081680047
-0.329491104452115
-0.102141429276266
-0.115741896787705
-0.127194873683473
-0.11227817177788
-0.214526491939889
-0.374927908327297
-0.0779378831386928
-0.136218096904278
-0.071071478911043
-0.121722031940786
-0.147609693498617
-0.290821408872637
-0.0540352109215248
-0.141809661061554
-0.120549930143857
-0.142377092790498
-0.240188693500527
-0.211556334114529
-0.0895815905127078
-0.117803035011417
-0.130843964532114
-0.0697769308322305
-0.0527280411283905
-0.239381013835513
-0.13934254969808
-0.0934627784627152
-0.0983053753935232
-0.100006358409132
-0.0840538788190466
-0.121911995649924
-0.13788717826738
-0.120022818440305
-0.303353875122018
-0.0556547700525505
-0.102207848004228
-0.11152583034223
-0.247326257501715
-0.141944822168433
-0.100133955724336
-0.0784343017151242
-0.149361434364541
-0.254440245460993
-0.119861968844088
-0.0756488981857626
-0.0973425926916467
-0.397482603710326
-0.0794012710400943
-0.100321985817032
-0.122201260595379
-0.16930739184907
-0.107718453304481
-0.055426182615061
-0.0906513417191007
-0.130843964532114
-0.246991451914823
-0.0855379022857194
-0.0838157505639933
-0.195442170231228
-0.0676680047647428
-0.0895815905127078
-0.0848706594129673
-0.0860528171057715
-0.258229747576133
-0.0867549217823827
-0.104954780061283
-0.0838157505639933
-0.141634736055804
-0.0946845768569661
-0.115981585315914
-0.0822505825719602
-0.0933979697099055
-0.0584005366006345
-0.136611522282157
-0.374927908327297
-0.303353875122018
-0.23988442567503
-0.1468678651939
-0.240188693500527
-0.116819051413919
-0.120495856427084
-0.384499488677355
-0.0706942324441993
-0.0819498930871776
-0.152364796974947
-0.214293936169371
-0.101355072264432
-0.1323253403591
-0.0570681181375183
-0.0845443788839871
-0.258421220109994
-0.0487748594571288
-0.215389566879265
-0.0874743719582064
-0.084268769093221
-0.0984777435208494
-0.0821389582626873
-0.257470490098477
-0.095086471486953
-0.0929491049264785
-0.255403150657705
-0.120868456634751
-0.091550498055354
-0.233249384306201
-0.112837728773261
-0.287707920273587
-0.283622447194835
-0.0921821092408699
-0.0853298137095758
-0.10282882578431
-0.148972475855791
-0.0531676929040495
-0.117716617851493
-0.121266031660348
-0.102141429276266
-0.227758479846256
-0.082082036386293
-0.102207848004228
-0.249196258243612
-0.142227230043909
-0.121266031660348
-0.0825049752980212
-0.224589185893126
-0.144388882754141
-0.0982634725151628
-0.0828057028461065
-0.278186627498797
-0.252168970123521
-0.405361203592452
-0.118417219164845
-0.273024919806152
-0.0802055331545473
-0.0855527550804745
-0.120354166189113
-0.144687244197539
-0.288094931095446
-0.14300538916615
-0.0819498930871776
-0.11047400985407
-0.0800514784236112
-0.065801659306881
-0.0854681107246694
-0.131218183547276
-0.095086471486953
-0.101981437251439
-0.0552192460598614
-0.140879282808982
-0.0998569879180309
-0.405361203592452
-0.264390225161826
-0.148972475855791
-0.229903184188375
-0.144388882754141
-0.349981365624705
-0.0556288830144246
-0.0556547700525505
-0.273024919806152
-0.245496050629282
-0.0802055331545473
-0.13788717826738
-0.254440245460993
-0.0946845768569661
-0.270840638857834
-0.150314156298054
-0.104742492847485
-0.0813181564041699
-0.0946471639321394
-0.114192557371515
-0.0949876024251542
-0.109236607241282
-0.120022818440305
-0.104177662005207
-0.0866415203922121
-0.16930739184907
-0.233020221203778
-0.227170871472866
-0.119940427341789
-0.0919568558349534
-0.0839825513445076
-0.104669461144826
-0.0897695137801452
-0.144687244197539
-0.0646381403828028
-0.137203080108022
-0.298737937734072
-0.095424344307801
-0.0672402669765286
-0.101441672926194
-0.246991451914823
-0.227740513888366
-0.127194873683473
-0.0676225449418269
-0.102247662669536
-0.101981437251439
-0.101671895142671
-0.236579870046867
-0.091550498055354
-0.082339958872185
-0.0949876024251542
-0.0981264124163079
-0.0977529008477036
-0.141712979130864
-0.134905663109467
-0.0669430000287665
-0.0919568558349534
-0.0837484384615875
-0.240624374023003
-0.0566025273322923
-0.105794674747779
-0.316480231008844
-0.126447051300793
-0.142810911175585
-0.0983086335363506
-0.0823835209712932
-0.121266031660348
-0.095086471486953
-0.149274767835678
-0.229399301912476
-0.0995811319068236
-0.266210514248391
-0.100133955724336
-0.102207848004228
-0.303353875122018
-0.143660944744214
-0.0541740724344139
-0.0667378683648299
-0.233437356044829
-0.233437356044829
-0.0871198385344952
-0.142377092790498
-0.0668077085361348
-0.216625706076247
-0.0831647156789314
-0.223069237489345
-0.0825049752980212
-0.0468653019228934
-0.303353875122018
-0.407576583465715
-0.0667665232293069
-0.120549930143857
-0.0611532358837602
-0.122201260595379
-0.0932400719718058
-0.139838073623406
-0.122201260595379
-0.053739850501649
-0.0566025273322923
-0.134683487947937
-0.405311342986007
-0.205404291277246
-0.0981484001553238
-0.13461063503591
-0.148255822726043
-0.132313692092623
-0.113748152459218
-0.136611522282157
-0.370083780912673
-0.405642728647978
-0.107973447677177
-0.101981437251439
-0.0536891535454628
-0.11237354602004
-0.0843764821895391
-0.0900930461715138
-0.113380535487734
-0.0494338662252739
-0.111240956006173
-0.0808905332714202
-0.249196258243612
-0.0981300947930075
-0.287707920273587
-0.102590748804334
-0.112038721548335
-0.120621607055272
-0.0848706594129673
-0.0995894003432063
-0.0894842715356652
-0.100965387932735
-0.263516271416074
-0.0795801601969662
-0.238222886487298
-0.157117740270258
-0.113380535487734
-0.255403150657705
-0.106717688494402
-0.113706480195103
-0.0801715581925233
-0.113706480195103
-0.0813243982735504
-0.101441672926194
-0.100897863523931
-0.078036743549253
-0.141712979130864
-0.114617500673373
-0.0646381403828028
-0.142377092790498
-0.397148161991532
-0.136218096904278
-0.405311342986007
-0.118331130106138
-0.139565209423585
-0.266210514248391
-0.136218096904278
-0.13788717826738
-0.0859666262013062
-0.0690202690915797
-0.214293936169371
-0.143660944744214
-0.35614144258034
-0.0706942324441993
-0.105411883212425
-0.141712979130864
-0.233020221203778
-0.224576083501391
-0.0865619614604577
-0.0981300947930075
-0.102590748804334
-0.111835791561053
-0.352167716400176
-0.0532089573961842
-0.102141429276266
-0.180735182017467
-0.0837484384615875
-0.0979295687732372
-0.227508037952516
-0.219713813501656
-0.080663129319734
-0.0673244384401742
-0.084268769093221
-0.0915209090289244
-0.0829072772180102
-0.255403150657705
-0.104584359620371
-0.0830250525742424
-0.227740513888366
-0.127194873683473
-0.0535225713762427
-0.0840538788190466
-0.0819816454711114
-0.091943150674417
-0.278186627498797
-0.115741896787705
-0.0826134933294516
-0.101981437251439
-0.0821389582626873
-0.134510565089748
-0.0813181564041699
-0.0982634725151628
-0.0984777435208494
-0.119836106876839
0.0159243546384231
-0.127201708178762
-0.0536586420947377
-0.0735759409509844
-0.0983086335363506
-0.101981437251439
-0.422113786672183
-0.142077092838569
-0.121540261662434
-0.224589185893126
-0.10282882578431
-0.0815093632014379
-0.078036743549253
-0.0915209090289244
-0.13370035938664
-0.27916447536713
-0.290821408872637
-0.0801715581925233
-0.26235781454565
-0.121911995649924
-0.084261023957793
-0.135698172890363
-0.0664815513635964
-0.259577608111956
-0.11152583034223
-0.12530781256852
-0.0803824172181303
-0.134764724811772
-0.136913791267754
-0.39555182179203
-0.118662835046636
-0.0827836119951392
-0.259577608111956
-0.409945998022774
-0.159463441211525
-0.10054714096832
-0.405361203592452
-0.084243707653564
-0.233249384306201
-0.134764724811772
-0.121189237454471
-0.123273646363094
-0.095424344307801
-0.227508037952516
-0.100133955724336
-0.0777969095611321
-0.0826134933294516
-0.102294811089251
-0.0934627784627152
-0.23810273087485
-0.352167716400176
-0.135847299271433
-0.0843764821895391
-0.135147471969995
-0.13934254969808
-0.0860528171057715
-0.171105312909913
-0.120495856427084
-0.167883832337263
-0.0899337662390621
-0.115378316469526
-0.249196258243612
-0.100663464925583
-0.0930179698575143
-0.236226177699481
-0.0787452934025346
-0.27916447536713
-0.122041805951633
-0.124495648465823
-0.100006358409132
-0.0732956708416659
-0.095066941305159
-0.0915209090289244
-0.0946845768569661
-0.212288560125957
-0.112959361344147
-0.26235781454565
-0.0921821092408699
-0.0915209090289244
-0.227758479846256
-0.0991604760863689
-0.134510565089748
-0.0804005939583554
-0.434957691414073
-0.245199934708838
-0.111240956006173
-0.264390225161826
-0.1468678651939
-0.225119062529246
-0.091550498055354
-0.212288560125957
-0.233249384306201
-0.0983086335363506
-0.106142825111118
-0.115943910944378
-0.117029388349653
-0.0865619614604577
-0.140387445449016
-0.0871829007095447
-0.134852889958217
-0.0833669209940352
-0.0800514784236112
-0.263516271416074
-0.0865799143508533
-0.142377092790498
-0.0866415203922121
-0.0945546179616493
-0.114340116843789
-0.083736883392877
-0.216625706076247
-0.0855379022857194
-0.254440245460993
-0.0845443788839871
-0.135792910665229
-0.134905663109467
-0.273024919806152
-0.0786775960092048
-0.0552192460598614
-0.079942834433564
-0.122084425484642
-0.071590151342418
-0.116819051413919
-0.107718453304481
-0.100321985817032
-0.283622447194835
-0.0608565963348534
-0.135792910665229
-0.106717688494402
-0.134764724811772
-0.0546863606695991
-0.236579870046867
-0.287707920273587
-0.0905553383357523
-0.059495940988216
-0.253274456927344
-0.215389566879265
-0.0510041534287205
-0.120354166189113
-0.196837149588633
-0.0859666262013062
-0.103544472715823
-0.103309753886343
-0.0662773964203689
-0.148255822726043
-0.210319676388377
-0.122041805951633
-0.114340116843789
-0.102260392259718
-0.245655950263042
-0.0676680047647428
-0.149361434364541
-0.0995894003432063
-0.0797740224021476
-0.102207848004228
-0.148972475855791
-0.0995894003432063
-0.055667036288509
-0.118019831863379
-0.254440245460993
-0.123006980661744
-0.0668651991049431
-0.0824762690548892
-0.287707920273587
-0.13934254969808
-0.122494560617751
-0.287707920273587
-0.0825049752980212
-0.349734462879545
-0.0902702813129631
-0.0646381403828028
-0.169230113450263
-0.0861337256503375
-0.0608565963348534
-0.214293936169371
-0.122041805951633
-0.0900930461715138
-0.136181380537757
-0.233020221203778
-0.120425357538171
-0.384129093520225
-0.0915209090289244
-0.0954150761174727
-0.233437356044829
-0.105411883212425
-0.101880653987555
-0.13398219016531
-0.102246772369482
-0.0899337662390621
-0.0981817304822729
-0.113706480195103
-0.102260392259718
-0.0861337256503375
-0.140879282808982
-0.120022818440305
-0.183998115281666
-0.0791537560513765
-0.118517116373978
-0.253998656599406
-0.102117935376186
-0.427325748480898
-0.137214779616194
-0.121266031660348
-0.121266031660348
-0.141712979130864
-0.0577206654137564
-0.101324494543245
-0.0810889457221288
-0.0843764821895391
-0.0866415203922121
-0.140879282808982
-0.288094931095446
-0.287707920273587
-0.0834851582796218
-0.0964992374117833
-0.136611522282157
-0.223468994139402
-0.0922269121623495
-0.0994500039949074
-0.226587256251661
-0.255042636128356
-0.147609693498617
-0.075731742510435
-0.075283564365637
-0.117029388349653
-0.370155040783904
-0.0756042670153451
-0.212288560125957
-0.100965387932735
-0.0865619614604577
-0.102950530054205
-0.122372910747006
-0.13370035938664
-0.264390225161826
-0.0900930461715138
-0.0952619887764219
-0.14325835836302
-0.102117935376186
-0.0808905332714202
-0.0795801601969662
-0.0896788728035302
-0.22396936081184
-0.167883832337263
-0.122900605572657
-0.106142825111118
-0.0908150575952094
-0.224589185893126
-0.303353875122018
-0.0556728314215354
-0.122201260595379
-0.138487363591521
-0.258581644814481
-0.0786775960092048
-0.0564819065995635
-0.0813181564041699
-0.265840405171873
-0.0817687112153689
-0.102207848004228
-0.111798185987544
-0.0554866909833331
-0.13143614476683
-0.111798185987544
-0.11776629194875
-0.134852889958217
-0.0561853524845714
-0.105082080221431
-0.0788810694625654
-0.0871829007095447
-0.149484037359258
-0.0721623300758241
-0.100965387932735
-0.0867549217823827
-0.120425357538171
-0.34252134227341
-0.0505430731863054
-0.122727570148098
-0.095086471486953
-0.0964992374117833
-0.083552181440947
-0.14300538916615
-0.163585134785507
-0.13398219016531
-0.0545227595199472
-0.233701709966815
-0.0925880871599982
-0.222079260337333
-0.115878262781108
-0.134683487947937
-0.155934536272747
-0.0885006806682469
-0.00808135688895352
-0.0813181564041699
-0.150475638378289
-0.139838073623406
-0.0536891535454628
-0.0539262988476586
-0.0897695137801452
-0.130800001777725
-0.102260392259718
-0.105095952051539
-0.116819051413919
-0.206880430995039
-0.0760586059686239
-0.0843764821895391
-0.111671596405993
-0.258581644814481
-0.0815093632014379
-0.0839825513445076
-0.17371289231543
-0.137214779616194
-0.0800514784236112
-0.0982634725151628
-0.113380535487734
-0.0907160263820882
-0.0934627784627152
-0.0848706594129673
-0.095086471486953
-0.142077092838569
-0.106142825111118
-0.266210514248391
-0.106717688494402
-0.370083780912673
-0.196837149588633
-0.227170871472866
-0.103309753886343
-0.118517116373978
-0.117534904271407
-0.0841227435881278
-0.0983053753935232
-0.404968638640741
-0.0855527550804745
-0.148255822726043
-0.112578084665338
-0.08191184411553
-0.108754244652601
-0.116134405274701
-0.0929687104310997
-0.0779378831386928
-0.0789005027703914
-0.0855379022857194
-0.224589185893126
-0.345183421416669
-0.0941680745571861
-0.102294811089251
-0.0984777435208494
-0.0831647156789314
-0.106142825111118
-0.290821408872637
-0.102950530054205
-0.0839825513445076
-0.289780012425778
-0.0646381403828028
-0.23810273087485
-0.079942834433564
-0.0843764821895391
-0.0774425550113604
-0.123273646363094
-0.0820499991548446
-0.216579890455935
-0.102117935376186
-0.19212037412403
-0.18178710937902
-0.138487363591521
-0.271162680821955
-0.0487748594571288
-0.276809227820815
-0.271443165981368
-0.0735759409509844
-0.155934536272747
-0.0838157505639933
-0.0771018862460207
-0.102247662669536
-0.227740513888366
-0.0656618183446763
-0.140879282808982
-0.0721696239476026
-0.127201708178762
-0.0569758954868771
-0.397148161991532
-0.102247662669536
-0.101230553233668
-0.0554826939109492
-0.245496050629282
-0.232850834594897
-0.091943150674417
-0.233701709966815
-0.142810911175585
-0.0646381403828028
-0.0925880871599982
-0.242490069635134
-0.095086471486953
-0.0787099194617471
-0.23988442567503
-0.0982634725151628
-0.071071478911043
-0.119836106876839
-0.270840638857834
-0.0874120322805453
-0.148972475855791
-0.119940427341789
-0.0792658655627852
-0.0690202690915797
-0.119941189589006
-0.0894297709233387
-0.0779378831386928
-0.0874743719582064
-0.0895815905127078
-0.103793761339556
-0.288094931095446
-0.133567226137782
-0.169230113450263
-0.102247662669536
-0.0527280411283905
-0.0908891403186984
-0.0946845768569661
-0.0861337256503375
-0.180735182017467
-0.121722031940786
-0.0800514784236112
-0.111671596405993
-0.0786987814760122
-0.0756034876938776
-0.288094931095446
-0.255403150657705
-0.236579870046867
-0.236226177699481
-0.136913791267754
-0.161596050448438
-0.148255822726043
