12.6181548812237
19.5967885280479
18.3299057810345
21.5823349063048
4.59858937396575
55.7349710520157
1.1768896584631
10.6007519276363
40.9949394349496
16.0480171439813
36.3423003629214
10.7261589645732
2.15563715751478
36.608351845447
50.0574760485197
93.6574170354543
40.7535090248439
12.2728239938624
55.7349710520157
21.6624237831265
56.9419528470753
93.6574170354543
21.3531592077943
73.33361974117
55.7349710520157
14.4227894869741
16.4332306681317
17.3271227692694
10.9056319951969
30.3722291332178
14.8847427957389
20.0388736193145
20.1556352158732
16.8730428435047
16.2983087138455
47.6010743976394
55.8160067239314
10.4794834316763
12.6181548812237
2.55526398686652
20.5218929255861
4.35474293471952
4.9709821870033
21.119960482737
56.265953666807
17.2688355889441
21.8724272084419
10.5438462426027
0.57020915057501
12.1637171825496
10.4475193053349
16.2983087138455
35.9907621593411
9.63170379654366
18.4197249805511
12.267152190916
19.6318131131666
18.0516731393518
35.9907621593411
27.4715854406668
7.13984958338278
20.8416288148255
10.1725238327135
9.5990127633072
20.4381784521811
77.1855684386228
55.8715264684906
10.3300107030673
2.55526398686652
10.0020218652708
14.8847427957389
3.20926426634014
25.1527991676576
2.15563715751478
20.5218929255861
39.7119384080415
40.4469980387039
18.7173523753227
2.25234637123458
36.3355752819043
20.9208026895749
55.3567316204208
37.142904111297
40.9949394349496
46.956728956402
8.06435275889271
21.9875187061116
10.610432094375
5.61919653104451
27.4075250743435
9.73078676294335
28.3994299992191
18.1090567255042
36.846936477672
3.3841091943159
52.8113560685688
6.92260394918821
15.9008287007646
8.27423305504362
33.8084649560969
20.6073476919883
21.6973618917
21.3355798250004
7.35243699926468
10.2296008908224
2.55526398686652
36.6839089186706
39.7378002617952
55.0987579185639
8.08437684497585
12.9947153966978
18.7173523753227
61.4594174190461
4.83697826896287
16.4108438170761
48.0661746504829
21.1823199336923
21.8724272084419
5.02592588324114
7.04761550582589
14.408553588376
15.0562945504562
1.1768896584631
-0.668807053766159
56.2405942481528
73.33361974117
56.4370441507326
25.1527991676576
16.9226883163738
14.4227894869741
12.9947153966978
54.8128839627534
13.4175859599891
9.5990127633072
17.9675362738326
10.7261589645732
28.3704694340413
7.04761550582589
4.53418552161747
21.119960482737
28.5507219538013
21.0108385511794
3.87036542655051
1.31778384302788
15.6515498286381
1.03495158162877
9.63170379654366
77.1855684386228
9.63170379654366
15.8381807578207
13.579020175659
1.61227970690788
24.0331804672496
9.25013177069013
20.8416288148255
46.315545361098
1.26787516569379
22.0788469674626
48.4176188622987
15.5866644720309
3.98267635761385
40.6371490880283
1.50665343550781
54.9671562859694
14.2386956833789
18.1090567255042
18.8002625983208
27.4425147409383
56.6148719116591
29.1236187825434
25.7525231734508
1.42536257041274
54.6142037849204
21.3685906751389
9.63170379654366
13.579020175659
22.4664099324837
38.1940161947878
16.6339764886234
39.7119384080415
2.15563715751478
7.87476471583796
25.1527991676576
28.5000908245165
0.894353444832177
1.99946840208395
23.4377916395006
11.8685084006065
18.4277226822705
43.5670825493044
10.6007519276363
20.8416288148255
21.6137227195213
35.107908806076
19.815568464468
0.847694359198158
21.1539621433531
27.9081009538313
2.63369551592859
5.61919653104451
17.9675362738326
40.6371490880283
2.55526398686652
49.406246628334
10.7766023580803
36.608351845447
19.815568464468
18.1038888021185
2.65197966717415
20.5218929255861
17.9749684955168
73.33361974117
11.6360978230941
18.7196808034669
54.9421069614345
12.0773795789632
30.7021002754809
22.0788469674626
8.98143303645429
56.9419528470753
11.1451663404005
20.6340609441195
16.4856310792838
30.3722291332178
18.4539014833135
7.21924052473059
0.540239892975933
5.2488804205741
11.9705015692375
40.7147582116177
8.95433282788599
1.26149283701079
7.29099363847217
14.28979044673
4.83697826896287
19.1221669742445
7.72090690812865
18.7786192451131
14.5822818018123
55.4006408789755
47.9416551013092
18.9396573533959
17.5756226363355
5.43146983178394
21.09239296335
14.6924224270224
10.7261589645732
16.9226883163738
21.900836577619
35.3413768880728
19.5967885280479
36.9806220220198
18.2961836977447
12.0764181748063
17.9218875239521
73.33361974117
12.2840274818718
15.334122977094
10.6567047037961
48.4176188622987
13.7279028719176
4.77173646295614
1.26812506857414
5.99932896533937
93.6574170354543
35.7509832992055
6.09177394846029
13.4190354526454
10.485973078039
26.2038031114535
3.83726637823565
16.2983087138455
14.4227894869741
5.61919653104451
3.110360050297
21.8241651267354
5.43146983178394
49.6703108773627
37.1000092679515
36.9783801350695
11.6975858564228
1.17788898654862
18.9396573533959
35.6099254182573
23.8807329293013
56.265953666807
21.4242126266981
13.8729685002036
36.9783801350695
11.0376911521571
21.3531592077943
4.08824398908109
37.3098395111956
20.3974836349271
16.1078049236476
3.20926426634014
11.9705015692375
73.33361974117
0.216952766812028
7.61289181298525
55.4006408789755
10.1892586890808
18.8002625983208
11.780700550642
24.6059164558719
40.2061766964689
9.81250366243057
48.0661746504829
35.447901839043
7.35243699926468
11.6932373466643
36.5982570654451
56.2405942481528
10.0020218652708
49.6202818016764
23.5571460257925
36.2233034848596
14.1202705681389
35.9907621593411
53.8058423321309
21.4566247340035
18.5023821007399
56.826412254979
2.13612251227732
20.4894182781954
54.0710853150722
13.938251401144
55.8019690142137
46.3777999236063
12.0271756697193
37.142904111297
29.1236187825434
10.2296008908224
19.0177078032448
1.03495158162877
17.5769399961264
30.3722291332178
61.4594174190461
28.5000908245165
15.334122977094
56.0978495747713
8.19624339446318
17.5769399961264
11.7519206153715
46.7660456906515
9.25013177069013
22.2040698131641
30.8980146281428
56.8906709742096
2.63727260842143
12.1297562704085
18.7196808034669
56.6148719116591
25.9617069794404
11.0750085568943
8.8305813524621
14.5492931451263
55.0987579185639
7.57589747920019
40.2061766964689
-0.384117877035806
40.4469980387039
10.2372130295989
35.3132316504743
7.92040916083988
21.4566247340035
15.661913878108
13.6462915282937
8.27423305504362
-0.944646578398078
12.1297562704085
55.3147640605057
10.2296008908224
2.8322705540495
9.25013177069013
12.4426976784575
16.2118354378745
12.2840274818718
56.6148719116591
55.2756228966755
25.9617069794404
12.0764181748063
93.6574170354543
21.3531592077943
54.8128839627534
7.4930302690691
16.1495962858462
39.7378002617952
1.1768896584631
10.2868310773956
27.9081009538313
16.9173676593537
17.9218875239521
10.3300107030673
22.4300952570629
14.4227894869741
54.6142037849204
51.4383380377803
34.8103567257585
18.3299057810345
35.0542502251083
11.6360978230941
19.6329487420808
14.5492931451263
28.7534811274891
16.255038365568
45.5885284138021
14.9799833968705
9.67978118773317
19.739480949549
49.6703108773627
28.8847560568429
7.21924052473059
20.7601263062497
18.2501359556154
15.661913878108
15.8529572618027
2.62942412350185
20.4894182781954
19.815568464468
27.9081009538313
21.2563643183094
21.7793356931234
10.6007519276363
15.49244965036
20.1267853127101
18.3299057810345
22.0651687100471
51.4343639127583
2.52893019795238
14.994626502672
-1.22848486770772
7.61996199924806
10.610432094375
21.6624237831265
37.1650215100417
17.5769399961264
21.4566247340035
-0.560438020458605
5.34479754478753
20.5218929255861
55.8160067239314
4.77173646295614
15.334122977094
73.33361974117
5.03625342785745
16.6686042212841
7.98511012981226
50.5694107088384
50.5694107088384
23.5858327804253
14.5822818018123
21.9985349835897
47.0581659598993
31.4242526487033
46.9788220082373
11.7519206153715
3.87036542655051
73.33361974117
12.0773795789632
21.5030706102352
18.7786192451131
4.21775995366079
16.2983087138455
8.48133267157937
16.8730428435047
16.2983087138455
18.1353305481043
2.52893019795238
14.3018140754111
14.0377954234532
49.0985073864504
7.00147492284304
16.4271410939946
2.15563715751478
15.9947605034777
8.98655583714071
3.20926426634014
13.0827594727148
15.6101200703147
11.4873993287947
15.661913878108
19.0093676446413
35.107908806076
22.4664099324837
22.4450276592088
0.395550075194478
6.16011540657246
17.502193182153
36.5899856627257
56.0978495747713
21.7763003708042
55.8019690142137
5.01837222764289
4.9809972455605
5.07161629402981
35.6099254182573
21.6092460595082
7.59306389104768
18.7173523753227
-0.566984583158956
37.536636392384
48.8184058424486
2.53901128597408
0.395550075194478
56.826412254979
14.2386956833789
8.08437684497585
11.3484046975373
8.08437684497585
28.3994299992191
19.739480949549
3.42371973269383
27.1206841332423
10.6007519276363
12.6181548812237
28.7534811274891
14.5822818018123
11.3162373309647
8.95433282788599
14.0377954234532
18.0052902536154
16.5362902552642
55.8160067239314
8.95433282788599
12.0764181748063
23.1014062772811
21.3785037349171
48.0661746504829
5.03625342785745
3.12277972616153
24.6059164558719
0.30290412498789
10.6007519276363
54.6142037849204
3.05778234951777
21.683792769385
21.7763003708042
5.01837222764289
12.9947153966978
1.31778384302788
19.9643495509554
30.3722291332178
4.18015100355296
22.0651687100471
3.39379559114923
37.4267447494713
2.09348079988877
40.9949394349496
20.4846816135469
36.2233034848596
27.4425147409383
36.6354495000814
56.826412254979
12.4801818712704
28.7199906735295
28.8847560568429
7.21924052473059
13.9389717866288
36.9806220220198
35.8723324274415
20.9756948773065
56.8906709742096
18.4539014833135
21.5823349063048
15.661913878108
35.9907621593411
2.54457238370469
39.7378002617952
22.2040698131641
14.1202705681389
17.8481559544207
7.79774005957779
3.69583462296578
14.8534110934161
25.4606271614466
21.6624237831265
15.661913878108
9.71815485452771
10.5438462426027
17.9823668490917
46.7660456906515
29.1236187825434
37.4984734158716
27.1206841332423
27.4425147409383
2.63369551592859
55.9045885275191
4.83697826896287
11.3484046975373
45.6872264812928
18.2961836977447
22.183281754491
1.91465927588615
19.0238926151196
55.3567316204208
10.6567047037961
8.53642366786517
38.1940161947878
14.9895467029273
15.0274630991962
14.9314001022385
36.1614312625734
30.1145272460526
55.3567316204208
12.8092689907135
4.45572859768981
0.107359332866963
12.1297562704085
30.5670650777829
54.0710853150722
14.9895467029273
18.1038888021185
17.0943298169841
14.9799833968705
37.4267447494713
4.77173646295614
40.6732706379607
21.5823349063048
30.4394790184815
21.900836577619
55.0479813948114
1.31778384302788
11.0049613066758
22.4664099324837
6.93547073560512
16.9226883163738
23.8807329293013
2.92616373543706
18.8002625983208
4.23048626173932
18.9744572174168
1.15140160101691
56.0978495747713
19.4739935876278
3.85450287024696
55.7349710520157
26.5437765792631
55.9045885275191
35.4621138069269
8.24522231469928
19.5967885280479
25.191654482549
34.2898402588926
27.4425147409383
21.3531592077943
77.1855684386228
1.0815821999563
45.6872264812928
12.0271756697193
27.4425147409383
61.4594174190461
5.32243949614622
2.54457238370469
39.8260569443446
13.9801508676155
0.0946240607586333
17.502193182153
55.3147640605057
7.61289181298525
31.6416894472504
20.4894182781954
77.1855684386228
54.0710853150722
21.6624237831265
14.9161796481658
4.06978796596059
10.1443740585783
21.683792769385
9.80528188068274
21.6973618917
2.34239761615481
37.2309091275711
40.4469980387039
-0.566984583158956
23.4377916395006
14.5822818018123
22.4300952570629
20.9696301108888
7.57454044092628
28.5507219538013
47.0581659598993
37.1000092679515
93.6574170354543
36.5982570654451
1.82911208759151
15.49244965036
56.6148719116591
39.7160389309774
13.6462915282937
40.6371490880283
-0.459300270133554
0.650805725985265
10.1892586890808
5.61919653104451
3.83726637823565
46.3777999236063
5.02592588324114
1.82911208759151
14.2386956833789
14.9895467029273
14.0071971875423
2.62942412350185
55.8019690142137
8.05137415918398
11.9225387604038
55.6132230674993
49.6202818016764
14.2175712833814
8.8305813524621
10.7766023580803
23.1014062772811
7.22307963686217
16.5321564642873
20.1556352158732
2.15563715751478
50.0574760485197
35.4621138069269
7.57454044092628
18.079472741365
46.315545361098
1.17788898654862
5.99932896533937
21.6092460595082
39.7119384080415
15.334122977094
10.2296008908224
21.6092460595082
17.7907354742529
7.96388797423788
93.6574170354543
5.73813411395395
21.1989182182588
36.3423003629214
55.8019690142137
16.9226883163738
34.7112074626475
55.8019690142137
11.7519206153715
4.44249157160903
4.83187034598677
28.7534811274891
26.623598297439
23.737905303391
5.02592588324114
48.0661746504829
35.4621138069269
22.4450276592088
14.1631148366414
54.6142037849204
18.7396870647626
11.5644723945775
27.4425147409383
3.09155465314461
50.5694107088384
0.30290412498789
4.80633344136459
2.55526398686652
30.7021002754809
18.9744572174168
20.0388736193145
8.08437684497585
18.079472741365
23.737905303391
8.27423305504362
17.9218875239521
6.45100541135298
24.8347209817366
9.5364615284825
47.6010743976394
16.2115992006566
12.9957527378992
7.69287919264843
17.5769399961264
17.5769399961264
10.6007519276363
6.09586960283696
16.3845743406564
36.6410477608169
22.4664099324837
22.4300952570629
8.27423305504362
55.0987579185639
55.8019690142137
6.16291996058226
21.119960482737
3.20926426634014
32.1474474113338
17.4029546519914
21.3685906751389
60.3253745578113
56.1848425189637
14.28979044673
24.5510864448115
-0.668807053766159
10.1443740585783
6.26263258800645
25.0250862518806
77.1855684386228
18.7173523753227
21.683792769385
19.3424547071154
17.7876148735631
2.63369551592859
55.3147640605057
22.4450276592088
-2.23392830336638
13.594645779558
16.2115992006566
36.5899856627257
37.536636392384
21.8724272084419
1.1698064103789
4.23048626173932
17.8623540657927
14.9161796481658
21.5740364622961
46.7660456906515
73.33361974117
14.3569346581171
16.2983087138455
16.5334744352804
46.956728956402
39.7160389309774
18.9710962444606
39.7378002617952
0.642028618740824
28.3704694340413
15.334122977094
35.4381470033677
12.0480890291437
4.13227639965226
35.4381470033677
3.82115941209941
2.34239761615481
17.8710692307613
3.86725570641056
39.7288300876116
21.6973618917
-0.828873867716766
24.8814849467581
18.7173523753227
21.4242126266981
18.7396870647626
0.847694359198158
2.61660659791232
17.9675362738326
21.4566247340035
21.119960482737
29.6689010404953
7.57589747920019
1.99946840208395
2.55526398686652
11.879831344002
27.4715854406668
20.8416288148255
4.57810643834091
7.78265479384845
14.3018140754111
0.710656998842751
25.1527991676576
4.74017582797887
39.7378002617952
1.51276223725972
16.8730428435047
19.0093676446413
18.0928639351405
19.6329487420808
3.1629748285186
18.079472741365
2.4801881723597
10.1892586890808
44.5092956741046
1.21073744037267
22.4664099324837
19.7968004603226
46.956728956402
37.4984734158716
35.0542502251083
3.78161152711618
7.69287919264843
40.4469980387039
22.2040698131641
0.395550075194478
19.6229160721941
21.900836577619
35.6099254182573
21.4566247340035
10.5438462426027
14.9161796481658
55.8160067239314
14.2386956833789
13.0827594727148
10.7766023580803
51.4383380377803
16.5321564642873
9.5364615284825
7.31934509295479
30.9229237467734
35.3413768880728
10.6318067179982
11.0750085568943
2.15563715751478
36.0649101962372
36.2725513466357
4.14829275164402
9.63170379654366
21.0108385511794
40.7147582116177
26.3443799980923
37.1000092679515
46.7660456906515
2.36685224860344
5.22731938780362
30.4394790184815
14.1202705681389
31.4242526487033
14.9161796481658
4.83697826896287
19.3424547071154
35.0542502251083
43.8401138200425
28.7534811274891
55.0479813948114
40.6371490880283
22.4664099324837
-0.755377987267821
17.0943298169841
27.0143688760327
46.1142593678633
16.2115992006566
1.12096415100768
3.71788489178471
16.5334744352804
14.6344421788854
10.0020218652708
56.4370441507326
56.1267903263451
25.4606271614466
0.710656998842751
36.9783801350695
40.7535090248439
18.2501359556154
28.8847560568429
21.1722179349781
8.27423305504362
25.1239390975843
3.69583462296578
17.3271227692694
11.3162373309647
18.2501359556154
14.0287314738516
16.6252199226474
55.2756228966755
45.2980762185889
20.9756948773065
27.4715854406668
10.610432094375
28.7534811274891
20.8416288148255
2.6111471564941
21.4566247340035
25.9653029777801
0.216952766812028
22.2040698131641
1.26149283701079
17.8481559544207
54.8128839627534
21.9708437690897
10.2296008908224
34.8103567257585
25.6782686426468
21.3785037349171
18.7556938910075
12.8457913555194
40.7147582116177
23.5571460257925
18.9396573533959
15.560539248605
55.0987579185639
2.65197966717415
26.623598297439
18.2501359556154
14.6924224270224
21.1823199336923
21.3531592077943
23.737905303391
4.18015100355296
7.29099363847217
40.4469980387039
19.7968004603226
1.52258363598548
25.4370916523367
55.0987579185639
56.826412254979
2.62942412350185
55.7349710520157
15.0274630991962
0.414926529691002
2.15563715751478
