5.67374697607917e-05
4.95032909908054e-05
4.55226796355747e-05
4.08946079643958e-05
5.50939200112615e-05
0.000116930422045382
4.68602305867873e-05
7.0149312954084e-05
3.99275344494963e-05
5.19103957713156e-05
4.0824621679612e-05
0.000118496929573522
7.33853920673907e-05
3.97808385922929e-05
0.000104108309339953
0.000125956537833332
3.81644511075916e-05
5.12032003074012e-05
0.000116930422045382
4.86630094585686e-05
0.000134067333567026
0.000125956537833332
4.68687020665765e-05
0.000150193624199132
0.000116930422045382
8.38093475844591e-05
5.08971314656474e-05
2.82074971145935e-05
5.49336999748943e-05
5.05605580982032e-05
5.13461927019637e-05
4.86015872199926e-05
3.28091678961722e-05
6.92192448894495e-05
6.04894465488633e-05
0.00012572537641865
0.000131774000084943
2.973668617938e-05
5.67374697607917e-05
6.63211959323277e-05
4.92967066325863e-05
-4.54686133637222e-06
4.43125453055408e-05
4.77679514550889e-05
0.000127823281892308
4.9041117616489e-05
4.43902194877923e-05
7.03300260562047e-05
3.37546562780903e-05
2.83075467512664e-05
7.08743624417241e-05
6.04894465488633e-05
4.06619730933049e-05
5.74892456371604e-05
5.44306632021871e-05
5.77816505975383e-05
4.61411369937264e-05
5.83670904839794e-05
4.06619730933049e-05
0.000115681998289814
6.70468317595826e-05
4.58337522288088e-05
6.88401857962331e-05
9.44330754892623e-05
4.91665178433521e-05
0.000105116081861436
0.000128209689394665
5.15706688251508e-05
6.63211959323277e-05
2.41486351433425e-05
5.13461927019637e-05
6.76530494451097e-05
4.38244905799852e-05
7.33853920673907e-05
4.92967066325863e-05
3.9487865722597e-05
3.96245574782083e-05
4.99789291580406e-05
6.69808292164369e-05
4.07961439590445e-05
4.77235384748205e-05
0.000128492539063385
4.22373480285001e-05
3.99275344494963e-05
0.000128000994935851
-1.13330066263333e-05
4.88900559598923e-05
7.06922916173281e-05
5.33207358776436e-05
5.98281477478441e-05
6.09583841208271e-05
4.02558770696585e-05
5.7829135515463e-05
4.20944352841228e-05
7.28221339823352e-05
0.000128704213392403
-1.19060874604713e-05
6.82690642700585e-05
6.97404941350752e-05
5.89882454705001e-05
4.36023553192513e-05
4.31582628996889e-05
4.95737711385568e-05
6.55007338504557e-05
7.37436913494767e-05
6.63211959323277e-05
4.05619422455208e-05
4.02526405124939e-05
0.000142618135035466
5.62841715461449e-05
5.5359780774104e-05
4.99789291580406e-05
0.000112744123198234
0.000143965876084195
5.32391722037001e-05
0.000106077230621181
4.49897489689769e-05
4.43902194877923e-05
3.01244793524028e-05
6.86352640416291e-05
0.000134341229107808
5.05183124124938e-05
4.68602305867873e-05
3.72795330829152e-05
0.000127918460741066
0.000150193624199132
0.00013702098985392
4.38244905799852e-05
6.89736018751418e-05
8.38093475844591e-05
5.5359780774104e-05
0.000134067468561305
7.155006370956e-05
9.44330754892623e-05
6.07490723655061e-05
0.000118496929573522
4.04752910099043e-05
6.86352640416291e-05
7.31502570881408e-05
4.77679514550889e-05
4.14514909946798e-05
4.60195212298966e-05
2.31989234345498e-05
0.000174321590187697
4.60526981715395e-05
5.82698727966988e-05
5.74892456371604e-05
0.000105116081861436
5.74892456371604e-05
6.92108654183787e-05
6.99484711995126e-05
9.00660057854999e-05
3.47445052780498e-05
7.14765224008418e-05
4.58337522288088e-05
0.000121596101371384
4.71053747974208e-05
4.67388353589347e-05
0.000122428830098682
5.29890906535733e-05
0.000175124270487163
3.95708157564156e-05
7.31735475622302e-05
0.000126482109001569
5.28254163886331e-05
5.7829135515463e-05
5.96448655887488e-05
4.53050553074558e-05
0.000135148048484139
5.09031237626832e-05
3.94151975909344e-05
4.63203055115275e-05
0.000115345747675676
4.92278078356705e-05
5.74892456371604e-05
6.99484711995126e-05
4.17653772538524e-05
3.97884564392439e-05
2.69496735332848e-05
3.9487865722597e-05
7.33853920673907e-05
7.57937529170019e-05
4.38244905799852e-05
4.06304925846214e-05
4.52379201593967e-05
8.09719906797784e-05
4.28568189253247e-05
2.72629690138107e-05
6.08861681149554e-05
0.000146835387337336
7.0149312954084e-05
4.58337522288088e-05
4.91161700949072e-05
5.56262615234887e-05
4.07606008634042e-05
0.000169548500372251
4.82655155894798e-05
4.70224258351584e-05
6.61805303035898e-05
5.33207358776436e-05
6.07490723655061e-05
3.95708157564156e-05
6.63211959323277e-05
0.000129681342004619
9.74376457205863e-05
3.97808385922929e-05
4.07606008634042e-05
5.99888949384354e-05
6.61144140265224e-05
4.92967066325863e-05
5.93040077961403e-05
0.000150193624199132
5.18131934424315e-05
5.86144334505895e-05
0.00011247842504863
0.000201787710123902
5.06125817370415e-05
4.67388353589347e-05
3.93209345776868e-05
0.000134067333567026
2.97003862879759e-05
3.25218632435634e-05
0.000163091250517957
5.05605580982032e-05
5.72931421401452e-05
6.29622562116923e-05
5.5578790066408e-05
0.000106199786403533
0.000185632703962106
3.85783205493023e-05
6.74312687534281e-05
3.51801403398065e-05
6.02537370551569e-05
7.30681797102318e-05
0.000143965876084195
2.67471989877323e-05
7.01938353068401e-05
5.96717783642538e-05
7.04781747610966e-05
0.00011889345889576
0.000104721726354121
4.43455287370446e-05
5.83119087703416e-05
6.47735653645096e-05
3.45427978267115e-05
2.61002208443421e-05
0.000118496929573522
6.89736018751418e-05
4.62651002200028e-05
4.86592566757042e-05
4.95032909908054e-05
4.16067386908844e-05
6.03469717338872e-05
6.82548840529622e-05
5.94099778154972e-05
0.000150193624199132
2.75490532792285e-05
5.05920804441856e-05
5.52076509701669e-05
0.000122428830098682
7.0264194956901e-05
4.95824069660328e-05
3.88487811109979e-05
7.39353050360316e-05
0.000125956537833332
5.93304395363784e-05
3.74462821393017e-05
4.81835220591013e-05
0.000196753695783141
3.93043653163276e-05
4.96641878463716e-05
6.04894465488633e-05
8.38093475844591e-05
5.33207358776436e-05
2.74382901806852e-05
4.48713718615758e-05
6.47735653645096e-05
0.000122262142468234
4.23406377487607e-05
4.14887405585079e-05
9.6783134059563e-05
3.34950785623678e-05
4.43455287370446e-05
4.20122322121065e-05
4.25955248044464e-05
0.000127823281892308
4.29432311864003e-05
5.19537488908894e-05
4.14887405585079e-05
7.01117235549893e-05
4.68687020665765e-05
5.74118747226444e-05
4.07127819736235e-05
4.62324124331985e-05
2.89099116486411e-05
6.76530494451097e-05
0.000185632703962106
0.000150193624199132
0.000118758912950158
7.27073682358822e-05
0.00011889345889576
5.7830095306706e-05
5.96448655887488e-05
0.000190366398898384
3.49938871349982e-05
4.05654241455967e-05
7.54236475409238e-05
0.000106077230621181
5.01687238212256e-05
6.55007338504557e-05
2.8247893859694e-05
4.18484750323484e-05
0.000127918460741066
2.41486351433425e-05
0.000106616893249838
4.33176000725188e-05
4.17126552151772e-05
4.87489583192529e-05
4.06619730933049e-05
0.000127448989868626
4.70677012793321e-05
4.6010623670075e-05
0.000126424502324243
5.98330758121714e-05
4.53178751188734e-05
0.000115459023420105
5.58578376225575e-05
0.000142425797927399
0.000140392334712214
4.5650721622475e-05
4.22373480285001e-05
5.09031237626832e-05
7.37436913494767e-05
2.63179855452983e-05
5.82698727966988e-05
6.00256334533582e-05
5.05605580982032e-05
0.000112744123198234
4.06304925846214e-05
5.05920804441856e-05
0.00012335004590714
7.0399665919022e-05
6.00256334533582e-05
4.08388533060803e-05
0.000111168729326909
7.14765224008418e-05
4.86394831459746e-05
4.09902758390579e-05
0.000137702490103837
0.000124821494489836
0.00020069182826418
5.86144334505895e-05
0.000135148048484139
3.97040672108144e-05
4.23500969191957e-05
5.95797255841999e-05
7.16204112981304e-05
0.000142618135035466
7.07910675647314e-05
4.05654241455967e-05
5.46850002611379e-05
3.96245574782083e-05
3.25722080919452e-05
4.23071903197669e-05
6.49523687411635e-05
4.70677012793321e-05
5.04804377029259e-05
2.73331586895152e-05
6.97404941350752e-05
4.94316053491909e-05
0.00020069182826418
0.000130873677979244
7.37436913494767e-05
0.00011379833218399
7.14765224008418e-05
0.000173236198272893
2.75360703217538e-05
2.75490532792285e-05
0.000135148048484139
0.000121519623611283
3.97040672108144e-05
6.82548840529622e-05
0.000125956537833332
4.68687020665765e-05
0.000134067468561305
7.44150110325672e-05
5.18478655523545e-05
4.02526405124939e-05
4.68602305867873e-05
5.6526815040667e-05
4.70224258351584e-05
5.40741949914476e-05
5.94099778154972e-05
5.15706688251508e-05
4.2887876581094e-05
8.38093475844591e-05
0.000115345747675676
0.000112452064245305
5.93697780663236e-05
4.55226796355747e-05
4.15705571742883e-05
5.18131934424315e-05
4.44361144674779e-05
7.16204112981304e-05
3.20112239630092e-05
6.79156850504607e-05
0.000147872931740088
4.72322499787386e-05
3.328741633627e-05
5.02136734428681e-05
0.000122262142468234
0.000112733292343773
6.29622562116923e-05
3.34751291874469e-05
5.06139643190423e-05
5.04804377029259e-05
5.03271921786287e-05
0.000117104588051124
4.53178751188734e-05
4.07606008634042e-05
4.70224258351584e-05
4.85744868833448e-05
4.8388628322551e-05
7.0149312954084e-05
6.67801833138673e-05
3.3138971329924e-05
4.55226796355747e-05
4.1454893805687e-05
0.000119108355844012
2.80173773433441e-05
5.2367404401956e-05
0.000156656098778534
6.26051311547004e-05
7.06922916173281e-05
4.86630094585686e-05
4.07787266705e-05
6.00256334533582e-05
4.70677012793321e-05
7.39125248087371e-05
0.000113551850660536
4.92967066325863e-05
0.000131774000084943
4.95824069660328e-05
5.05920804441856e-05
0.000150193624199132
7.11141697417455e-05
2.68156835236697e-05
3.3035346466912e-05
0.000115555431804695
0.000115555431804695
4.31398314092445e-05
7.04781747610966e-05
3.3070231897493e-05
0.000107233190274361
4.11665763701298e-05
0.000110421792251853
4.08388533060803e-05
2.31989234345498e-05
0.000150193624199132
0.000201787710123902
3.30504815424437e-05
5.96717783642538e-05
3.0273065190222e-05
6.04894465488633e-05
4.61516271570854e-05
6.92192448894495e-05
6.04894465488633e-05
2.66023081170322e-05
2.80173773433441e-05
6.667121238721e-05
0.000200644651823144
0.000101675954167421
4.85983741333869e-05
6.66325977526949e-05
7.33853920673907e-05
6.54976712378703e-05
5.63068586065275e-05
6.76530494451097e-05
0.000183202901668349
0.000200805843711235
5.3449353721025e-05
5.04804377029259e-05
2.65762186670173e-05
5.56262615234887e-05
4.17653772538524e-05
4.45956383394662e-05
5.61238792335702e-05
2.44688466166791e-05
5.5063964694197e-05
4.00401777676984e-05
0.00012335004590714
4.85742187613072e-05
0.000142425797927399
5.07830646785634e-05
5.54611677724982e-05
5.97073703720587e-05
4.20122322121065e-05
4.92959850793696e-05
4.42991504844188e-05
4.99789291580406e-05
0.000130437924626037
3.93925455282007e-05
0.000117921035045509
7.7770897110541e-05
5.61238792335702e-05
0.000126424502324243
5.28254163886331e-05
5.62841715461449e-05
3.96884263362008e-05
5.62841715461449e-05
4.02558770696585e-05
5.02136734428681e-05
4.99500682364216e-05
3.86276556490096e-05
7.0149312954084e-05
5.67374697607917e-05
3.20112239630092e-05
7.04781747610966e-05
0.000196586961568294
6.74312687534281e-05
0.000200644651823144
5.85739388108438e-05
6.90847344956301e-05
0.000131774000084943
6.74312687534281e-05
6.82548840529622e-05
4.25528922228723e-05
3.41676211659032e-05
0.000106077230621181
7.11141697417455e-05
0.000176285577455327
3.49938871349982e-05
5.2191617659163e-05
7.0149312954084e-05
0.000115345747675676
0.000111166970243168
4.28486472721577e-05
4.85742187613072e-05
5.07830646785634e-05
5.5359780774104e-05
0.000174321590187697
2.63383898674709e-05
5.05605580982032e-05
8.94654248494046e-05
4.1454893805687e-05
4.84938339408919e-05
0.000112617471676932
0.000108755640452544
3.99275344494963e-05
3.33264810818513e-05
4.17126552151772e-05
4.53050553074558e-05
4.10384860488827e-05
0.000126424502324243
5.17686946212433e-05
4.10978568461322e-05
0.000112733292343773
6.29622562116923e-05
2.64958438047756e-05
4.16067386908844e-05
4.05817615592297e-05
4.55119968184614e-05
0.000137702490103837
5.72931421401452e-05
4.08946079643958e-05
5.04804377029259e-05
4.06619730933049e-05
6.65819799303308e-05
4.02526405124939e-05
4.86394831459746e-05
4.87489583192529e-05
5.93187318931311e-05
-7.88308965120562e-06
6.29811084202821e-05
2.65619826620577e-05
3.64200859433677e-05
4.86630094585686e-05
5.04804377029259e-05
0.000208945111731676
7.03300260562047e-05
6.01629316914217e-05
0.000111168729326909
5.09031237626832e-05
4.03470715371811e-05
3.86276556490096e-05
4.53050553074558e-05
6.61805303035898e-05
0.000138186524619827
0.000143965876084195
3.96884263362008e-05
0.000129871297605571
6.03469717338872e-05
4.17085044323408e-05
6.71863518120228e-05
3.29135502395734e-05
0.000128492539063385
5.52076509701669e-05
6.20282393996777e-05
3.97884564392439e-05
6.67119837069141e-05
6.7773421601551e-05
0.000195796408228496
5.87364167864735e-05
4.09787262545123e-05
0.000128492539063385
0.000202921907654606
7.89346899696034e-05
4.97703953965503e-05
0.00020069182826418
4.17007365990245e-05
0.000115459023420105
6.67119837069141e-05
5.99888949384354e-05
6.10232627243051e-05
4.72322499787386e-05
0.000112617471676932
4.95824069660328e-05
3.85089646247891e-05
4.08946079643958e-05
5.06368216675297e-05
4.62651002200028e-05
0.000117861279723945
0.000174321590187697
6.7248034901062e-05
4.17653772538524e-05
6.69008989286712e-05
6.89736018751418e-05
4.25955248044464e-05
8.4695707685526e-05
5.96448655887488e-05
8.31006517354307e-05
4.45184929954966e-05
5.71117836562474e-05
0.00012335004590714
4.98275295873093e-05
4.60422144933443e-05
0.000116930422045382
3.89789364514911e-05
0.000138186524619827
6.04089774227779e-05
6.163024741574e-05
4.95032909908054e-05
3.62820246437143e-05
4.70582062313548e-05
4.53050553074558e-05
4.68687020665765e-05
0.000105116081861436
5.59151493294566e-05
0.000129871297605571
4.5650721622475e-05
4.53050553074558e-05
0.000112744123198234
4.90840343641003e-05
6.65819799303308e-05
3.97986509551372e-05
0.000215300950209352
0.000121391457919777
5.5063964694197e-05
0.000130873677979244
7.27073682358822e-05
0.000111435787948294
4.53178751188734e-05
0.000105116081861436
0.000115459023420105
4.86630094585686e-05
5.25399709882294e-05
5.73927227240869e-05
5.79312649670782e-05
4.28486472721577e-05
6.94958680060939e-05
4.31582628996889e-05
6.67518587974545e-05
4.12655598825789e-05
3.96245574782083e-05
0.000130437924626037
4.28568189253247e-05
7.04781747610966e-05
4.2887876581094e-05
4.68041862125596e-05
5.65983070502912e-05
4.14514909946798e-05
0.000107233190274361
4.23406377487607e-05
0.000125956537833332
4.18484750323484e-05
6.72184825347786e-05
6.67801833138673e-05
0.000135148048484139
3.89603617823144e-05
2.73331586895152e-05
3.95708157564156e-05
6.04599384532687e-05
3.54371634645436e-05
5.7830095306706e-05
5.33207358776436e-05
4.96641878463716e-05
0.000140392334712214
3.01244793524028e-05
6.72184825347786e-05
5.28254163886331e-05
6.67119837069141e-05
2.70720440295206e-05
0.000117104588051124
0.000142425797927399
4.48260786906847e-05
2.94525101625396e-05
0.000125371097101065
0.000106616893249838
2.52469180814695e-05
5.95797255841999e-05
9.74376457205863e-05
4.25528922228723e-05
5.1272776128207e-05
5.11382658367454e-05
3.28091678961722e-05
7.33853920673907e-05
0.000104108309339953
6.04089774227779e-05
5.65983070502912e-05
5.06180828468061e-05
0.000121596101371384
3.34950785623678e-05
7.39353050360316e-05
4.92959850793696e-05
3.9487865722597e-05
5.05920804441856e-05
7.37436913494767e-05
4.92959850793696e-05
2.75553555977032e-05
5.84195927730541e-05
0.000125956537833332
6.08872339912091e-05
3.30989936942384e-05
4.0824621679612e-05
0.000142425797927399
6.89736018751418e-05
6.06344888192505e-05
0.000142425797927399
4.08388533060803e-05
0.000173118832793407
4.46847255796491e-05
3.20112239630092e-05
8.37706720176216e-05
4.2635671409619e-05
3.01244793524028e-05
0.000106077230621181
6.04089774227779e-05
4.45956383394662e-05
6.74104966266564e-05
0.000115345747675676
5.96101340860719e-05
0.000190142654174838
4.53050553074558e-05
4.72295763116322e-05
0.000115555431804695
5.2191617659163e-05
5.04495952669634e-05
6.63211959323277e-05
5.06125817370415e-05
4.45184929954966e-05
4.86015872199926e-05
5.62841715461449e-05
5.06180828468061e-05
4.2635671409619e-05
6.97404941350752e-05
5.94099778154972e-05
9.10868434068351e-05
3.9182721366652e-05
5.86690699063219e-05
0.00012572537641865
5.05472222345754e-05
0.000211524797547437
6.7920064845189e-05
6.00256334533582e-05
6.00256334533582e-05
7.0149312954084e-05
2.85720030917669e-05
5.0155505085357e-05
4.01385487446419e-05
4.17653772538524e-05
4.2887876581094e-05
6.97404941350752e-05
0.000142618135035466
0.000142425797927399
4.13285319401832e-05
4.77679514550889e-05
6.76530494451097e-05
0.000110617769808425
4.56543490034182e-05
4.92278078356705e-05
0.000112161659318594
0.00012626782550412
7.30681797102318e-05
3.748999399125e-05
3.72795330829152e-05
5.79312649670782e-05
0.000183221611215087
3.7425221900194e-05
0.000105116081861436
4.99789291580406e-05
4.28486472721577e-05
5.09597902237452e-05
6.05761085795232e-05
6.61805303035898e-05
0.000130873677979244
4.45956383394662e-05
4.71601565285508e-05
7.09149614146448e-05
5.05472222345754e-05
4.00401777676984e-05
3.93925455282007e-05
4.43902194877923e-05
0.00011086415642423
8.31006517354307e-05
6.08343193171387e-05
5.25399709882294e-05
4.49526802327626e-05
0.000111168729326909
0.000150193624199132
2.75595110516217e-05
6.04894465488633e-05
6.85522182085581e-05
0.000128000994935851
3.89603617823144e-05
2.7959529988771e-05
4.02526405124939e-05
0.000131610747866041
4.04752910099043e-05
5.05920804441856e-05
5.53386500834864e-05
2.74655786662347e-05
6.50659231148369e-05
5.53386500834864e-05
5.82943685587184e-05
6.67518587974545e-05
2.78141748062716e-05
5.20148983412911e-05
3.90462629897215e-05
4.31582628996889e-05
7.40233776941819e-05
3.57204162718944e-05
4.99789291580406e-05
4.29432311864003e-05
5.96101340860719e-05
0.000169548500372251
2.50408557743234e-05
6.07490723655061e-05
4.70677012793321e-05
4.77679514550889e-05
4.13586960482077e-05
7.07910675647314e-05
8.09719906797784e-05
6.63211959323277e-05
2.69879001103879e-05
0.000115681998289814
4.58337522288088e-05
0.000109929560925891
5.7377328274276e-05
6.667121238721e-05
7.7187329293067e-05
4.38244905799852e-05
4.00255241400906e-06
4.02526405124939e-05
7.44859841923735e-05
6.92192448894495e-05
2.65762186670173e-05
2.6694538806908e-05
4.44361144674779e-05
6.47445938171679e-05
5.06180828468061e-05
5.2022078208523e-05
5.7830095306706e-05
0.000102407660067361
3.76505748313973e-05
4.17653772538524e-05
5.52751635955935e-05
0.000128000994935851
4.03470715371811e-05
4.15705571742883e-05
8.5989175256546e-05
6.7920064845189e-05
3.96245574782083e-05
4.86394831459746e-05
5.61238792335702e-05
4.49037598312315e-05
4.62651002200028e-05
4.20122322121065e-05
4.70677012793321e-05
7.03300260562047e-05
5.25399709882294e-05
0.000131774000084943
5.28254163886331e-05
0.000183202901668349
9.74376457205863e-05
0.000112452064245305
5.11382658367454e-05
5.86690699063219e-05
5.81809462246868e-05
4.16407176998002e-05
4.86592566757042e-05
0.000200459061034782
4.23500969191957e-05
7.33853920673907e-05
5.57263358458551e-05
4.05444142673975e-05
5.38363824401983e-05
5.74892456371604e-05
4.60195212298966e-05
3.85783205493023e-05
3.90562115637209e-05
4.23406377487607e-05
0.000111168729326909
0.000170862280431776
4.66134179119738e-05
5.06368216675297e-05
4.87489583192529e-05
4.11665763701298e-05
5.25399709882294e-05
0.000143965876084195
5.09597902237452e-05
4.15705571742883e-05
0.000143440839642418
3.20112239630092e-05
0.000117861279723945
3.95708157564156e-05
4.17653772538524e-05
3.83485670972061e-05
6.10232627243051e-05
4.06168554812207e-05
0.00010720463037363
5.05472222345754e-05
9.51299343683559e-05
8.99871169901352e-05
6.85522182085581e-05
0.000134240754757068
2.41486351433425e-05
0.00013702098985392
0.000134364340941961
3.64200859433677e-05
7.7187329293067e-05
4.14887405585079e-05
3.81644511075916e-05
5.06139643190423e-05
0.000112733292343773
3.25027456453339e-05
6.97404941350752e-05
3.57249013403567e-05
6.29811084202821e-05
2.82074971145935e-05
0.000196586961568294
5.06139643190423e-05
5.01100705528715e-05
2.74638479785648e-05
0.000121519623611283
0.000115264249793318
4.55119968184614e-05
0.000115681998289814
7.06922916173281e-05
3.20112239630092e-05
4.58337522288088e-05
0.000120029968687851
4.70677012793321e-05
3.89611144403866e-05
0.000118758912950158
4.86394831459746e-05
3.51801403398065e-05
5.93187318931311e-05
0.000134067468561305
4.32679613070392e-05
7.37436913494767e-05
5.93697780663236e-05
3.92370966345077e-05
3.41676211659032e-05
5.93707221727581e-05
4.42844823225166e-05
3.85783205493023e-05
4.33176000725188e-05
4.43455287370446e-05
5.13787066753286e-05
0.000142618135035466
6.61144140265224e-05
8.37706720176216e-05
5.06139643190423e-05
2.61002208443421e-05
4.49897489689769e-05
4.68687020665765e-05
4.2635671409619e-05
8.94654248494046e-05
6.02537370551569e-05
3.96245574782083e-05
5.52751635955935e-05
3.89756490300525e-05
3.74243728998335e-05
0.000142618135035466
0.000126424502324243
0.000117104588051124
0.000116930422045382
6.7773421601551e-05
7.99902580982191e-05
7.33853920673907e-05
