0.135631634313765
0.142828733206905
0.160349088518555
0.108320335513663
0.186837469371353
0.178064114928034
0.100553485569109
0.163723930478511
0.120406576344212
0.140429130503873
0.125052745365704
0.167223771361912
0.125052745365704
0.136705117498394
0.11743146082174
0.116600128304362
0.126385852524808
0.228805648807835
0.116163352675366
0.161207901701194
0.223920320650198
0.164914491260769
0.160664715542757
0.180216336945518
0.156804954595051
0.223920320650198
0.131438820874168
0.196522327399557
0.109940726206769
0.11743146082174
0.126537227228006
0.126556818516576
0.101483944583414
0.142328048892357
0.131438820874168
0.129738907839377
0.142334213152513
0.0918763599095395
0.117419039606207
0.10180129726414
0.159012637641447
0.118231172836579
0.095827109874374
0.127299814385475
0.137733427080416
0.116781480393452
0.11910714284385
0.117350751486356
0.193337226155826
0.19033399024435
0.0952590905575216
0.158203651660651
0.121699367329998
0.152942619186832
0.0964472016867448
0.116058018494741
0.109714360726279
0.176200195019499
0.178552819983526
0.138742682327605
0.147407185245728
0.119063888187723
0.12340125136439
0.164552684340161
0.189189391411848
0.138742682327605
0.131701822010401
0.166661416041844
0.138742682327605
0.131272055921307
0.156353382670199
0.0948535290682092
0.117350751486356
0.147893750582794
0.228805648807835
0.18868093959027
0.174890263573553
0.177184512749303
0.143975041998544
0.191156056552257
0.153846857525509
0.104686154909323
0.19033399024435
0.126595034575673
0.152959539928669
0.111922240866028
0.130788903500062
0.172523738016103
0.139036572728793
0.160311557842441
0.172523738016103
0.145813963436375
0.142525035902721
0.13729087227458
0.121050309510566
0.191671320178726
0.132745934482828
0.153473556193249
0.137569957443808
0.118082750926359
0.170530152126374
0.111481496063392
0.19033399024435
0.150074637737589
0.118231172836579
0.200874846572281
0.193961864998126
0.18868093959027
0.137610692157989
0.130257044562798
0.141561522826348
0.0928031249740781
0.149986483227353
0.11743146082174
0.116412922128365
0.160664715542757
0.180470151515352
0.126119938658476
0.144725367704073
0.113994356790989
0.142652932076563
0.164914491260769
0.142652932076563
0.118379460875858
0.126650097406501
0.13336516889343
0.165155447363229
0.216650102374892
0.174890263573553
0.112213031351326
0.124872596951881
0.172050335264357
0.15928379627738
0.180813521821127
0.117777249108587
0.102433229620786
0.172050335264357
0.111167710893677
0.119934688364987
0.210407858134197
0.115724219118879
0.122735236581376
0.116034157000528
0.120858424435624
0.102241280815213
0.164914491260769
0.133541777989515
0.10889840928013
0.116828756887761
0.115506446987214
0.145482339624863
0.108673891733117
0.220753594273981
0.137951697001223
0.102999188247743
0.122603242558356
0.143669985988069
0.200720980610243
0.122984641683876
0.172595469082451
0.132769102536569
0.194664169858851
0.101138109455852
0.14278446593824
0.131018489540175
0.14578142725474
0.128452524150771
0.115256049455118
0.103309123721014
0.144725367704073
0.172050335264357
0.172083183171186
0.184642148592863
0.117315036716028
0.152396494735164
0.126353163529008
0.144958076589061
0.126595034575673
0.131285629040951
0.137083139231723
0.144176553052208
0.135631634313765
0.150074637737589
0.122591748513388
0.0964472016867448
0.139003244367939
0.10247360008837
0.175990040252292
0.1420309253602
0.166135452184742
0.131255146017526
0.122294550204478
0.150074637737589
0.219201081866361
0.108673891733117
0.117941483579071
0.129254169411832
0.0928031249740781
0.114579532523394
0.177184512749303
0.103436101702779
0.137610692157989
0.120998390004071
0.126119938658476
0.157323194652714
0.113790015837336
0.116535403722546
0.173621511068513
0.179725383599676
0.0952590905575216
0.218396358896437
0.109730922126745
0.100303449774445
0.169711797681073
0.121242946008973
0.101574664579545
0.142591478157438
0.118585019856387
0.136705117498394
0.10098628817156
0.143749208543727
0.116156258906935
0.105411299363392
0.121043260977524
0.152396494735164
0.121034685152065
0.18868093959027
0.10985924646158
0.112269919698827
0.159012637641447
0.145022840929282
0.166135452184742
0.175990040252292
0.139250166501296
0.1774515622034
0.13336516889343
0.141350166118853
0.157070117557157
0.111696471705022
0.118284862859406
0.178064114928034
0.111626799244188
0.111313379042356
0.172523738016103
0.231174370342717
0.126217843754613
0.140408534905179
0.102225095197283
0.15296586426115
0.103580273280285
0.192529149087318
0.140811433471231
0.154275778658897
0.10098628817156
0.172595469082451
0.110397827473122
0.135718792731174
0.116058018494741
0.225787062081587
0.10941268842165
0.198954990272746
0.176241668869777
0.125639849681404
0.164322539239904
0.120406576344212
0.173368837106046
0.13108016905794
0.125396148701025
0.109714360726279
0.139208057338329
0.140811433471231
0.14027115287318
0.152465108471071
0.117777249108587
0.125052745365704
0.17177966719816
0.189843355813689
0.122818640681778
0.092944129848263
0.102702914485544
0.125639849681404
0.120406576344212
0.19033399024435
0.177055551098321
0.161912680049428
0.134513113078364
0.118284862859406
0.124383298560881
0.118429400939725
0.131255146017526
0.130878288759215
0.142334213152513
0.114547795719265
0.144455153308307
0.120708218272626
0.131018489540175
0.172523738016103
0.159012637641447
0.202024137939357
0.1774515622034
0.118292004408089
0.1284652983988
0.142334213152513
0.116026654516421
0.100303449774445
0.126544922791966
0.113193370867173
0.11970080894062
0.130032873556446
0.163723930478511
0.095827109874374
0.12908544870346
0.116535403722546
0.108142441688941
0.101984131360949
0.136005701964115
0.122071040647137
0.115724219118879
0.176241668869777
0.0896559150623316
0.0916969255307254
0.150649811557443
0.117598917018893
0.19246309794548
0.127725862536197
0.116955566894212
0.19110483500435
0.126482438507778
0.138711027278897
0.184642148592863
0.130734192450879
0.110887531987764
0.225554222218039
0.116781480393452
0.177055551098321
0.112224400940486
0.115624286070761
0.108302229688149
0.223920320650198
0.148057896845528
0.147543071820636
0.194135011849938
0.130788903500062
0.12914619710787
0.160613099043248
0.102662152229058
0.188614064758527
0.234706432335508
0.14278446593824
0.0964472016867448
0.126633356418283
0.105500241960737
0.106806805212617
0.12228170024772
0.173621511068513
0.114547795719265
0.150198028808709
0.157445574666928
0.108529851452112
0.115645052805396
0.196148520285334
0.11970080894062
0.139250166501296
0.158203651660651
0.121531964577986
0.232823029962613
0.21608456331589
0.108017428197177
0.156087189374567
0.152512682155855
0.117340846229577
0.20629670356124
0.148975728717789
0.131438820874168
0.167223771361912
0.136525298034106
0.155025750032704
0.177055551098321
0.127486644103404
0.150302174671551
0.116781480393452
0.132221865173828
0.140429130503873
0.124477461206277
0.13108016905794
0.129254169411832
0.122984641683876
0.13158037594791
0.199305301674072
0.15228083272687
0.141350166118853
0.195843943224632
0.226642787378515
0.115624286070761
0.144141875275809
0.136525298034106
0.191156056552257
0.15228083272687
0.108673891733117
0.121699367329998
0.101818694127925
0.186646284255355
0.136664729246783
0.136401762420341
0.135173223961298
0.116600128304362
0.125292577391489
0.142328048892357
0.10461550665622
0.139172794207417
0.12674374252039
0.150198028808709
0.176069378630585
0.189375155488492
0.116163352675366
0.171921197069593
0.176241668869777
0.131681750092602
0.138742682327605
0.152055892184049
0.11429507414574
0.118627505598578
0.119934688364987
0.127461405634936
0.129779215051233
0.147543071820636
0.131410351353609
0.126805115470557
0.119627387077368
0.186366484744032
0.124570924235062
0.102433229620786
0.0916969255307254
0.189552129833359
0.127308632795261
0.107945173609988
0.131272862640506
0.100303449774445
0.131657472731008
0.107088451823807
0.130257044562798
0.177184512749303
0.141603009949725
0.137664258926067
0.128452524150771
0.138893716905599
0.120074741342826
0.103373402319709
0.145626548485009
0.134801523322364
0.139162071073539
0.147543071820636
0.117598917018893
0.130688149224715
0.204921555144923
0.158855083464788
0.168739780331878
0.166858696140541
0.155914321538185
0.110887531987764
0.109140599381093
0.120708218272626
0.122071040647137
0.163135515112194
0.121242946008973
0.113994356790989
0.164322539239904
0.163723930478511
0.121043260977524
0.234592941617387
0.125240178566197
0.119851008829746
0.1284652983988
0.163332776737128
0.161744385577244
0.141603009949725
0.137676693548868
0.229281672775742
0.152049440119797
0.125292577391489
0.139172794207417
0.113193370867173
0.226023133966257
0.12914619710787
0.108899394481968
0.180470151515352
0.0948535290682092
0.223206053846029
0.122591748513388
0.116813455936033
0.117598917018893
0.117315036716028
0.126662485813687
0.116955566894212
0.193337226155826
0.143081012295522
0.138297542009268
0.122294550204478
0.12228170024772
0.116480511123685
0.17495700489259
0.0960721561958734
0.174890263573553
0.111167710893677
0.116412922128365
0.119801919171471
0.125183551349011
0.126119938658476
0.16060241274045
0.12583456916903
0.150198028808709
0.147543071820636
0.135631634313765
0.172050335264357
0.19033399024435
0.116955566894212
0.126662485813687
0.13131098442109
0.126385852524808
0.115290461431329
0.150649811557443
0.159012637641447
0.131438820874168
0.145959576340831
0.126917942856237
0.158199918032283
0.177184512749303
0.181912574768163
0.19246309794548
0.126707411280088
0.117170370439663
0.146278234437074
0.19246309794548
0.120998390004071
0.163723930478511
0.220753594273981
0.117777249108587
0.119197284860923
0.144455153308307
0.188614064758527
0.161207901701194
0.108673891733117
0.117539443971724
0.18157458895717
0.118582581963527
0.160664715542757
0.188614064758527
0.124584874957321
0.117527034756741
0.180813521821127
0.112341072675374
0.145950767021881
0.166504789002372
0.223920320650198
0.134801523322364
0.105411299363392
0.116535403722546
0.13829777665182
0.094478286798237
0.106806805212617
0.116026654516421
0.13347763159409
0.1443741906125
0.116535403722546
0.114547795719265
0.137733427080416
0.109090282789032
0.121699367329998
0.18868093959027
0.0896108533853979
0.12647195832901
0.137664258926067
0.12674374252039
0.162554885890613
0.140891454357582
0.138449343109818
0.172083183171186
0.164914491260769
0.147407185245728
0.12674374252039
0.155838155703395
0.126385852524808
0.172083183171186
0.172050335264357
0.190274777911288
0.156234370167879
0.118115046756952
0.112209399841358
0.184642148592863
0.122818640681778
0.189375155488492
0.119063888187723
0.107088451823807
0.119063888187723
0.103286791268253
0.196522327399557
0.148667932220248
0.14407097683943
0.141561522826348
0.101088861224664
0.182841193215486
0.142828733206905
0.180470151515352
0.118115046756952
0.10941268842165
0.139172794207417
0.19033399024435
0.182841193215486
0.174890263573553
0.131272870102627
0.0952590905575216
0.12674374252039
0.106806805212617
0.182486130089104
0.102688947781589
0.116955566894212
0.152055892184049
0.0918763599095395
0.163723930478511
0.10461550665622
0.115624286070761
0.116600128304362
0.140344645406415
0.116595822049519
0.182841193215486
0.136754196545347
0.144356105746196
0.112249749312605
0.106806805212617
0.116600128304362
0.110554794641657
0.123599494400089
0.157445574666928
0.142591478157438
0.107801585938786
0.182486130089104
0.214347813360577
0.18868093959027
0.156087189374567
0.121034685152065
0.091206477030093
0.191156056552257
0.121242946008973
0.157533817510971
0.183934252227623
0.120708218272626
0.18050025235656
0.177184512749303
0.111585990819384
0.156804954595051
0.117920925472093
0.116813455936033
0.163332776737128
0.136519039523081
0.134801523322364
0.150074637737589
0.153846857525509
0.110887531987764
0.114819661182584
0.10985924646158
0.130788903500062
0.183934252227623
0.135173223961298
0.125183551349011
0.172050335264357
0.139036572728793
0.117340846229577
0.225787062081587
0.150302174671551
0.124383298560881
0.115256049455118
0.134020453926156
0.132179528409873
0.196652897318568
0.0960721561958734
0.148910265659403
0.117419039606207
0.112516570549488
0.196148520285334
0.145482339624863
0.143001465591698
0.150824752427488
0.193185881037276
0.0952590905575216
0.124477461206277
0.161912680049428
0.138742682327605
0.234592941617387
0.139204118873732
0.144725367704073
0.103472751493089
0.177055551098321
0.120873790665655
0.119063888187723
0.102054690411603
0.118429400939725
0.177184512749303
0.180216336945518
0.128924578263902
0.134801523322364
0.193240768632466
0.116535403722546
0.178552819983526
0.10098628817156
0.114819661182584
0.116535403722546
0.102406792279567
0.17495700489259
0.116511733460879
0.127486644103404
0.107873497161701
0.180813521821127
0.177055551098321
0.166598921613599
0.176200195019499
0.116595822049519
0.118131448852766
0.130032873556446
0.11429189218996
0.108142441688941
0.117653503125194
0.119152291307015
0.200619473621103
0.180296508129908
0.117340846229577
0.180470151515352
0.128452524150771
0.190657051530262
0.16060241274045
0.117777249108587
0.204921555144923
0.148975728717789
0.131352739818489
0.150198028808709
0.172595469082451
0.11910714284385
0.145482339624863
0.137960268675025
0.117830308766866
0.121618380994525
0.119913990164443
0.113790015837336
0.164914491260769
0.219410177962253
0.130166695720269
0.163135515112194
0.13131098442109
0.139435741204239
0.11743146082174
0.129597643950298
0.166858696140541
0.12228170024772
0.152446107097861
0.173071126132188
0.0896108533853979
0.122294550204478
0.156087189374567
0.139204118873732
0.19033399024435
0.102509672275324
0.1420309253602
0.227697273198387
0.126633356418283
0.138893716905599
0.136525298034106
0.17177966719816
0.226023133966257
0.125292577391489
0.155967351564682
0.106806805212617
0.226531538381604
0.116589305084528
0.0947000824098925
0.126544922791966
0.115256049455118
0.144654536215068
0.110554794641657
0.130788903500062
0.144455153308307
0.136705117498394
0.137083139231723
0.0964472016867448
0.139250166501296
0.12674374252039
0.118115046756952
0.191156056552257
0.150074637737589
0.11743146082174
0.223907476421647
0.122483266747547
0.148910265659403
0.110554794641657
0.145160731407066
0.143975041998544
0.118284862859406
0.0960721561958734
0.118379460875858
0.109304206963454
0.144176553052208
0.141805298335049
0.157070117557157
0.225554222218039
0.117419039606207
0.147407185245728
0.140408534905179
0.101733435771463
0.117419039606207
0.144356105746196
0.116480511123685
0.173071126132188
0.112249749312605
0.151843378262506
0.179725383599676
0.118182694230425
0.139257945732471
0.193185881037276
0.103238755286619
0.152446107097861
0.126544922791966
0.123032131812722
0.164555415238724
0.14578142725474
0.220117285253567
0.0946269458776621
0.164322539239904
0.0964472016867448
0.126353163529008
0.132745934482828
0.112269919698827
0.172050335264357
0.115256049455118
0.113994356790989
0.119934688364987
0.148975728717789
0.117419039606207
0.131272862640506
0.137285940597659
0.164914491260769
0.136115226995639
0.119836173771616
0.126029636153916
0.12647195832901
0.129176466474677
0.14578142725474
0.10941268842165
0.116781480393452
0.177328475662815
0.125639849681404
0.19033399024435
0.152191378372196
0.131756567493036
0.189375155488492
0.163135515112194
0.108899394481968
0.116156258906935
0.116589305084528
0.166504789002372
0.18868093959027
0.155914321538185
0.149126310734434
0.15228083272687
0.105411299363392
0.225787062081587
0.138937131600497
0.118284862859406
0.060890320476838
0.116781480393452
0.172595469082451
0.17495700489259
0.0928031249740781
0.184642148592863
0.119152291307015
0.145482339624863
0.193393456054754
0.138319194086933
0.168739780331878
0.164914491260769
0.115624286070761
0.107873497161701
0.117527034756741
0.164552684340161
0.101817413245316
0.126965046250328
0.132221865173828
0.117885735829275
0.125052745365704
0.14278446593824
0.130878288759215
0.122483266747547
0.164322539239904
0.144455153308307
0.133487935417918
0.129597643950298
0.138107842599833
0.0916969255307254
0.0928031249740781
0.130788903500062
0.145265222381482
0.168739780331878
0.107945173609988
0.116781480393452
0.103373402319709
0.118429400939725
0.126556818516576
0.108529851452112
0.0960721561958734
0.113864290689338
0.129176466474677
0.206019804689917
0.14407097683943
0.137853019230609
0.21608456331589
0.191754712953668
0.102677983600361
0.181912574768163
0.131438820874168
0.102916528469129
0.130032873556446
0.161983775413722
0.122294550204478
0.161912680049428
0.164914491260769
0.230060531823803
0.164722456969517
0.122071040647137
0.144176553052208
0.121364124365749
0.164914491260769
0.119851008829746
0.117920925472093
0.146651177502626
0.0960721561958734
0.129089934961367
0.176739602584038
0.125644552246581
0.141944000463681
0.101949186368988
0.134801523322364
0.210407858134197
0.178064114928034
0.0936783635067285
0.141934504647261
0.092944129848263
0.152191378372196
0.150824752427488
0.1774515622034
0.129987938461571
0.116814626077588
0.19050901892257
0.126707411280088
0.153473556193249
0.112163318167438
0.145950767021881
0.130556897016015
0.11970080894062
0.220117285253567
0.161134393379048
0.103360456342959
0.119606790812921
0.19246309794548
0.137610692157989
0.111996258008574
0.172595469082451
0.13336516889343
0.17177966719816
0.117885735829275
0.107873497161701
0.152396494735164
0.16060241274045
0.141987999864608
0.232823029962613
0.107088451823807
0.108673891733117
0.13604151013155
0.142334213152513
0.131272862640506
0.178064114928034
0.107088451823807
0.122776981423221
0.137733427080416
0.135041621648871
0.122735236581376
0.130778554185534
0.115506446987214
0.152465108471071
0.118627505598578
0.103472751493089
0.108899394481968
0.115256049455118
0.117197328997568
0.102314832845479
0.129089934961367
0.10941268842165
0.156804954595051
0.116713766521995
0.132179528409873
0.127308632795261
0.139036572728793
0.092944129848263
0.123814823558361
