323
678
145
633
135
551
180
498
641
635
740
468
740
694
283
695
543
357
688
148
361
857
516
541
235
361
435
111
586
283
468
556
192
637
435
470
309
202
419
867
524
202
170
532
389
339
210
363
127
469
224
518
717
568
229
149
367
146
550
689
595
572
129
481
143
689
179
149
689
253
100
209
363
295
357
526
575
553
655
496
278
190
469
539
282
253
426
579
681
111
579
604
148
332
324
148
337
556
183
463
124
165
469
589
202
455
470
526
693
225
638
189
177
283
167
516
546
538
359
653
631
857
631
435
236
333
151
283
575
113
512
948
507
533
431
868
948
139
621
426
409
578
680
612
882
857
120
577
450
671
611
372
282
384
838
264
373
452
112
732
459
115
366
663
304
400
500
702
851
359
948
580
137
417
586
183
215
539
241
396
615
323
589
171
229
103
731
561
182
139
339
606
589
415
372
214
243
189
438
553
853
693
586
538
143
371
658
217
140
224
286
600
172
134
326
736
381
211
694
185
193
414
375
595
586
574
526
104
486
524
326
139
561
385
555
333
418
127
157
644
551
137
546
579
250
533
348
786
582
757
121
665
549
185
732
588
331
149
359
371
458
554
738
150
641
104
335
307
367
424
665
218
243
431
740
581
512
199
211
873
738
641
469
556
512
117
644
737
624
339
221
309
246
621
272
304
579
524
430
555
113
455
309
466
172
464
385
337
903
498
170
119
658
634
886
223
569
409
554
203
212
309
716
488
546
451
485
509
155
137
233
202
344
339
556
484
700
661
361
293
600
150
426
492
530
914
521
225
663
229
458
161
354
725
217
246
286
435
605
696
461
337
385
518
123
246
404
658
128
154
439
138
593
435
468
304
240
556
502
591
339
423
635
461
335
243
112
256
150
282
418
103
340
700
623
304
496
282
372
717
968
132
289
391
416
695
566
637
361
685
471
286
115
504
688
162
554
342
689
105
160
440
621
255
124
600
369
124
397
528
115
868
212
140
552
665
437
172
425
374
225
553
386
399
500
691
266
989
315
295
363
600
716
916
447
179
133
479
537
202
604
272
569
436
326
653
150
498
595
157
205
625
455
216
504
386
387
311
317
566
685
385
343
492
128
546
209
374
171
687
716
417
322
451
127
626
404
606
725
422
572
196
575
139
167
161
545
538
509
526
286
600
323
948
469
451
322
190
543
471
309
524
435
603
245
533
553
539
488
541
463
320
488
586
498
282
431
168
621
521
148
372
421
532
183
516
521
105
665
533
497
607
148
361
295
375
658
330
200
354
466
108
211
658
246
389
186
717
526
204
227
399
471
138
376
221
580
857
595
471
236
543
580
948
132
548
334
501
137
199
504
572
374
572
893
111
141
303
638
166
537
678
546
334
371
685
469
537
575
137
224
471
354
122
877
451
105
202
498
361
700
695
330
343
537
102
659
547
354
695
165
490
435
381
127
122
401
526
128
574
120
496
326
143
530
272
200
553
100
235
426
687
216
697
295
589
278
202
472
104
426
530
416
545
948
681
439
359
591
737
702
422
308
149
196
356
419
311
461
611
198
588
495
224
461
512
689
157
686
359
917
556
109
572
969
624
553
541
208
295
480
658
550
185
472
658
734
572
199
502
358
533
556
463
146
343
120
903
530
634
111
407
128
125
439
546
500
500
509
431
447
593
304
286
732
210
611
421
474
588
628
371
857
399
115
436
190
688
283
446
479
725
571
142
204
606
128
686
469
841
182
231
458
691
304
581
343
566
263
354
261
416
191
464
702
298
165
426
621
694
396
229
385
471
334
496
589
283
339
330
356
165
614
655
644
196
435
369
615
312
127
344
419
595
348
778
419
659
422
142
547
241
140
441
147
495
833
571
464
274
444
400
378
207
150
229
183
337
486
948
702
653
621
593
419
437
362
857
107
618
168
227
145
400
371
339
162
738
469
565
215
504
436
128
414
416
148
526
537
182
282
375
359
379
644
115
339
732
572
189
137
407
611
486
313
133
857
700
358
665
481
807
453
423
160
740
663
221
330
150
621
288
446
692
212
189
426
121
133
665
339
989
624
556
605
196
345
145
428
303
128
404
134
749
539
435
971
903
157
606
512
857
229
136
569
615
203
857
625
426
139
196
152
166
230
672
939
295
426
551
205
679
211
565
588
555
910
454
110
541
556
500
607
310
337
378
146
924
592
488
693
151
732
333
581
160
358
586
509
644
246
374
372
299
309
437
551
374
257
389
411
578
428
671
243
440
917
128
702
430
815
152
371
235
155
308
552
681
211
623
