0.284303069343383
0.135737590443572
0.29433320672038
0.143589285925949
0.643290374062414
0.230019779956045
0.13633970102522
0.142150509235832
0.109982624773024
0.0931769965848308
0.210121870557047
0.249042938697875
0.210121870557047
0.112167940881871
0.223244749002156
0.153031223088028
0.135971435045149
0.179211829709267
0.232453798193131
0.214946748620138
0.189389365716762
0.249143250268386
0.135002322752616
0.0969336163954486
0.207748303363274
0.189389365716762
0.185894635366977
0.276531897445553
0.187752715945183
0.223244749002156
0.124762003218317
0.119801573029226
0.0636373431599187
0.1523386385939
0.185894635366977
0.0682801120172441
0.118029982217665
0.107334675151969
0.211288557787867
0.0642966278334031
0.109079510646972
0.0457792599882909
0.0640901188229958
0.088954940718208
0.178958625317672
0.140588119681782
0.284231336081342
0.193861389463361
0.105640479949527
0.059132893603717
0.23229112052412
0.101958579205808
0.26019559098626
0.153578034318222
0.193552104817406
0.296800533094108
0.282660641553214
0.339777931188217
0.0723942343008225
0.252022528777103
0.0972150282478513
0.0494068516693133
0.254803204768284
0.159534216743223
0.208816854683429
0.252022528777103
0.184728423114466
0.336094366788468
0.252022528777103
0.152598692063987
0.251143319313131
0.149340265253146
0.193861389463361
0.187599482347595
0.179211829709267
0.108445024037171
0.15737840531265
0.153073741703077
0.160603442901778
0.243457079308735
0.141933588653994
0.0826153681752999
0.059132893603717
0.225206246163189
0.221000372159181
0.217387141601477
0.266143041595992
0.114943954585087
0.173951685656341
0.220545717624976
0.114943954585087
0.243887315039923
0.0560500843031422
0.223924869544941
0.286892019300291
0.206648329724167
0.144675985641221
0.179311186910118
0.103278680786266
0.160981761165187
0.0911955218199303
0.0299989102044471
0.059132893603717
0.252335439008693
0.0457792599882909
0.145875373626004
0.237210384811442
0.108445024037171
0.153048268919578
0.174370582854042
0.256332824359452
0.131046996037598
0.123431901486032
0.223244749002156
0.28500191689743
0.135002322752616
0.0961396594910713
0.151759376720471
0.0874503939524987
0.0489806309042439
0.128652587485869
0.249143250268386
0.128652587485869
0.236277125210619
0.317423038710269
0.176996432518804
0.201683063262254
0.316859718205341
0.15737840531265
0.285411987821751
0.0758647422645652
0.266996228656123
0.0957032754152003
0.225802105460025
0.308004170042556
0.236899086004738
0.266996228656123
0.263365571838094
0.13234942132669
0.100544117983071
0.117932988030125
0.131244961820224
0.0977545285839059
0.11806108633622
0.106498384049539
0.249143250268386
0.424916939309921
0.0818700926914485
0.30016546249838
0.0798955638109951
0.125676345237106
0.286049371710971
0.125640040997896
0.125797325662088
0.163165863624916
0.146200407428189
0.109121824276659
0.0869198991153656
0.126396001578525
0.26311593079121
0.0941041493229538
0.213855881570756
0.0856785044476303
0.124717469407947
0.137748309005293
0.117497138438287
0.14114363307313
0.0966000708172513
0.127238959829002
0.0874503939524987
0.266996228656123
0.35542515792374
0.728904604724913
0.300680974077406
0.167633114494097
0.193253332404626
0.18091009721333
0.225206246163189
0.310981461759163
0.173550239071164
0.260581733918501
0.284303069343383
0.252335439008693
0.129017504375104
0.193552104817406
0.0916101414330378
0.0930247385027255
0.168308280350659
0.147111038175376
0.089734282298422
0.154481650027357
0.166811549091744
0.252335439008693
0.152967562140029
0.286049371710971
0.155406021605085
0.202657029386405
0.131046996037598
0.156201137614816
0.153073741703077
0.144500862707087
0.153048268919578
0.0751109738527377
0.151759376720471
0.124040243207047
0.147734085167027
0.124394548646953
0.15954541533984
0.47329421472312
0.23229112052412
0.244847613365413
0.216846382786175
0.146046841922344
0.124013795424265
0.298168393740235
0.104711662523602
0.147849986729437
0.260680404213102
0.112167940881871
0.192392975235388
0.136946706473002
0.179301540242088
0.132033231356399
0.213268365229136
0.167633114494097
0.121536137421457
0.108445024037171
0.324847747822092
0.379946471478543
0.109079510646972
0.0960226182725543
0.089734282298422
0.168308280350659
0.28131011227823
0.191151181772694
0.176996432518804
0.0975887298307127
0.103352452667368
0.138596840753194
0.0771705615675166
0.230019779956045
0.286014062795023
0.104838298398251
0.114943954585087
0.223182389649184
0.232941460178719
0.292966987986458
0.138625282253805
0.134822788115932
0.11865362194624
0.195142899349771
0.0968578431745097
0.265138389221985
0.192392975235388
0.26311593079121
0.298878599904174
0.261250757587334
0.296800533094108
0.141262410485421
0.18227275049952
0.107904408382427
0.110364290583283
0.309856772487297
0.463658515183963
0.109982624773024
0.228979241195389
0.127082939070922
0.112599056767588
0.282660641553214
0.135941566046545
0.0968578431745097
0.332374399766756
0.23372168314841
0.308004170042556
0.210121870557047
0.376048198027332
0.135611768941194
0.0501254913314435
0.067809864349372
0.264387099987182
0.309856772487297
0.109982624773024
0.059132893603717
0.247271878294202
0.178563668469204
0.215077186664099
0.0771705615675166
0.15946221847286
0.0962087913113097
0.154481650027357
0.271119644574519
0.118029982217665
0.23279949196445
0.170572351835609
0.102521328571211
0.137748309005293
0.114943954585087
0.109079510646972
0.0734733243063537
0.191151181772694
0.316819347868722
0.169397035880711
0.118029982217665
0.18243346081794
0.146046841922344
0.147731247096718
0.121518281264143
0.200480576272377
0.145095219102449
0.142150509235832
0.0640901188229958
0.202355409754595
0.124394548646953
0.296304342510051
0.0764090421458192
0.215700543014406
0.0671615000764697
0.117932988030125
0.110364290583283
0.0718455963351528
0.093908866986672
0.126774556984557
0.108638391572456
0.170796879789249
0.213838372914103
0.21739465976139
0.103553819607615
0.103485877135205
0.259095788045752
0.728904604724913
0.187358904005443
0.141097246158448
0.297772146057976
0.140588119681782
0.247271878294202
0.210387312603483
0.106147598722811
0.214985456584885
0.189389365716762
0.135886545360648
0.141265638633999
0.233217449435679
0.266143041595992
0.148354251440121
0.125427866258314
0.0952798128912057
0.106539755448141
0.299482527282301
0.124717469407947
0.193552104817406
0.12372173835776
0.0847378815747197
0.0866060249105872
0.190755362915634
0.15954541533984
0.23279949196445
0.161036424978357
0.220073392453761
0.331886936774264
0.105859203012587
0.0843086508006159
0.200480576272377
0.28131011227823
0.101958579205808
0.105861681339009
0.196145114910373
0.176384037134896
0.288889394095581
0.0613221815865984
0.103054021188677
0.170662209160397
0.193519394981077
0.133842009231202
0.185894635366977
0.249042938697875
0.0794081561565114
0.223458334185929
0.247271878294202
0.136943282253215
0.189386989875526
0.140588119681782
0.0901892753023114
0.0931769965848308
0.0880454075369923
0.127082939070922
0.202657029386405
0.126396001578525
0.189190526140294
0.17316716245975
0.150456126960729
0.0975887298307127
0.382704062095971
0.318096928797072
0.106147598722811
0.157655377247901
0.0794081561565114
0.243457079308735
0.150456126960729
0.286049371710971
0.26019559098626
0.0881518964635782
0.141878124525989
0.331703086708488
0.131338274195466
0.113144696448031
0.153031223088028
0.0963941962305779
0.1523386385939
0.118298396624771
0.129419631509685
0.156006749323483
0.161036424978357
0.217642938020123
0.135138530373554
0.232453798193131
0.216019644305882
0.110364290583283
0.161709518476867
0.252022528777103
0.2197862812753
0.0971664473889163
0.310925346347865
0.13234942132669
0.106473454214306
0.145440684737772
0.141265638633999
0.154531446338007
0.316540725998284
0.233339854009795
0.0828126271745984
0.113673911499278
0.236899086004738
0.093908866986672
0.155631977827275
0.145893695152689
0.159955789784398
0.188463463421809
0.146046841922344
0.150663881229786
0.181702668652126
0.174370582854042
0.153073741703077
0.111054328732474
0.17432750636589
0.14114363307313
0.174462201480976
0.095879907743128
0.134597443869291
0.100191913337525
0.23450361738846
0.284086805430647
0.141265638633999
0.108638391572456
0.183437271866868
0.114025995000598
0.285676148579399
0.138972180497929
0.197413687155244
0.0742884716186046
0.141097246158448
0.175601898490251
0.102521328571211
0.0671615000764697
0.360504761096125
0.298168393740235
0.0489806309042439
0.463658515183963
0.142150509235832
0.213268365229136
0.293526377083989
0.277775874125816
0.222699126931291
0.169397035880711
0.167725890389769
0.119103416658756
0.111054328732474
0.193310395092252
0.199312911509735
0.169317779303191
0.0963941962305779
0.129419631509685
0.121518281264143
0.231793894034558
0.148354251440121
0.370090116044633
0.0961396594910713
0.149340265253146
0.14434857360475
0.129017504375104
0.110063050179581
0.108638391572456
0.300680974077406
0.157007768609099
0.21739465976139
0.105640479949527
0.179054985168183
0.15303975562309
0.166811549091744
0.190755362915634
0.298852108953067
0.13465613596025
0.152341597264977
0.15737840531265
0.263365571838094
0.28500191689743
0.166473463325021
0.094970124275016
0.151759376720471
0.162649945888528
0.0645032314505748
0.161036424978357
0.141265638633999
0.284303069343383
0.266996228656123
0.059132893603717
0.21739465976139
0.157007768609099
0.0788588656417024
0.135971435045149
0.409376156705612
0.126774556984557
0.109079510646972
0.185894635366977
0.107217158200617
0.0780580339598746
0.0946097698294485
0.153073741703077
0.125804362731
0.170796879789249
0.158761580436107
0.238697137227786
0.12129152614218
0.170796879789249
0.0751109738527377
0.142150509235832
0.125640040997896
0.308004170042556
0.161918133570242
0.170572351835609
0.106539755448141
0.214946748620138
0.286049371710971
0.181599587180356
0.0548009956216986
0.162789615285577
0.135002322752616
0.106539755448141
0.117039093196923
0.110425123938908
0.225802105460025
0.414601812822566
0.160469883168362
0.179085901040709
0.189389365716762
0.23450361738846
0.132033231356399
0.124394548646953
0.107478385312334
0.159864838339255
0.0866060249105872
0.18243346081794
0.190635737495854
0.256881039108074
0.124394548646953
0.23279949196445
0.178958625317672
0.34342700290756
0.26019559098626
0.108445024037171
0.110356124906306
0.196924670070469
0.17432750636589
0.156006749323483
0.0838655621325268
0.211379807512392
0.141951441593074
0.35542515792374
0.249143250268386
0.0972150282478513
0.156006749323483
0.325810397653994
0.135971435045149
0.35542515792374
0.266996228656123
0.251328350344987
0.0825889628891098
0.242828738288644
0.379223912235643
0.728904604724913
0.0501254913314435
0.135138530373554
0.0494068516693133
0.181702668652126
0.0494068516693133
0.140203257896094
0.276531897445553
0.0545890371620338
0.172280470324137
0.256332824359452
0.0744800323222426
0.173659104796787
0.135737590443572
0.0961396594910713
0.242828738288644
0.18227275049952
0.129419631509685
0.059132893603717
0.173659104796787
0.15737840531265
0.320689414549314
0.23229112052412
0.156006749323483
0.0866060249105872
0.129829426651207
0.170367543222866
0.21739465976139
0.2197862812753
0.107334675151969
0.142150509235832
0.118298396624771
0.106147598722811
0.153031223088028
0.0763382907498174
0.18863401339721
0.173659104796787
0.246456165513656
0.172412009108818
0.28726416394427
0.0866060249105872
0.153031223088028
0.166338871472933
0.0461678473160069
0.220073392453761
0.147849986729437
0.201180113155745
0.129829426651207
0.0879815449500111
0.108445024037171
0.0613221815865984
0.121536137421457
0.203114272914901
0.243457079308735
0.298168393740235
0.314376040049954
0.0658850079460506
0.102521328571211
0.213539980195116
0.153073741703077
0.222842437096349
0.207748303363274
0.229317765125739
0.110063050179581
0.167725890389769
0.101782331481849
0.23450361738846
0.252335439008693
0.141933588653994
0.141097246158448
0.418741408056635
0.324847747822092
0.266143041595992
0.0658850079460506
0.113144696448031
0.094970124275016
0.266996228656123
0.173951685656341
0.170662209160397
0.141262410485421
0.189386989875526
0.15946221847286
0.0966000708172513
0.125107603380751
0.291398172641481
0.419996721133047
0.152341597264977
0.123281598233665
0.211288557787867
0.224030193255077
0.0843086508006159
0.125676345237106
0.12603753632265
0.113539396848078
0.141467934284558
0.23229112052412
0.0880454075369923
0.178563668469204
0.252022528777103
0.293526377083989
0.244430728218006
0.0874503939524987
0.142224625490448
0.247271878294202
0.332932362549547
0.0494068516693133
0.255854970002703
0.0962087913113097
0.153073741703077
0.0969336163954486
0.189524996817335
0.23450361738846
0.129024803358004
0.124394548646953
0.0723942343008225
0.192392975235388
0.418741408056635
0.124394548646953
0.154838418417719
0.13465613596025
0.263951666031079
0.136943282253215
0.172280791560102
0.225802105460025
0.247271878294202
0.263519662453597
0.339777931188217
0.18863401339721
0.165933849456545
0.145095219102449
0.24545702813765
0.296304342510051
0.218040610335981
0.156835028766607
0.193866165203981
0.150978801787429
0.170662209160397
0.0961396594910713
0.14114363307313
0.182646397637655
0.162649945888528
0.308004170042556
0.114025995000598
0.133842009231202
0.12344640833197
0.161036424978357
0.26311593079121
0.284231336081342
0.125676345237106
0.0700065768765675
0.248105997787119
0.116022156976791
0.158646193077275
0.147734085167027
0.249143250268386
0.102674769281489
0.188142800142743
0.360504761096125
0.0788588656417024
0.183089836926961
0.223244749002156
0.142512597249375
0.197413687155244
0.190755362915634
0.160970645154644
0.358985195890829
0.110356124906306
0.166811549091744
0.0613221815865984
0.244430728218006
0.059132893603717
0.164474931320933
0.147111038175376
0.231741594458354
0.12372173835776
0.174462201480976
0.0794081561565114
0.376048198027332
0.231793894034558
0.0963941962305779
0.187765044656347
0.0866060249105872
0.173494004175111
0.181519162852572
0.166334507885215
0.147731247096718
0.0966000708172513
0.130837014391899
0.166338871472933
0.266143041595992
0.170572351835609
0.112167940881871
0.173550239071164
0.193552104817406
0.28131011227823
0.156006749323483
0.242828738288644
0.243457079308735
0.252335439008693
0.223244749002156
0.166468075147957
0.231877447443023
0.123281598233665
0.166338871472933
0.146407838583206
0.160603442901778
0.0771705615675166
0.152341597264977
0.236277125210619
0.206354386927228
0.260581733918501
0.104404889156177
0.103352452667368
0.297772146057976
0.211288557787867
0.0972150282478513
0.292966987986458
0.137053040900349
0.211288557787867
0.172412009108818
0.298852108953067
0.358985195890829
0.28726416394427
0.318143615375209
0.47329421472312
0.312673735991384
0.338332433726107
0.141467934284558
0.111195726518838
0.160970645154644
0.147731247096718
0.140265671023352
0.274009140967727
0.117497138438287
0.117176316292133
0.172138935019929
0.463658515183963
0.193552104817406
0.193253332404626
0.144675985641221
0.379946471478543
0.266996228656123
0.0966000708172513
0.0489806309042439
0.13234942132669
0.133842009231202
0.211288557787867
0.188463463421809
0.219050995087848
0.249143250268386
0.366289227094659
0.0893972068012541
0.366222690495305
0.196924670070469
0.241421244638237
0.117497138438287
0.18227275049952
0.140588119681782
0.191626520443055
0.309856772487297
0.059132893603717
0.113554203813163
0.233443348728512
0.135138530373554
0.360504761096125
0.370090116044633
0.179301540242088
0.181519162852572
0.179085901040709
0.108445024037171
0.0742884716186046
0.294052881159853
0.150456126960729
0.132033231356399
0.141262410485421
0.161839557296089
0.0771705615675166
0.102762685684302
0.140588119681782
0.26311593079121
0.13465613596025
0.131046996037598
0.728904604724913
0.156835028766607
0.125676345237106
0.24464116251176
0.277109662976605
0.138972180497929
0.249143250268386
0.106147598722811
0.172280791560102
0.110425123938908
0.159534216743223
0.151481185312552
0.100500620858661
0.0901892753023114
0.21213235353394
0.210121870557047
0.124717469407947
0.271119644574519
0.231877447443023
0.463658515183963
0.170572351835609
0.163994384422625
0.142512597249375
0.251250401887868
0.093908866986672
0.131046996037598
0.266143041595992
0.267212048676656
0.138972180497929
0.159955789784398
0.140588119681782
0.134597443869291
0.0962087913113097
0.119801573029226
0.331886936774264
0.152341597264977
0.132700466345301
0.241421244638237
0.0849998109747099
0.172280470324137
0.256352570478234
0.176384037134896
0.256492167457033
0.112651375094711
0.125804362731
0.185894635366977
0.250565224958048
0.145095219102449
0.0790759737554775
0.166811549091744
0.178563668469204
0.249143250268386
0.229760072514657
0.157588869989701
0.0671615000764697
0.260581733918501
0.374059483311195
0.249143250268386
0.222699126931291
0.229317765125739
0.154734581496133
0.152341597264977
0.0352311684965201
0.147139307658443
0.120135691740992
0.160173287606792
0.083001937219316
0.23450361738846
0.100544117983071
0.230019779956045
0.219874299518945
0.25733046832028
0.067809864349372
0.113554203813163
0.113539396848078
0.191151181772694
0.126061943206518
0.188785264182622
0.20788568111248
0.158761580436107
0.179311186910118
0.368618555444285
0.160469883168362
0.198610705376656
0.200480576272377
0.117176316292133
0.302039909076578
0.282077893151297
0.0805886803484461
0.170796879789249
0.153048268919578
0.0365925982200592
0.26311593079121
0.176996432518804
0.376048198027332
0.21213235353394
0.172280791560102
0.167633114494097
0.162649945888528
0.203284059736903
0.196145114910373
0.181702668652126
0.286049371710971
0.190405981160601
0.118029982217665
0.188463463421809
0.230019779956045
0.181702668652126
0.0744790041038661
0.178958625317672
0.116313622539003
0.131244961820224
0.185870300568308
0.0798955638109951
0.23372168314841
0.310925346347865
0.142224625490448
0.370090116044633
0.0966000708172513
0.160240617531076
0.151074853314953
0.0352311684965201
0.18227275049952
0.207748303363274
0.231831705346849
0.291398172641481
0.145893695152689
0.173951685656341
0.067809864349372
0.215651324373033
