8.26874410082112e-07
8.10396139571686e-07
8.34184074910485e-07
8.18353186712633e-07
8.27894220681397e-07
8.26030842972673e-07
8.37237180888474e-07
8.42931001689412e-07
8.43758312244045e-07
8.16373054270509e-07
8.31791592033841e-07
8.51128217241588e-07
8.28513352017518e-07
8.39729803234586e-07
8.32579999176315e-07
8.36899774374638e-07
8.18915746770966e-07
8.64163846947517e-07
8.1680472031578e-07
8.4475823149637e-07
8.53215074076179e-07
8.35216340458472e-07
8.47011829711109e-07
8.48001725994977e-07
8.43618654807199e-07
8.56279303040714e-07
8.74835767697652e-07
8.21010339932145e-07
8.31739692649101e-07
8.07374604085568e-07
8.22984720030968e-07
8.05437559497723e-07
8.37599314041501e-07
8.21025517899223e-07
8.41179706465118e-07
8.39949236476355e-07
8.22678812415156e-07
8.27150874995916e-07
8.21746662272701e-07
8.14202886345349e-07
8.55541356553425e-07
8.59169948419334e-07
8.2843109631234e-07
8.63066917767126e-07
8.47560598306747e-07
8.24577205320542e-07
8.57660755141294e-07
8.22829263013666e-07
8.24582285782295e-07
8.4270942930061e-07
7.91814724796881e-07
8.26782904928711e-07
8.51399674040739e-07
8.43480968037245e-07
8.16359563811326e-07
8.10828497472578e-07
8.42574650750137e-07
8.32647747080651e-07
8.39364036458576e-07
8.47905569806746e-07
8.43188280587824e-07
8.73360655617466e-07
8.2534031219438e-07
8.53337278425855e-07
8.59710530380469e-07
8.2523551004886e-07
8.48952987883917e-07
8.37801545767073e-07
8.15758108029588e-07
8.4606349813242e-07
8.49236829873125e-07
8.27899814083631e-07
8.24176053331387e-07
8.43253410668887e-07
7.94998720191541e-07
8.18421152920166e-07
8.21422778342966e-07
8.56295936277539e-07
8.45449063631715e-07
8.43584517295193e-07
8.34472425881814e-07
8.28453840263569e-07
8.45209681871308e-07
8.25252443840717e-07
8.22943066163556e-07
8.48747790503195e-07
8.08303070852146e-07
8.13520860137416e-07
8.15415759285803e-07
8.22991500284535e-07
8.55858055519235e-07
8.51537885820594e-07
8.31019781121374e-07
8.55235580983184e-07
8.59322976086346e-07
8.35879328882627e-07
8.66514182309862e-07
8.342019390767e-07
8.49411349119018e-07
8.26989901310611e-07
8.65049126019982e-07
8.44956544273426e-07
8.48302252945777e-07
8.39504556942368e-07
8.5650715890192e-07
8.45604990469149e-07
8.45258849563567e-07
8.29216523868745e-07
8.39888779130989e-07
8.41651759253811e-07
8.1589948121959e-07
8.50720441168804e-07
8.48711594210651e-07
8.29970119001495e-07
8.40614493378168e-07
8.18833399469627e-07
8.42756357965284e-07
8.51847427786395e-07
8.50730587231917e-07
8.4592654332161e-07
8.6936781898814e-07
8.35522688055716e-07
8.39691265113642e-07
8.25483356342784e-07
8.26637880112373e-07
8.40564443662124e-07
8.36220898869603e-07
8.65837281689766e-07
8.47367089315878e-07
8.3725072629078e-07
8.37723202935637e-07
8.41554922163523e-07
8.76109670750622e-07
8.35008172387267e-07
8.28037268795686e-07
8.0143284510396e-07
8.37131530304529e-07
8.06909841617226e-07
8.32636058483264e-07
8.60385079573156e-07
8.3740345019633e-07
8.58351950893239e-07
8.27465268482102e-07
8.29639089334774e-07
8.75029028309253e-07
8.63754692877187e-07
8.29737462236152e-07
8.29341384838089e-07
8.33456791366926e-07
8.19168523033269e-07
8.47924922345347e-07
8.37659311712996e-07
8.17341569770179e-07
8.61500449664966e-07
8.00136015815384e-07
8.23610016406404e-07
8.21861634285118e-07
8.12830525088377e-07
8.46908997547585e-07
8.26637774051988e-07
8.14270560215131e-07
8.39021459243376e-07
8.36368492595003e-07
8.41812066736899e-07
8.13029595241111e-07
8.80067625404902e-07
8.27462765977725e-07
8.27605375858044e-07
8.42062729502312e-07
8.40884676101687e-07
8.69690109040301e-07
8.15272369628107e-07
8.04314104428429e-07
8.40295588875781e-07
8.22953149733952e-07
8.17531359317838e-07
8.51872813546985e-07
8.25711023279665e-07
8.4588217332835e-07
8.43884817622354e-07
8.38010479699834e-07
8.17937108694498e-07
8.28085610916109e-07
8.3766050071608e-07
8.21287860816499e-07
8.49295386855061e-07
8.13030194793702e-07
8.28163016451419e-07
8.40359327846983e-07
8.27949977566891e-07
8.57834123699991e-07
8.63824628690913e-07
8.29880134317203e-07
8.22928829612191e-07
8.51651008672921e-07
8.40236189341847e-07
8.47917523672085e-07
8.42500082648935e-07
8.28401146070363e-07
8.3523489954014e-07
8.38862650051394e-07
8.5663784282745e-07
8.24654796049274e-07
8.35297283262912e-07
8.40700842678175e-07
8.32684641420425e-07
8.4602675749154e-07
8.46916119459651e-07
8.19987376890695e-07
8.22483376138339e-07
8.28843727481823e-07
8.23928460938646e-07
8.32449911300457e-07
8.44179134440364e-07
8.1438103292759e-07
8.47531030011542e-07
8.60247225189682e-07
8.14651806478139e-07
8.34020864334705e-07
8.17729817923628e-07
8.3258342249869e-07
8.5595086660372e-07
8.50420237042606e-07
8.26687656484645e-07
8.50832969776969e-07
8.30606069639268e-07
8.52782802704974e-07
8.33773778683511e-07
8.3800593879291e-07
8.17955956072454e-07
8.23323961387602e-07
8.51588368141102e-07
8.24620805909892e-07
8.25303292094892e-07
8.28182645231717e-07
8.02088082604022e-07
8.25938080963573e-07
8.34076092672639e-07
8.35791641616359e-07
8.27791946893479e-07
8.23419342840229e-07
8.59514196383845e-07
8.27042737036937e-07
8.49120842051472e-07
8.22202276148994e-07
8.33981948678727e-07
8.65311592846522e-07
8.2493618254954e-07
8.40496096869799e-07
8.34957858771987e-07
8.42834553494661e-07
8.22863781437218e-07
8.17726401225276e-07
8.39081951706465e-07
8.52142802729272e-07
8.22449208809617e-07
8.31871821614489e-07
8.32985911185213e-07
8.36951812140507e-07
8.11217894322933e-07
8.62347134314731e-07
8.41088057832719e-07
8.24422675259954e-07
8.22700730974797e-07
8.16833640798122e-07
8.35869906399201e-07
8.40128015676781e-07
8.38566301857643e-07
8.19482013963948e-07
8.4643039333877e-07
8.57961516936249e-07
8.54517424138049e-07
8.42469032951733e-07
8.11473658605261e-07
8.60872175131689e-07
8.34984417139466e-07
8.07710525352275e-07
8.48017994749957e-07
8.27065582013331e-07
8.41089039965113e-07
8.36614115829498e-07
8.51448851365704e-07
8.43270249146029e-07
8.63708753579572e-07
8.18323540007395e-07
8.16319430914023e-07
8.2773201421502e-07
8.21333713753827e-07
8.36779703997037e-07
7.91122285364636e-07
8.53441134768459e-07
8.30401762920115e-07
8.35409751236394e-07
8.30211416707215e-07
8.05027855190433e-07
8.54656074778118e-07
8.26042548994372e-07
8.45091046856495e-07
8.24945411290141e-07
8.27239319544372e-07
7.98091421990882e-07
8.46677499346308e-07
8.47068198181913e-07
8.32853018062741e-07
8.27956145696814e-07
8.38585068069619e-07
8.17142724713892e-07
8.25678812882623e-07
8.42788354455973e-07
8.45506879353059e-07
8.39181608058587e-07
8.35052817970197e-07
8.19088627352337e-07
8.43698564437329e-07
8.48525691695312e-07
8.28780930517579e-07
8.32884840530333e-07
8.633785907148e-07
8.54238892734787e-07
8.58146598829828e-07
8.14150232200762e-07
8.58316945673002e-07
8.3494374880221e-07
8.4380419106684e-07
8.14604668359993e-07
8.42577632194404e-07
8.43146847476812e-07
8.08733257990134e-07
8.62581420203695e-07
8.45273059745022e-07
8.46917914538474e-07
8.16351665123236e-07
8.26383414600941e-07
8.25936197467556e-07
8.21283293290985e-07
8.35573038853781e-07
8.77920083661693e-07
8.20744173694218e-07
8.21958554844138e-07
8.33014173108221e-07
8.45145192591388e-07
8.6965151941725e-07
8.42546264365134e-07
8.39342373319169e-07
8.1144831062527e-07
8.34165139921894e-07
8.10104444960718e-07
8.42768173722445e-07
8.40555422372035e-07
8.27452972049069e-07
8.38415093789411e-07
8.25956706147268e-07
8.27821026136138e-07
8.38686752976662e-07
8.21480528144889e-07
8.61052337587703e-07
8.63982624408177e-07
8.20590172910645e-07
8.40219594884249e-07
8.29777600280314e-07
7.98292372794502e-07
8.53716470202347e-07
8.55459801540679e-07
8.45024341838494e-07
8.32621961402044e-07
8.3270643644754e-07
8.18224092354526e-07
8.19658357720659e-07
8.42842099481122e-07
8.29804076274956e-07
8.54480217420097e-07
7.9667645135484e-07
8.39865461269283e-07
8.32437194146888e-07
8.35015255560246e-07
8.44767610856751e-07
8.23846223372257e-07
8.27874133450542e-07
8.42932037755054e-07
8.2961331662083e-07
8.3510139347855e-07
8.22760677989015e-07
8.43832690830875e-07
8.46697642820884e-07
8.47654906147628e-07
8.23273630487045e-07
8.70942912733437e-07
8.07014314778073e-07
8.32072741385342e-07
8.4808060032763e-07
8.01556647537995e-07
8.44551665736082e-07
8.49718016094199e-07
8.3523115380296e-07
8.16838233979915e-07
8.2622064125906e-07
8.18910059914329e-07
8.2599321462397e-07
8.42732648383607e-07
8.2655076865727e-07
8.3377674511898e-07
8.47913227608754e-07
8.1468313286734e-07
8.58046964241241e-07
8.37392010552619e-07
8.53034674523977e-07
8.17506583433898e-07
8.32715628053568e-07
8.42730550132688e-07
8.20148287692723e-07
8.17516796754353e-07
8.20633414999378e-07
8.13045813620031e-07
8.24941263022683e-07
8.28025284680591e-07
8.55900136074777e-07
8.32159729137796e-07
8.47626438631575e-07
8.45159442734461e-07
8.48057101157247e-07
8.13976010612446e-07
8.03932122675717e-07
8.62847654712076e-07
8.41466340071054e-07
8.1909285616292e-07
8.03459449442583e-07
8.27567602479555e-07
8.45173659058716e-07
8.24518411404357e-07
8.48992376238295e-07
8.32735766470403e-07
8.2166820502346e-07
8.3470670695466e-07
8.3917301485956e-07
8.18376227883114e-07
8.39624354061069e-07
8.19109997239041e-07
8.45213668579394e-07
8.61331159705224e-07
8.303380061741e-07
8.56437013979417e-07
8.35150334410563e-07
8.40116085965362e-07
8.59157538372068e-07
8.55350410276949e-07
8.12851314071554e-07
8.26451898193595e-07
8.61823771725505e-07
8.38795528665102e-07
8.40241196656283e-07
8.5443474732325e-07
8.23798989913822e-07
8.62784941219386e-07
8.28109066493918e-07
8.29186521446406e-07
8.19998233261393e-07
8.05752402307549e-07
8.33318590449572e-07
8.39899827689455e-07
8.49094292578134e-07
8.15525223795318e-07
8.47232030947365e-07
8.17591375868736e-07
8.34718057426673e-07
8.55851004036964e-07
8.26629269990852e-07
8.58586000765066e-07
8.25829924036184e-07
8.68557872658258e-07
8.27629602137981e-07
8.10042177897087e-07
8.35727814051309e-07
8.51667575082572e-07
8.5877734992707e-07
8.24511158011575e-07
8.27505358235304e-07
8.15208131564515e-07
8.32258928263014e-07
8.29749498560739e-07
8.41425415426157e-07
8.3302752191456e-07
8.24510064950638e-07
8.45332102806221e-07
8.21357184038569e-07
8.35319878267172e-07
8.2342166619559e-07
8.35902774101998e-07
8.48292202727366e-07
8.5195079095659e-07
8.15289215900241e-07
8.44210623099029e-07
8.57441661104008e-07
8.21143651640912e-07
8.40679095665674e-07
8.31999821187043e-07
8.25778998429313e-07
8.23740875325489e-07
8.44198064348925e-07
8.65164226083059e-07
8.26695548430982e-07
8.24464513247535e-07
8.56614862450744e-07
8.22030306505677e-07
8.60211983086507e-07
8.407398232197e-07
8.29472600469192e-07
8.46395462660005e-07
8.38308723858765e-07
8.33758403781709e-07
8.12681914654517e-07
8.66123096860942e-07
8.16771386640357e-07
7.94615701384206e-07
8.57796273249213e-07
8.3183759371361e-07
8.43241786596623e-07
8.63979792965955e-07
7.97546106662013e-07
8.59368542182784e-07
8.22423492174856e-07
8.52517563975348e-07
8.41006039215098e-07
8.52510135623911e-07
8.27939396709451e-07
8.37512286140943e-07
8.44381700227044e-07
8.70269409369545e-07
8.23232011737441e-07
8.33343124723887e-07
8.24206355345309e-07
8.54832460230894e-07
8.29425901254089e-07
8.52010314737011e-07
8.2848278499847e-07
8.62271229676089e-07
8.40670894360865e-07
8.05430512934888e-07
8.70614625141807e-07
8.4381571335829e-07
8.17846658922838e-07
8.38824506367864e-07
8.44017443949198e-07
8.49268616227594e-07
8.31513618635821e-07
8.1438175708065e-07
8.30617059833932e-07
8.42726210852922e-07
8.27621893401573e-07
8.44389531997517e-07
8.26433285145999e-07
8.46003285861935e-07
8.32519927636245e-07
8.05390848222845e-07
8.00218308328487e-07
8.01472409132475e-07
8.35466133822498e-07
8.42607600382975e-07
8.28657052585213e-07
8.32468125786432e-07
8.60721482756841e-07
8.2557744584767e-07
8.47708908070984e-07
8.49117031061286e-07
8.3680247657771e-07
8.23504366626205e-07
8.50202907404417e-07
8.0759425507383e-07
8.17160967489574e-07
8.08621995881068e-07
8.41684577899077e-07
8.44452205508226e-07
8.22030054065848e-07
8.52228167197472e-07
8.41184773060926e-07
8.3692855293945e-07
8.35363798422011e-07
8.21310233028285e-07
8.21623210874778e-07
8.08073144794831e-07
8.23540159639537e-07
8.41838327820438e-07
8.23946932534689e-07
8.42615879424448e-07
8.42135629568012e-07
8.45735482567267e-07
8.42695595452797e-07
8.41558312441407e-07
8.27433401805177e-07
8.24214818430934e-07
8.17534411275351e-07
8.34887654404486e-07
8.2482276949387e-07
8.14364796864886e-07
8.29124077744917e-07
8.36030393423598e-07
8.29805681896819e-07
8.34078097529923e-07
8.43534722578169e-07
8.26585270912639e-07
8.17303118570287e-07
8.41142383656683e-07
8.59471722300045e-07
8.34498025465356e-07
8.53586480822179e-07
8.54757777731692e-07
8.54018270186522e-07
8.37823441506781e-07
8.73725518751954e-07
7.97708529760767e-07
8.60225619090957e-07
8.2398596317044e-07
8.40717491517461e-07
8.52151582312637e-07
8.36791720167848e-07
8.18163701457243e-07
8.51002357353873e-07
8.36200838657582e-07
8.30635498963261e-07
8.58537215036745e-07
8.49046380235733e-07
8.244499679512e-07
8.17281746618294e-07
8.27697435255054e-07
8.01315272507731e-07
8.13768297595328e-07
8.16660343801096e-07
8.36451250969516e-07
8.63119954025277e-07
8.21043653292521e-07
8.60444323794159e-07
8.30578136755833e-07
8.24502735010895e-07
8.03006548558909e-07
8.36574277483725e-07
8.15810826431964e-07
8.37461109526077e-07
8.53871752270078e-07
8.45304530242556e-07
8.60518205672192e-07
8.57722339886672e-07
8.30164737468749e-07
8.42669359323061e-07
8.32037435177458e-07
8.49084199764942e-07
8.19565792328801e-07
8.40196883766646e-07
8.16884532892123e-07
8.50805023229041e-07
8.38381189492227e-07
8.36351346585304e-07
8.31762644631129e-07
8.64164907860866e-07
8.13078763241434e-07
8.28513772224506e-07
8.32565630455804e-07
8.25202171128147e-07
8.33341069680205e-07
8.3044180914043e-07
8.52774313381706e-07
8.43828692390566e-07
8.19139412718584e-07
8.31438541128685e-07
8.41229695736204e-07
8.68428142137127e-07
8.21030835535739e-07
8.5251968491479e-07
8.4283214451556e-07
8.28008129726859e-07
8.37594854027882e-07
8.17258813492e-07
8.14134968425313e-07
8.29909819567971e-07
8.38732898675368e-07
8.77125522452491e-07
8.58612407383108e-07
8.4312999112589e-07
8.07727610911444e-07
8.49906170153766e-07
8.36272797581977e-07
8.21984064651271e-07
8.47448631038598e-07
8.3531631188285e-07
8.31828735018603e-07
8.34692162557634e-07
8.34024602233073e-07
8.12329404864597e-07
8.33671504745705e-07
8.66535831967399e-07
8.31707382187014e-07
8.42152733799221e-07
8.54929025348663e-07
8.44233005584283e-07
8.39237170381425e-07
8.20214139272762e-07
8.0338008441986e-07
8.16869863057475e-07
8.3349015345762e-07
8.36971566952657e-07
8.3106695613208e-07
8.46880292661229e-07
8.2195211256574e-07
8.54709809341219e-07
8.23929733990711e-07
8.2318054647301e-07
8.32445764163214e-07
8.45789558709219e-07
8.20221501233144e-07
8.51003948279724e-07
8.37025220931951e-07
8.19326712815721e-07
8.39762778038943e-07
8.03567884491689e-07
8.52317351829951e-07
8.35378044242052e-07
8.36298022591885e-07
8.45482140765236e-07
8.39423297100168e-07
8.27373729396956e-07
8.48955812365921e-07
8.50100788594254e-07
8.16508929200817e-07
8.29715037684507e-07
8.45788634499182e-07
8.30460940967375e-07
8.21271561529329e-07
8.39022340705711e-07
8.34900609481439e-07
8.50034112343563e-07
8.08118976109628e-07
8.43070061378353e-07
8.35346379014934e-07
8.28411491452363e-07
8.3503052245258e-07
8.61834624319283e-07
8.32913142272935e-07
8.25561228945904e-07
8.54865154841148e-07
8.38067597996124e-07
8.28809893990994e-07
8.56720782573002e-07
8.66246675484853e-07
8.8136726564481e-07
8.3512713277048e-07
8.33863400704672e-07
8.11536407644982e-07
8.24897124503155e-07
8.44218694613744e-07
8.49270907451841e-07
8.35300456876995e-07
8.45480471050761e-07
8.45369973353313e-07
8.16831478343397e-07
8.32387268193536e-07
8.69847435119625e-07
8.73140859712149e-07
8.11237747459673e-07
8.35511404215973e-07
8.37254892256532e-07
8.30547054719774e-07
8.23022092529116e-07
8.50884256622911e-07
8.33272893625123e-07
8.02985236464493e-07
8.37363803680878e-07
8.22864032478449e-07
8.19194987577749e-07
8.42150587583046e-07
8.28276414995494e-07
8.35847462862172e-07
8.40201738326437e-07
8.40198659570399e-07
8.44141189157543e-07
8.55084641497053e-07
8.72328444802361e-07
8.15479132206615e-07
8.10233081042488e-07
8.47347340437048e-07
8.42248669923706e-07
8.51355493059718e-07
8.74628629543034e-07
8.56243706299267e-07
8.47380064116013e-07
8.29725601201144e-07
8.6178852385668e-07
8.41849435594346e-07
7.92460241256871e-07
8.13432260741913e-07
8.58631096020113e-07
8.44804796964365e-07
8.58329802995145e-07
8.30983868971449e-07
8.22291918016498e-07
8.4514651633022e-07
8.55346928655858e-07
8.26506493909258e-07
8.44827844072678e-07
8.13489755321075e-07
8.46650191286857e-07
8.54777135633827e-07
8.44282483442022e-07
8.1967656182108e-07
8.44005693160811e-07
8.26260776972603e-07
8.49567145080486e-07
8.2159393044538e-07
8.37387068879969e-07
8.02637952575755e-07
8.40648811289643e-07
8.45741492154601e-07
8.33071815207948e-07
8.21139302330761e-07
8.49488334088664e-07
8.17709195371958e-07
8.23073504226948e-07
8.12461010829746e-07
8.39318112385427e-07
8.35163038438238e-07
8.15235997859158e-07
8.31475260427624e-07
8.47938974145651e-07
8.18175049190746e-07
8.37052890043438e-07
8.4866665613902e-07
8.21278628527554e-07
8.44401893086397e-07
8.34412829844363e-07
8.26726364284797e-07
8.46710754740119e-07
8.3040539077029e-07
8.53626006248049e-07
8.39122310915307e-07
8.34687646247975e-07
8.48977049466927e-07
8.26012645483846e-07
8.513239543756e-07
8.31540396474052e-07
8.36580762577227e-07
8.34001603492434e-07
8.03720356236603e-07
8.49702411170744e-07
8.44740760569895e-07
8.12021175500028e-07
8.06422924084312e-07
8.27894612116893e-07
8.61423718640241e-07
8.26017968782465e-07
8.27063041672308e-07
8.64580277919523e-07
8.44507437810624e-07
8.43593328942967e-07
8.33067668772999e-07
8.39362564688717e-07
8.4482180843276e-07
8.07159168723852e-07
8.38878337500731e-07
8.07866922265361e-07
8.52036383444984e-07
8.08564888443226e-07
8.54165176870173e-07
8.28883444060496e-07
8.29947472637834e-07
8.18970115528041e-07
8.50608082885962e-07
8.53645892127988e-07
8.09470319017926e-07
8.42639191144953e-07
8.44956068623742e-07
8.30663086973157e-07
8.5960482243447e-07
8.19766238033268e-07
8.37733060748982e-07
8.35092925163563e-07
8.07836284370104e-07
8.4121342198002e-07
8.26281474583319e-07
8.51306843474669e-07
8.40440551715053e-07
8.35791968915272e-07
8.51038412975943e-07
8.47504702191523e-07
8.56237986379944e-07
8.59912119369731e-07
8.54085568287164e-07
8.58366088647039e-07
8.32127801783656e-07
8.1977722995135e-07
8.24867222645724e-07
8.27796347313353e-07
8.23137375280008e-07
8.33330687631917e-07
8.18952655125537e-07
8.22177089940236e-07
8.29757865370419e-07
8.45126097530085e-07
8.27028813099593e-07
8.20898854404068e-07
8.46022787333766e-07
8.43426514219707e-07
8.48043434266977e-07
8.45578344450549e-07
8.49368990584632e-07
8.41336719124825e-07
8.51502708161623e-07
8.2839975154879e-07
8.19581165951085e-07
8.3977229670733e-07
8.33717749768507e-07
8.059835798272e-07
8.28368263107059e-07
8.28384215460483e-07
8.46310170723796e-07
8.02852672663978e-07
8.46372913191417e-07
8.44077212671314e-07
8.48784184555767e-07
8.45294393302915e-07
8.21259602465526e-07
8.37048748533376e-07
8.33582987732973e-07
8.41074439246058e-07
8.41061425965254e-07
8.21332151550424e-07
8.38885348577226e-07
8.5959291874607e-07
8.39877789893378e-07
8.35829397261405e-07
8.16678577925562e-07
8.4456882885864e-07
8.39901057292127e-07
8.44576793542431e-07
8.52107832088856e-07
8.20724122030008e-07
8.16972452754229e-07
8.38879699731883e-07
8.22606950252078e-07
8.4778199603246e-07
8.45150177506712e-07
8.1154457403403e-07
8.85291885930236e-07
8.42019187219931e-07
8.47703504714232e-07
8.23344865171651e-07
8.56777258197999e-07
8.39226766394276e-07
8.38471896034511e-07
8.23215347796467e-07
8.38865272744294e-07
8.47823864411811e-07
8.35961000162649e-07
8.30609177831912e-07
8.14341308677485e-07
8.48060422787553e-07
8.15107403719046e-07
8.2553216255932e-07
8.30344020030874e-07
8.29783814146066e-07
8.40392942101662e-07
8.20967305064834e-07
7.95383141437294e-07
8.23883689399757e-07
8.24683886995019e-07
8.49785636349688e-07
8.41161251048934e-07
8.61885913583074e-07
8.70298455944059e-07
8.35269798214485e-07
8.34275383358161e-07
8.406705548762e-07
8.38840593154153e-07
8.21449833136601e-07
7.95213846023633e-07
8.32121726872956e-07
8.39149217042213e-07
8.15208818705434e-07
8.39271627689583e-07
8.24175342816819e-07
8.54941811147428e-07
8.14655246019456e-07
8.53953468265351e-07
8.48125294040171e-07
8.24578145618527e-07
8.46012734199713e-07
8.30122182405005e-07
8.35553799173791e-07
8.54868438283549e-07
8.32250086123003e-07
8.35818020245585e-07
8.36855360486776e-07
8.22437221061385e-07
8.31441659162923e-07
8.13370361776473e-07
8.26019994502628e-07
8.14979758854823e-07
8.37711436024265e-07
8.40601865695318e-07
8.31175191557737e-07
8.21438186045593e-07
8.38959307728535e-07
8.47952325776929e-07
8.24150142371013e-07
