3.56878081635661e-05
3.1377018161607e-05
3.18708191813512e-05
3.02445451491861e-05
3.4929244156738e-05
3.30701307968276e-05
3.8744774876971e-05
3.39011207351281e-05
3.22507812960264e-05
4.00842739484412e-05
3.28977552830502e-05
3.212103870284e-05
3.07230198785442e-05
3.46630938775916e-05
3.55000237895887e-05
3.37122378473928e-05
3.43488760294466e-05
3.17946115054573e-05
3.28309822296762e-05
3.28304830984572e-05
3.4801608254331e-05
3.54351563619099e-05
3.13077052242245e-05
3.60006584337988e-05
3.58650809282163e-05
3.52082415127079e-05
3.45740946690968e-05
3.41586998873186e-05
3.92475954134261e-05
3.00951321502894e-05
3.25403471482028e-05
2.98277190655574e-05
3.15840072654132e-05
3.11155064130648e-05
3.27289445802384e-05
3.33047906804501e-05
3.09951134795526e-05
3.06050087007767e-05
3.3995516937076e-05
3.35203718761164e-05
3.38870375441211e-05
3.09453184477888e-05
3.32278596401793e-05
3.5554145205347e-05
3.72333999255193e-05
3.49983681430356e-05
3.16405793206288e-05
3.69455256893316e-05
3.32123323707492e-05
3.2433612819526e-05
3.6035591845076e-05
3.56522388499203e-05
3.12758873238583e-05
3.20926648519197e-05
3.13307020621648e-05
3.28161092526289e-05
3.31199250021116e-05
3.02641545385393e-05
3.24229757360653e-05
3.78638491917592e-05
3.05544044687022e-05
4.52600374536187e-05
3.38661648051797e-05
3.42908998234608e-05
3.63436375410513e-05
3.39702272660776e-05
3.95467398878501e-05
3.77096188954769e-05
3.85353485095591e-05
4.10692135567325e-05
3.0248156015646e-05
3.0864964831168e-05
3.41380908211062e-05
3.59246960109818e-05
3.17538733433383e-05
3.65636130987432e-05
3.78739844514928e-05
3.76192614226473e-05
4.31849305263177e-05
3.46960652555981e-05
3.38526941146081e-05
3.31646606887158e-05
3.37912514407901e-05
3.26919953124986e-05
3.07011800637443e-05
3.42963109450995e-05
3.33052297237728e-05
3.19768974489854e-05
3.27097562619895e-05
3.16370355445216e-05
3.46715559458965e-05
3.45345380315515e-05
3.65711920216165e-05
3.22202504593867e-05
3.45557328940394e-05
3.30636140830565e-05
3.37835924326099e-05
3.29867762132806e-05
3.61346397547666e-05
3.15757418539357e-05
3.45117759545156e-05
3.51447331848573e-05
3.27619296028721e-05
3.48670167186507e-05
3.6800582080981e-05
3.77365415110864e-05
4.44191680607161e-05
3.24970184717989e-05
3.45345008258875e-05
3.20338165941231e-05
3.32190476819008e-05
3.2418760623694e-05
3.12027776819989e-05
3.27556972055768e-05
3.09930063883323e-05
3.46323499315851e-05
3.21480122379203e-05
3.52456448427952e-05
3.40479480810189e-05
3.72376740004894e-05
3.61551889738859e-05
3.28688644787761e-05
3.44109676309335e-05
3.3914415286971e-05
3.23639507087908e-05
3.28573585249416e-05
3.30938962928383e-05
3.20595727561726e-05
3.06736819854863e-05
3.19687458516184e-05
3.73951832826471e-05
3.28565211868334e-05
3.18573764011041e-05
3.12216330348097e-05
3.33235160557446e-05
3.22441219705488e-05
3.40029919903744e-05
3.32393608647991e-05
3.3806611483678e-05
3.33755056948681e-05
4.3001545977879e-05
3.28973418637673e-05
3.27247094158275e-05
3.30948205542397e-05
3.53054850060079e-05
3.51878359916872e-05
3.2138665973471e-05
3.34914596330774e-05
3.11888120790798e-05
3.32463797887951e-05
3.33110408609433e-05
4.1598915203398e-05
3.09353591436484e-05
3.37765703699009e-05
3.54723324013737e-05
3.10143805616539e-05
3.32551091048272e-05
3.26189048600148e-05
3.31845711524415e-05
3.67663382200242e-05
3.58865248432784e-05
3.42810166998314e-05
3.47143261792408e-05
3.1212524180139e-05
3.28547740338111e-05
3.82066868823078e-05
3.31439723730378e-05
3.69608412459332e-05
3.15139998840579e-05
3.12737343489108e-05
3.44226331964607e-05
3.28831764663802e-05
3.03146470342566e-05
3.32727206246228e-05
4.20447916718445e-05
3.29674340750983e-05
3.34377512907903e-05
3.26605890538911e-05
3.2564323219994e-05
3.30656560678628e-05
3.3461070764624e-05
3.15103066456884e-05
3.22321221287663e-05
3.3729836648277e-05
3.06215698533966e-05
3.4004399313718e-05
3.30127589711896e-05
3.46732620854239e-05
3.43737671760918e-05
3.08609363700255e-05
3.6117783269288e-05
3.3652921489542e-05
3.32777242516743e-05
3.74190337694302e-05
3.70056617852358e-05
3.29043442384408e-05
3.2448773252499e-05
3.1451679453111e-05
3.53189157340587e-05
3.30961563753048e-05
3.28915254782894e-05
3.3397289563307e-05
3.55993454360635e-05
3.29460310615792e-05
3.43972773517401e-05
3.3580974279309e-05
3.27251230330344e-05
3.47288703100349e-05
3.10327756578298e-05
3.38189659769717e-05
3.26679200082618e-05
3.32243814627679e-05
3.06183437008585e-05
3.4573793409608e-05
3.53421719946687e-05
3.66164811734101e-05
3.44569383844893e-05
3.31359106605437e-05
3.4759063597914e-05
3.17562987395391e-05
3.56919322325842e-05
3.84855676610843e-05
3.08244799464193e-05
3.59905140636028e-05
3.3677474215445e-05
3.1222655402799e-05
3.13957388057985e-05
3.30969909744051e-05
3.21970072045169e-05
3.06117795740492e-05
3.46770281049001e-05
4.33144454495079e-05
3.30921969205247e-05
3.07025201553007e-05
3.36823640770225e-05
3.15661360534873e-05
3.76915905061936e-05
3.31739322305909e-05
3.15213081596394e-05
3.05928134421502e-05
3.37576717557511e-05
3.33005734946603e-05
3.54200331328418e-05
4.22631937479224e-05
3.4999839360139e-05
3.32560805723444e-05
3.21891695981734e-05
3.2660527249856e-05
3.07087264249458e-05
3.95755394633533e-05
3.0651234681095e-05
3.62488434533168e-05
3.3304983412526e-05
3.21962774939877e-05
3.09902165099521e-05
3.48809672389247e-05
3.3080087132659e-05
3.41142226499099e-05
3.51396155718178e-05
3.36035404056049e-05
4.49010667981193e-05
3.13766138384856e-05
3.23023781497052e-05
3.29502989956169e-05
3.39474752665435e-05
3.53707993285931e-05
3.32843130858457e-05
3.2201707659817e-05
3.41447598581159e-05
3.24126063917419e-05
3.18414211664949e-05
3.64943832372417e-05
3.69904539235211e-05
3.17577488782382e-05
3.52894471661427e-05
3.35511855454467e-05
3.64599389861537e-05
3.42526997318618e-05
3.34061780758208e-05
3.75265476654275e-05
3.57032060434822e-05
3.21836959101894e-05
3.28172157880642e-05
3.40432070659604e-05
3.30057649380958e-05
3.92218586571187e-05
3.55229762785415e-05
3.8142217804881e-05
3.26214007301842e-05
3.50812774634813e-05
3.167940590939e-05
3.23637816186516e-05
3.3845072520145e-05
3.27955156117278e-05
3.13992992276448e-05
3.33150104895695e-05
3.2090694608805e-05
3.26027706081685e-05
3.22436185869518e-05
3.50490021830091e-05
3.3777434688717e-05
3.34494923425211e-05
3.28420462641338e-05
3.32557138048622e-05
3.15793986814641e-05
3.21157348487129e-05
3.7678899442983e-05
3.47252175623236e-05
4.05378540408455e-05
3.42063247378603e-05
3.10010756755271e-05
3.50324224708393e-05
2.82063550905996e-05
3.43706427786288e-05
3.38210421712768e-05
3.1954576782013e-05
3.39804995261689e-05
3.38189694143686e-05
3.2621727234779e-05
3.36872651265711e-05
4.25565024224779e-05
2.98058844513557e-05
3.33447658784501e-05
3.2082988319819e-05
3.32668226241656e-05
3.37104972834031e-05
3.45700166405827e-05
3.28842239688905e-05
3.48669131864303e-05
3.2062616292002e-05
3.54148140384546e-05
3.21526938165612e-05
3.37809081973871e-05
4.40932793245326e-05
3.25361980712622e-05
3.57292077758685e-05
3.43517406215668e-05
3.08689402005438e-05
3.39225868367291e-05
3.20894846537372e-05
3.43998958376299e-05
3.23524582381736e-05
3.63729088095259e-05
3.41496677222118e-05
3.25406246698119e-05
3.78590032793384e-05
3.40640079418181e-05
3.64768120094176e-05
3.29079976473855e-05
3.48226432007028e-05
3.11165858030374e-05
3.23393297727537e-05
3.1874602734995e-05
3.33836487085011e-05
4.47275433722263e-05
3.32944597522052e-05
3.21980280250008e-05
3.33195145674731e-05
3.83807614738015e-05
3.93951303471676e-05
3.13140466155232e-05
3.09883589446644e-05
3.99684768416975e-05
3.24617856434174e-05
3.6253815143985e-05
3.95850042173137e-05
3.11626430585217e-05
3.77740803051762e-05
4.19537229323851e-05
3.39736891955795e-05
3.33046900087782e-05
3.46242979451925e-05
3.35866857726639e-05
4.3831226680527e-05
3.81298452797866e-05
3.41691663081863e-05
3.48380182331382e-05
3.9995109173091e-05
3.52492375309323e-05
3.33885440535866e-05
3.16854147333517e-05
2.96690702206738e-05
3.45174495389782e-05
4.84589437775536e-05
3.22459098890357e-05
3.07747358622541e-05
3.57515340661508e-05
3.16489778093953e-05
3.30496145694942e-05
3.11727757087458e-05
3.24035678769162e-05
3.19659022449027e-05
3.27245212746582e-05
3.45586559304475e-05
3.39818765509783e-05
3.04310178034657e-05
3.31774800145179e-05
3.23520620686427e-05
3.41663966271406e-05
3.36059946951598e-05
3.32962707279548e-05
3.3015528481827e-05
3.21030970766118e-05
3.31167043433035e-05
3.00189353935984e-05
3.23979789453816e-05
3.33892806067682e-05
3.2081746616086e-05
3.04835854829636e-05
3.39111934992178e-05
3.04296129694707e-05
3.69290628331977e-05
3.32297616702279e-05
3.43737560905743e-05
4.03817815144451e-05
3.72560049508992e-05
3.97583963569487e-05
3.0942055107565e-05
3.21096199751278e-05
3.28725149977786e-05
3.00603119600758e-05
3.28407190184562e-05
3.63666238841288e-05
3.5396861461918e-05
3.05131212219693e-05
3.17622772445402e-05
3.49668262553003e-05
3.42154227098556e-05
3.21691173146214e-05
3.11140804648595e-05
3.3214445212367e-05
2.9394008862595e-05
3.41580702403709e-05
3.75393228559305e-05
3.33178695158737e-05
3.27328949875643e-05
3.14727289817905e-05
3.50895892532035e-05
3.37127544380069e-05
2.92737517457206e-05
2.99413662953773e-05
3.11768718427782e-05
3.25312866717094e-05
3.14859613586437e-05
3.79654886171253e-05
3.103854108049e-05
3.40133568079612e-05
3.34143947147267e-05
4.11833583977564e-05
3.51275093242542e-05
3.3721487955935e-05
3.35355480090913e-05
3.32248899799797e-05
3.26316987386772e-05
3.48933796325509e-05
4.49472176622739e-05
3.19991268033395e-05
3.14617397940051e-05
3.16875250322888e-05
3.3076531339985e-05
3.2592443829743e-05
3.29279379383332e-05
3.28332453462502e-05
3.2976223492632e-05
3.38958276746727e-05
3.23849587846718e-05
3.56385586238315e-05
3.26575736659844e-05
3.36984191522814e-05
4.13968620621793e-05
3.0804876620583e-05
3.25305626401289e-05
3.27310795428408e-05
3.60078346493743e-05
3.74828523255784e-05
4.32049713704487e-05
3.3592875629351e-05
3.37284379477768e-05
3.32224591875642e-05
3.28430741361684e-05
3.59503813835632e-05
3.53466989781142e-05
3.58040407483827e-05
3.15191845153153e-05
4.32050755203484e-05
3.24035340356869e-05
3.30394727429807e-05
3.39439196740663e-05
3.13536027249843e-05
3.30195244337068e-05
3.31595070641274e-05
3.61781579491922e-05
3.15843163135836e-05
3.5727991829494e-05
3.49316629629892e-05
2.81119019951927e-05
3.24671859088442e-05
3.07280882373432e-05
3.67173037992948e-05
3.35082920784907e-05
3.42135347366219e-05
3.44818685111939e-05
2.92146375171405e-05
3.17251629705484e-05
3.23087344971141e-05
3.0652818543118e-05
3.17202452164031e-05
3.21019250288362e-05
3.22610666892397e-05
3.29002630167222e-05
3.54068992995162e-05
3.4310044109203e-05
3.44105259712981e-05
3.94110256100946e-05
3.37918352596812e-05
3.30349303291619e-05
3.49312972174699e-05
3.29017673775262e-05
3.56706716282381e-05
3.31204162242989e-05
3.49496962923357e-05
3.38515532116023e-05
4.02700893193263e-05
3.28143154133737e-05
3.29691673843192e-05
2.99515534328309e-05
3.48725707129542e-05
3.73254175553424e-05
3.25884501498639e-05
3.15492880281917e-05
3.56738509689366e-05
3.56797905988696e-05
3.20690649951187e-05
3.26914166184694e-05
3.37305843333304e-05
3.36577373285694e-05
3.29914982954867e-05
3.55108964718619e-05
3.6803701093278e-05
3.44178614626978e-05
3.14513227480885e-05
3.41711265864175e-05
3.2530718001857e-05
3.22845784972958e-05
3.56684394470261e-05
3.37008379816809e-05
3.82061071857228e-05
3.80676275981428e-05
3.19562623278991e-05
3.22647163430647e-05
3.52307391393311e-05
3.50792449399291e-05
3.45980182478296e-05
3.28493863584169e-05
3.14265242150524e-05
3.31181311273945e-05
3.51081381839462e-05
3.29339500879406e-05
3.25782346831865e-05
3.36850272296861e-05
3.08985761118691e-05
3.30582013662259e-05
4.00317522866605e-05
3.37661480815396e-05
3.1714386978552e-05
3.31283811384226e-05
3.46858636603041e-05
3.22715832917283e-05
3.3293407896731e-05
3.520023488736e-05
3.42662385240963e-05
3.26375791832058e-05
3.31916940138216e-05
3.61569200425956e-05
3.11917751836238e-05
3.48059560709974e-05
3.36958552101488e-05
3.28045455006371e-05
3.06924368394006e-05
3.23530003615276e-05
3.14333082758604e-05
3.24869101864688e-05
3.54030442881741e-05
3.25038924759016e-05
3.12176029659973e-05
2.87349374998673e-05
4.11987597467454e-05
3.32141773279276e-05
3.26858917261488e-05
3.82649760398717e-05
3.67755722441727e-05
3.37272651910328e-05
3.40991593463579e-05
3.20139972779674e-05
3.0708791053437e-05
3.33659083572123e-05
3.00219200456908e-05
3.10571617261759e-05
3.22424136721512e-05
3.13334460090468e-05
4.40459703483875e-05
3.54941646251311e-05
3.32955049523453e-05
3.61991015502057e-05
3.11212775958078e-05
3.4668410297144e-05
3.41985651265994e-05
3.53088224607964e-05
3.27991621727542e-05
3.29816819534346e-05
3.35124313935854e-05
3.54632535665647e-05
3.37859796415126e-05
3.22618269530532e-05
3.12174793916343e-05
3.63308302228418e-05
3.09545108809646e-05
3.60914866412704e-05
3.4836700667478e-05
3.1024444049887e-05
3.39954863047275e-05
3.17545362016157e-05
3.42565207668379e-05
3.27653347936287e-05
3.28583759300728e-05
3.33295836562041e-05
2.87272238739249e-05
3.37682740510919e-05
3.14285003874118e-05
3.44320773082628e-05
3.37326257346828e-05
3.25216829610498e-05
3.2648126172419e-05
3.21624511708584e-05
3.21043834967684e-05
3.20209983132923e-05
3.51961388719216e-05
3.57488797916393e-05
3.27643824959973e-05
3.63203008906999e-05
3.83307540508587e-05
3.43267843303821e-05
3.2449038820355e-05
3.58175826893194e-05
3.12606834313394e-05
3.32181421557433e-05
3.02741192321745e-05
3.64880834484581e-05
3.33563479309889e-05
3.43011124667644e-05
3.85505737042614e-05
3.37720691344197e-05
3.28511516628302e-05
3.4222203531319e-05
3.17271123136356e-05
3.33448201436976e-05
3.24340270234052e-05
4.07809897289795e-05
3.00731783965639e-05
3.70426242355769e-05
4.30114353493025e-05
4.06067388149611e-05
3.5087916696e-05
4.22814651481105e-05
3.18558256448156e-05
3.59128065605548e-05
3.54466100256732e-05
3.47657428678585e-05
3.18549828440673e-05
3.84272130931378e-05
3.38629120923887e-05
3.26581175762961e-05
3.07338391677622e-05
3.55119387435661e-05
3.10262231656419e-05
3.58929114717422e-05
3.0623482011672e-05
3.10252896951174e-05
3.07009320303589e-05
2.9438993137289e-05
4.14790864965348e-05
3.468674591748e-05
3.02695409941286e-05
3.24344961001015e-05
3.3824643618462e-05
3.01579368466022e-05
3.56988476521673e-05
3.34117465542326e-05
3.66370805014778e-05
4.11801451581756e-05
3.32494939225114e-05
3.47362544986601e-05
3.19574628450372e-05
3.52070714973972e-05
3.18550327058495e-05
3.24802290811827e-05
3.75321577201364e-05
3.32937378496644e-05
3.39216668550929e-05
3.27374739640419e-05
3.37502799374599e-05
3.53993039139378e-05
3.21403557152169e-05
3.20705000707155e-05
3.39783666078483e-05
3.3654620281097e-05
3.69845634072353e-05
3.41428003882485e-05
3.30042538664051e-05
3.44293764044151e-05
3.34728777163787e-05
3.25190878690165e-05
3.2659152320098e-05
3.32908225652903e-05
3.07415952540362e-05
3.27670489104495e-05
3.28177940811765e-05
3.13338727062419e-05
3.3313194042119e-05
3.13073318991473e-05
3.70097120331355e-05
3.30924003112931e-05
3.65311247065778e-05
3.39976727561532e-05
3.86096019716282e-05
3.24744368548602e-05
3.48954911653353e-05
4.6115767444683e-05
3.3596319808023e-05
3.30439266252132e-05
3.18717379129519e-05
3.74040083240039e-05
3.36056566077981e-05
3.46647978492917e-05
3.26507233889772e-05
3.12339657760894e-05
3.24329450843487e-05
3.13800141370861e-05
3.27838279900355e-05
3.93413233354185e-05
3.71696780266334e-05
3.46522356912413e-05
3.50983148623392e-05
3.22989618578701e-05
3.20950491337909e-05
4.00733462738101e-05
2.97822916787857e-05
3.60625169971115e-05
3.4684826078045e-05
3.66108104777167e-05
3.26674732882692e-05
3.59715699875546e-05
3.32996578408707e-05
3.31365347741317e-05
4.10151645809891e-05
3.18844085251478e-05
3.2177824394685e-05
3.26513260889562e-05
3.24858971063332e-05
3.15586282445316e-05
4.28716188109092e-05
3.17851746978974e-05
3.20928193466758e-05
3.30509381778349e-05
3.1308723017164e-05
3.00080036499415e-05
4.47447343991304e-05
3.54638619115709e-05
3.26586289931276e-05
3.63758410635194e-05
3.90217921470015e-05
3.12153981229768e-05
4.44109170446188e-05
3.4652910950216e-05
3.45753478761552e-05
3.13271029117705e-05
3.34766757893018e-05
3.30859793922862e-05
3.78255097566671e-05
3.33659037173561e-05
3.3665380440753e-05
3.28887472977526e-05
3.28271729198329e-05
3.95424014510689e-05
3.35468843614389e-05
3.26017040770824e-05
3.25383858630317e-05
3.67304299064337e-05
3.35263333684335e-05
3.39944210142588e-05
3.53491931518433e-05
3.46095132778911e-05
3.24739350239787e-05
3.48003828128352e-05
3.27778434483951e-05
3.44715645789446e-05
3.3397977200055e-05
3.38496173323829e-05
3.5125714428818e-05
3.57242367042731e-05
3.35067036362778e-05
3.29440270555551e-05
3.39426515720349e-05
3.6125897860292e-05
3.12039630627266e-05
3.36295792077683e-05
3.44979548361199e-05
3.67651456210767e-05
3.20366499281462e-05
3.74198893137059e-05
3.3712600727019e-05
3.33853921192137e-05
3.25826819457766e-05
4.27919106247484e-05
3.42084475602399e-05
3.22852301809784e-05
3.67515743559801e-05
3.37664657135624e-05
3.4247989652991e-05
3.57550769518804e-05
3.96969096529051e-05
3.18126330208716e-05
3.48792733515662e-05
3.16784484709127e-05
3.49264315284723e-05
3.4451118643875e-05
3.33276736921208e-05
3.79677117720683e-05
3.33919824551487e-05
3.39363369115558e-05
3.91642416768623e-05
3.69568408923021e-05
3.26101917484936e-05
3.380511497225e-05
3.24822165082449e-05
3.24493686514833e-05
3.56059827913265e-05
3.22176410252006e-05
3.62366048337693e-05
3.4427511680555e-05
3.33148886377557e-05
3.21047789573413e-05
3.17766835873387e-05
3.37750253204144e-05
3.85907431837072e-05
3.15351625691605e-05
3.15463868424993e-05
3.58655545282865e-05
3.26798384651429e-05
3.40535299217585e-05
4.05868225619427e-05
3.42628018777586e-05
3.59373168070517e-05
3.33857367181522e-05
3.16862882665385e-05
3.12683894897112e-05
3.43183734453368e-05
4.14588482655497e-05
3.27495629556891e-05
3.44294362311653e-05
3.48264240661376e-05
3.15733289266836e-05
3.23576981226126e-05
3.24857483854851e-05
3.38386831379484e-05
3.37896073798111e-05
3.21943920251694e-05
2.96683240469797e-05
3.44385587791167e-05
3.37098628585769e-05
3.41638841662985e-05
3.66034368619991e-05
3.76583119470889e-05
3.9087969576421e-05
3.28713777434397e-05
3.30333855999419e-05
3.3031526979986e-05
3.26004858112828e-05
4.11469246748502e-05
3.53160640460051e-05
3.41268537714804e-05
3.17111236870023e-05
4.19049570595621e-05
3.56571024377658e-05
3.18854883792799e-05
3.37082569471254e-05
4.0149670470325e-05
3.3366106279792e-05
4.00503863427578e-05
3.34994308997934e-05
3.39758626664758e-05
3.34816055840808e-05
2.94066031686119e-05
3.2411832511138e-05
3.79026299518181e-05
4.50822083222231e-05
3.6866126176512e-05
3.55184620773525e-05
3.21687524488934e-05
3.6411666494685e-05
3.96806878426176e-05
3.32124707909974e-05
3.61425027706802e-05
3.61692733238898e-05
3.58221616529321e-05
3.40626867832496e-05
3.42056799580144e-05
3.48374169629456e-05
3.75370841833078e-05
3.20190681184077e-05
3.41571963303337e-05
3.24397116644947e-05
3.84288079138967e-05
3.33338100842573e-05
3.55490592517139e-05
3.56778280237043e-05
2.93981975853729e-05
3.37261327098773e-05
3.51178705971927e-05
3.20803943457616e-05
3.59189296132384e-05
3.24174687813725e-05
4.24060579254811e-05
3.38402099907155e-05
3.84313098732077e-05
3.25532627902679e-05
4.08385974457621e-05
3.32301553252089e-05
3.80334742567871e-05
3.55376631943476e-05
3.46662559271813e-05
3.18188836021559e-05
3.65424036283391e-05
3.4953784501072e-05
3.40448883829975e-05
3.29877869733691e-05
3.62401508626438e-05
3.46418978692571e-05
3.4358843333407e-05
3.24262708490738e-05
3.39970977771752e-05
3.34315823371121e-05
3.31382230698697e-05
4.23508979663247e-05
3.13514560022262e-05
3.39159376776302e-05
3.5888210285965e-05
3.42264475874937e-05
3.39848394081277e-05
4.02744085414884e-05
3.26574424143149e-05
3.31887225863497e-05
3.3960892822294e-05
3.37657161738428e-05
3.30037294624463e-05
3.14584641841107e-05
3.00346955083468e-05
4.30260323986102e-05
3.22996200694593e-05
3.27382662304292e-05
3.38967718180406e-05
3.45968778516522e-05
3.36847061188133e-05
3.24795276235319e-05
4.09020828730624e-05
3.4111524538477e-05
3.39820333081848e-05
3.71718511484301e-05
3.56989164746034e-05
3.47701273726845e-05
3.30520174110236e-05
3.22168178655569e-05
3.40663197659168e-05
2.92658208498471e-05
3.35342863387622e-05
3.42862791681744e-05
3.30223458981562e-05
3.18099875297758e-05
3.30546993817406e-05
3.43771336840089e-05
3.37341134994154e-05
3.18422869844205e-05
3.56078812806955e-05
3.59386866864015e-05
3.83232319867097e-05
3.92624831366119e-05
3.20572240403416e-05
3.2003043901109e-05
3.02857698275553e-05
3.00148293543769e-05
3.36049511174509e-05
3.35052907300533e-05
3.69891601921457e-05
3.35493389912847e-05
3.75236301181197e-05
3.54704937114627e-05
3.48086989554041e-05
3.18478489154541e-05
3.59497566142991e-05
3.84591267529887e-05
