4.74920229812545e-08
4.47644250142453e-08
4.57074499699775e-08
4.42123824848806e-08
4.74896109673848e-08
4.6512433052173e-08
4.99997070493283e-08
4.63523213080698e-08
4.54452096514085e-08
5.09807877788328e-08
4.58320983249844e-08
4.56962974555982e-08
4.41147712712274e-08
4.73336979327352e-08
4.74343277391952e-08
4.66847762564737e-08
4.69388092194377e-08
4.46156767592558e-08
4.58941468445806e-08
4.66264978868026e-08
4.75447087989906e-08
4.77262764462505e-08
4.46863268069483e-08
4.78257733048448e-08
4.82631107933158e-08
4.74481207838109e-08
4.71098893396518e-08
4.67060031342777e-08
4.98933087220022e-08
4.40518865736269e-08
4.54651755623256e-08
4.35038849847381e-08
4.52440444950793e-08
4.37348129525094e-08
4.58423246023072e-08
4.6361936456762e-08
4.46533903200719e-08
4.41948080303045e-08
4.67962615297128e-08
4.6485404913478e-08
4.67670382105224e-08
4.44204412049272e-08
4.5970004745781e-08
4.74838317943522e-08
4.87394684335175e-08
4.76372862592194e-08
4.42203876203128e-08
4.85745993641217e-08
4.63618751610345e-08
4.53115897735431e-08
4.82563331885847e-08
4.72297556889169e-08
4.42854947897132e-08
4.50431549091798e-08
4.50339792823345e-08
4.5550882630402e-08
4.53601751381565e-08
4.35280483981551e-08
4.52387791140566e-08
4.88832263209221e-08
4.39171515990291e-08
5.33913014701464e-08
4.6920330834658e-08
4.67411051320499e-08
4.76970940036553e-08
4.69924857265164e-08
5.00851129531556e-08
4.93224744464218e-08
4.91713691442388e-08
5.13651087619948e-08
4.3896228236563e-08
4.43493882146358e-08
4.66177373042993e-08
4.77655508955679e-08
4.49673959111593e-08
4.80110534198081e-08
4.9261182239997e-08
4.91958996134552e-08
5.2261082014308e-08
4.70171413143675e-08
4.65874739494054e-08
4.62801120396607e-08
4.69206169766316e-08
4.56028707009472e-08
4.45644787433001e-08
4.66062417474316e-08
4.63545569644066e-08
4.52970265459574e-08
4.55236998595056e-08
4.50518676912623e-08
4.68428773254233e-08
4.66652794478565e-08
4.83521120283175e-08
4.5181232074393e-08
4.66294877251936e-08
4.57122536700935e-08
4.60051908219402e-08
4.5712604526734e-08
4.8421403229235e-08
4.42126962104172e-08
4.70745176648449e-08
4.7542309266057e-08
4.54019673947687e-08
4.71906390290486e-08
4.86695694110181e-08
4.96987542183986e-08
5.32385693037793e-08
4.59714177852618e-08
4.6641864037218e-08
4.51524047157278e-08
4.58861003129773e-08
4.54578512781655e-08
4.4776446195249e-08
4.58659838351573e-08
4.45906906688316e-08
4.68980811272206e-08
4.48720155982831e-08
4.72245815194874e-08
4.69759834765171e-08
4.90275284945402e-08
4.82947129906781e-08
4.59168796084286e-08
4.71461254344426e-08
4.63658800344112e-08
4.51971290638698e-08
4.58052707883927e-08
4.5589146483061e-08
4.55311239086527e-08
4.39389428069648e-08
4.52045393643701e-08
4.90149972531525e-08
4.58590465990159e-08
4.51849184626096e-08
4.4595169352072e-08
4.60972028350925e-08
4.5688335745242e-08
4.66435841222947e-08
4.57440134342049e-08
4.63475175365706e-08
4.59185429242779e-08
5.32139794113154e-08
4.53526093212093e-08
4.5659062468555e-08
4.58491884088104e-08
4.71647898343579e-08
4.75698770221674e-08
4.49907241720949e-08
4.61111125912675e-08
4.4781070787177e-08
4.59057438951453e-08
4.60178264562309e-08
5.1483081307317e-08
4.42605592091017e-08
4.65535910068793e-08
4.81721520964154e-08
4.44867606044196e-08
4.53823299047622e-08
4.55333332620846e-08
4.60199325274713e-08
4.85416736316656e-08
4.84274338168151e-08
4.66673513999814e-08
4.7257497943387e-08
4.46276332986455e-08
4.61880575956022e-08
4.96249903034475e-08
4.63949080562144e-08
4.86447575411203e-08
4.55641390570875e-08
4.49519757152834e-08
4.72279138486683e-08
4.59411758890384e-08
4.38876847021163e-08
4.66437285713676e-08
5.18375526810399e-08
4.52494182232926e-08
4.6244041952234e-08
4.60502964638798e-08
4.53261385339391e-08
4.54710297400523e-08
4.64305831842178e-08
4.47694297249714e-08
4.55004280864451e-08
4.67758572606642e-08
4.37082256012646e-08
4.63737384452738e-08
4.54441551596847e-08
4.67765726756864e-08
4.67582775635206e-08
4.45051155439719e-08
4.79029869167017e-08
4.6709460739847e-08
4.56112400551747e-08
4.88151484262426e-08
4.859421329621e-08
4.5720308622921e-08
4.52789989964043e-08
4.48184361638208e-08
4.78034844583277e-08
4.59748580157972e-08
4.54903406396076e-08
4.57151360727628e-08
4.75616732516251e-08
4.61178041747022e-08
4.70589267212846e-08
4.64342168416868e-08
4.61298744895866e-08
4.75695925218169e-08
4.43437689637757e-08
4.67378747240622e-08
4.58336762703978e-08
4.56306528452752e-08
4.43429896880659e-08
4.7157879788042e-08
4.67344384588715e-08
4.81922454555588e-08
4.70129904034384e-08
4.51363411152587e-08
4.76529427053769e-08
4.53323636485076e-08
4.77587907370494e-08
4.93297562517773e-08
4.46768737171363e-08
4.76410321600506e-08
4.66082965726559e-08
4.48948681682582e-08
4.49801105481915e-08
4.56496397487936e-08
4.51056799864487e-08
4.3885341540823e-08
4.69896036309826e-08
5.26586591766338e-08
4.56312042113646e-08
4.45543642606963e-08
4.66579220581724e-08
4.47728742410936e-08
4.88214662791089e-08
4.58354154879648e-08
4.47863978046785e-08
4.41860287020607e-08
4.68956580806562e-08
4.57897430714545e-08
4.76531006616598e-08
5.19409183396994e-08
4.76178493769506e-08
4.62660720070849e-08
4.53134873753124e-08
4.55809044092451e-08
4.44405131350012e-08
5.02799559708382e-08
4.38615131685591e-08
4.76230562262777e-08
4.64309326983728e-08
4.55710813928616e-08
4.4627149779329e-08
4.6660403690929e-08
4.5833502347044e-08
4.65938546205425e-08
4.75458551717646e-08
4.60497289603259e-08
5.32237317581907e-08
4.52713733656044e-08
4.56867607805455e-08
4.60313643522537e-08
4.65028077232054e-08
4.76996816948111e-08
4.62693747861532e-08
4.53334310297869e-08
4.62567970519232e-08
4.52994710009682e-08
4.4788536083092e-08
4.88092676904386e-08
4.88421713452804e-08
4.46302409973525e-08
4.72670209985549e-08
4.56169192035278e-08
4.80358304383546e-08
4.64204260347623e-08
4.61841854005513e-08
4.8780495467031e-08
4.78143511031493e-08
4.52708021572048e-08
4.58605921966481e-08
4.66182074348103e-08
4.57885302182186e-08
4.99982094338485e-08
4.75996004083732e-08
4.9183249772756e-08
4.59902815812752e-08
4.7267390796639e-08
4.44998109341855e-08
4.56549801044856e-08
4.64652157682785e-08
4.59353503045201e-08
4.42544756518286e-08
4.62290062799453e-08
4.58739396526406e-08
4.61131815309354e-08
4.5770197163787e-08
4.72597995326981e-08
4.66046188672179e-08
4.62300352283652e-08
4.57881631757877e-08
4.61365374435938e-08
4.48580936099717e-08
4.54104925289227e-08
4.88901523628944e-08
4.72017894150909e-08
5.01798016678989e-08
4.68809755311677e-08
4.47637183488905e-08
4.76566255200779e-08
4.18330736030526e-08
4.70702680353896e-08
4.61965324639626e-08
4.46116889687693e-08
4.68392096983448e-08
4.61007451274297e-08
4.56276905285428e-08
4.65154056499172e-08
5.19688869410456e-08
4.36625654142838e-08
4.5844041805011e-08
4.51102191845705e-08
4.59685182762119e-08
4.61889909323672e-08
4.69246832629407e-08
4.59961784478942e-08
4.7148188276446e-08
4.50700853606402e-08
4.74591414475759e-08
4.56179711666275e-08
4.64920777802161e-08
5.26240034267816e-08
4.51965096396786e-08
4.76280423618959e-08
4.67690713150495e-08
4.44847292220405e-08
4.66247678884595e-08
4.54489416119606e-08
4.71056443461596e-08
4.55838231030016e-08
4.70810293440686e-08
4.68791550812237e-08
4.52153037507481e-08
4.9183955907234e-08
4.63867413941163e-08
4.83366513133522e-08
4.59515492723981e-08
4.72268851917593e-08
4.40611848077798e-08
4.53889746895822e-08
4.48387681903466e-08
4.59889995701005e-08
5.36962472277849e-08
4.62569414929781e-08
4.5389179194423e-08
4.60343579775138e-08
4.90295316341118e-08
5.01604855944986e-08
4.50003394348992e-08
4.46292159720172e-08
5.01786167795042e-08
4.55471684842699e-08
4.84096701858993e-08
5.00043650451683e-08
4.46941363197549e-08
4.94314031539467e-08
5.21517824163637e-08
4.62600283543438e-08
4.61004571874787e-08
4.68904434798093e-08
4.63483058411045e-08
5.28350953629908e-08
4.8790037278822e-08
4.69804264299455e-08
4.68234444691638e-08
5.08823897925969e-08
4.73975959848454e-08
4.61667563579879e-08
4.50033196809167e-08
4.36428724650595e-08
4.71287057548147e-08
5.61868612619922e-08
4.51798153237121e-08
4.45058315106876e-08
4.83996072666938e-08
4.51940057041228e-08
4.55996983354426e-08
4.44030468164226e-08
4.55975501520165e-08
4.51091292919529e-08
4.55498953654135e-08
4.72607760303974e-08
4.65365400575722e-08
4.4042535111614e-08
4.61319865382428e-08
4.51526297756348e-08
4.72715594498699e-08
4.6189972544889e-08
4.5832996849674e-08
4.5658569755765e-08
4.53714623006196e-08
4.5654639953329e-08
4.32722940709821e-08
4.51291158754669e-08
4.68132877131384e-08
4.51398130454376e-08
4.41872630898032e-08
4.65761899471427e-08
4.4063639720352e-08
4.88133408214138e-08
4.64820982581569e-08
4.67541233256406e-08
5.07803540384605e-08
4.90350851846782e-08
5.0236677589698e-08
4.41488404962559e-08
4.49598471472919e-08
4.60735211963809e-08
4.40256046177615e-08
4.58398219071363e-08
4.77338382279048e-08
4.72732105762442e-08
4.43897678222925e-08
4.50645585348246e-08
4.74411260581948e-08
4.70694355320252e-08
4.54202775533683e-08
4.474169029179e-08
4.62475483755005e-08
4.37037510705204e-08
4.62849688742677e-08
4.9425359871808e-08
4.55663895917871e-08
4.54382987632631e-08
4.47466326520787e-08
4.75154560864807e-08
4.63327709966796e-08
4.34078839019111e-08
4.38381121690012e-08
4.435338858978e-08
4.5484943439094e-08
4.42345595076727e-08
4.96991270968751e-08
4.42020108976543e-08
4.66076489982669e-08
4.61570236384843e-08
5.10864126725541e-08
4.69804592755217e-08
4.63412460323588e-08
4.61739275715379e-08
4.63101030604594e-08
4.57953568238368e-08
4.68829670293144e-08
5.360931120404e-08
4.55895556861037e-08
4.5278994033179e-08
4.47054640440616e-08
4.53902863954327e-08
4.50933741997894e-08
4.59629192838137e-08
4.55712309372333e-08
4.60186749610585e-08
4.67625117298372e-08
4.58404327091371e-08
4.77501141708756e-08
4.55885147318088e-08
4.66577994872333e-08
5.16256545981537e-08
4.41951866048947e-08
4.51041806450285e-08
4.55950475228422e-08
4.80774363699526e-08
4.94447658578405e-08
5.2574260502598e-08
4.59251332642104e-08
4.682969383748e-08
4.56108450889246e-08
4.53376057165532e-08
4.79141834679997e-08
4.68305442047526e-08
4.75047324565632e-08
4.48096967181817e-08
5.22277298064972e-08
4.50781084710477e-08
4.58728935445164e-08
4.62006511443317e-08
4.53429755213103e-08
4.59120929558724e-08
4.59515576020662e-08
4.78311611913847e-08
4.53222107278326e-08
4.76486629453171e-08
4.74111818280665e-08
4.23108754806834e-08
4.53568532357905e-08
4.42434755804018e-08
4.85277534906253e-08
4.62292509793947e-08
4.67777537089413e-08
4.68176955334441e-08
4.29093669243645e-08
4.46877330750175e-08
4.58602171458149e-08
4.45807123949985e-08
4.525550514495e-08
4.48726695644699e-08
4.54130107532665e-08
4.53785847535011e-08
4.8301388118485e-08
4.68948420445572e-08
4.7351573400412e-08
5.00881508466381e-08
4.68973374714289e-08
4.60583451710737e-08
4.7075723811942e-08
4.55423011669887e-08
4.82422386297528e-08
4.66390372536738e-08
4.73773913018723e-08
4.67184139051313e-08
5.05862922087415e-08
4.59116797459627e-08
4.6081258089898e-08
4.32073801680385e-08
4.68833159993128e-08
4.88309411811918e-08
4.56847449189255e-08
4.54236618938709e-08
4.78280251938923e-08
4.76581531996389e-08
4.4995559420591e-08
4.54027461949614e-08
4.68826997166979e-08
4.71269140726934e-08
4.60484504269857e-08
4.77055393423764e-08
4.87491576500063e-08
4.65502885343026e-08
4.49091208693062e-08
4.64186931324654e-08
4.58954856631624e-08
4.59924040749e-08
4.75204327761842e-08
4.65208474638827e-08
4.86146213469491e-08
4.95378159106989e-08
4.50267816115173e-08
4.52746347194052e-08
4.68483360239021e-08
4.71669291067029e-08
4.74988835320212e-08
4.57185779384979e-08
4.46445084231429e-08
4.6480082468322e-08
4.74347281170893e-08
4.58211558507569e-08
4.57001271833921e-08
4.62628633126478e-08
4.44824531370403e-08
4.58075334403703e-08
5.06066482350394e-08
4.61947461552541e-08
4.50989068151849e-08
4.58688904759983e-08
4.73048109259369e-08
4.51102837436944e-08
4.62663775186977e-08
4.7435676934917e-08
4.6493337846538e-08
4.61522145566149e-08
4.63805440760484e-08
4.80015120222503e-08
4.45492839658487e-08
4.67577736839551e-08
4.57507750594556e-08
4.59022878381872e-08
4.50903742904221e-08
4.51365481265234e-08
4.46598896410108e-08
4.53285558399916e-08
4.77765682021501e-08
4.54935201897303e-08
4.43928100593188e-08
4.30222207438023e-08
5.12556757327045e-08
4.61883119277295e-08
4.56046143163693e-08
4.93943431798107e-08
4.8412387099375e-08
4.61015564550473e-08
4.65321843555281e-08
4.53335160830573e-08
4.40981541374629e-08
4.59317877581041e-08
4.41086159208666e-08
4.45466396214517e-08
4.53706917337712e-08
4.48946774398522e-08
5.28555777250329e-08
4.68125714780306e-08
4.58069010504596e-08
4.7816300497183e-08
4.4204800725526e-08
4.65886214071391e-08
4.67161564491612e-08
4.7877163632748e-08
4.6562079085709e-08
4.57010022840529e-08
4.6098320342858e-08
4.77504557560546e-08
4.60618006062635e-08
4.55132402837258e-08
4.49662913387143e-08
4.83688597534983e-08
4.45386080062125e-08
4.78224878274368e-08
4.70990836254589e-08
4.4562601201473e-08
4.69271857726558e-08
4.51714798126964e-08
4.68370114795e-08
4.56302785687979e-08
4.60085100456806e-08
4.58616048141746e-08
4.30726092707605e-08
4.64595196515876e-08
4.5184754965104e-08
4.68015919439443e-08
4.65624163613854e-08
4.56586945012314e-08
4.53616245653984e-08
4.51477905525894e-08
4.47934552764824e-08
4.48438644409588e-08
4.73297625817211e-08
4.77501379204217e-08
4.57880803288175e-08
4.77351760617386e-08
4.97948653948071e-08
4.67440933631763e-08
4.54367469233666e-08
4.83716147309297e-08
4.45031133570036e-08
4.58642121989723e-08
4.45810443790161e-08
4.81337116315765e-08
4.59291815538696e-08
4.67047631866016e-08
4.94050037474238e-08
4.67459475297858e-08
4.59540083450167e-08
4.65205520417218e-08
4.47706085274416e-08
4.65472861523949e-08
4.51579428452377e-08
5.07134398708957e-08
4.41829831289049e-08
4.88561286106553e-08
5.21873404721624e-08
5.07738106192878e-08
4.6825367442823e-08
5.15451104984034e-08
4.50469580540119e-08
4.7513511631922e-08
4.73667965392525e-08
4.67327655779732e-08
4.47975219192186e-08
4.93289253776115e-08
4.68732875809792e-08
4.58420773694279e-08
4.44767272518551e-08
4.72805352512749e-08
4.46429575978969e-08
4.77636100463612e-08
4.39686003846478e-08
4.46517719525615e-08
4.40172442425803e-08
4.34766810143433e-08
5.15163647893078e-08
4.69697018638239e-08
4.38031417104769e-08
4.55397700213245e-08
4.67856906110908e-08
4.37194193594044e-08
4.7847154499816e-08
4.63337035609011e-08
4.82228252619147e-08
5.2277392541086e-08
4.62883357124774e-08
4.66733366840097e-08
4.42745044718611e-08
4.76835936527883e-08
4.52801315663185e-08
4.58926631931573e-08
4.92644963431303e-08
4.59334025982931e-08
4.64896111139637e-08
4.59305824438637e-08
4.6156988563484e-08
4.83876698930015e-08
4.56522590345793e-08
4.50224583831124e-08
4.62950515730311e-08
4.66068083830838e-08
4.91200108017238e-08
4.62501296078503e-08
4.61913027542612e-08
4.65853549196964e-08
4.55787459439402e-08
4.52929179848671e-08
4.52829642635915e-08
4.61573346329442e-08
4.40774907230969e-08
4.53360362934265e-08
4.54092355352416e-08
4.50936100677638e-08
4.62166176516991e-08
4.44345259930899e-08
4.82769548917642e-08
4.58519496519107e-08
4.78802014816636e-08
4.68901250584614e-08
5.01146816325418e-08
4.56063244684103e-08
4.69718533417841e-08
5.48571461547564e-08
4.63608710778479e-08
4.55206052603676e-08
4.53130861810799e-08
4.88747385165751e-08
4.64573154005667e-08
4.70884352099633e-08
4.5886927309576e-08
4.43902114825025e-08
4.49006092926542e-08
4.47806374753427e-08
4.57778324189484e-08
5.04579425335367e-08
4.89324079006075e-08
4.68109674465839e-08
4.724967735968e-08
4.54426519207948e-08
4.53571785711265e-08
5.03434942480325e-08
4.3482534176129e-08
4.80556212862403e-08
4.75888170395436e-08
4.8217581945943e-08
4.51877061218916e-08
4.77390746916814e-08
4.59698147880356e-08
4.60776657779262e-08
5.11971478698139e-08
4.56209984751462e-08
4.56468865867995e-08
4.53648132340038e-08
4.53908130517326e-08
4.54177695460423e-08
5.25956840981862e-08
4.489137469606e-08
4.55251278391593e-08
4.57356467282625e-08
4.50622587175279e-08
4.37255567049356e-08
5.37261981123321e-08
4.72918311695654e-08
4.61886599806695e-08
4.84004488102963e-08
4.96993493605555e-08
4.51343842146795e-08
5.32270918834951e-08
4.67390083638645e-08
4.70969632472189e-08
4.46513115125011e-08
4.67961580199368e-08
4.59524870242956e-08
4.90875977279906e-08
4.61498174479e-08
4.64291313468908e-08
4.53584997839104e-08
4.59197080627772e-08
5.01024278183131e-08
4.62687414201934e-08
4.56600870393989e-08
4.56402086136362e-08
4.83537720817719e-08
4.65445571268924e-08
4.65125659696613e-08
4.73144171772154e-08
4.64003265039475e-08
4.58034306299303e-08
4.69053114950619e-08
4.55637055109858e-08
4.65934970143882e-08
4.60744938477067e-08
4.62386787031195e-08
4.73377313385791e-08
4.78984956963587e-08
4.62203891885533e-08
4.56076022461993e-08
4.65557857547807e-08
4.80371023884192e-08
4.4523085095792e-08
4.58712366336973e-08
4.65353153931001e-08
4.79447402852226e-08
4.52996081437841e-08
4.88654967071455e-08
4.60945753957974e-08
4.65659799161657e-08
4.56702182369182e-08
5.21342644795719e-08
4.63225741305e-08
4.53600970942573e-08
4.8383553298335e-08
4.65013923674624e-08
4.74561584525045e-08
4.74845364906042e-08
5.04335744347218e-08
4.46707907970615e-08
4.71027506718202e-08
4.49353062252452e-08
4.68505531418286e-08
4.71287944406181e-08
4.62284082774913e-08
4.87066262928767e-08
4.62491766710535e-08
4.73800715917116e-08
5.04173647517501e-08
4.88753702813485e-08
4.49876864088002e-08
4.58488857820051e-08
4.55834805506171e-08
4.57173093901825e-08
4.79934732593856e-08
4.53487446855284e-08
4.80722036252529e-08
4.6576737604866e-08
4.61432052505087e-08
4.50064220107875e-08
4.50483334658944e-08
4.6384941852278e-08
4.99675594602689e-08
4.44471365069507e-08
4.47156121197774e-08
4.78500617415344e-08
4.53231710823658e-08
4.62667602823318e-08
5.11790558524619e-08
4.69697726961416e-08
4.80310488699704e-08
4.64120462211129e-08
4.49548171116936e-08
4.45610158998682e-08
4.69817926554925e-08
5.16374205434365e-08
4.54152201469606e-08
4.68762571220827e-08
4.73495350227345e-08
4.49935789525251e-08
4.53055740487817e-08
4.56428419933924e-08
4.67979782563738e-08
4.63882481600927e-08
4.51137164174562e-08
4.40235132042377e-08
4.67370448141267e-08
4.64728638820211e-08
4.60950908532432e-08
4.80790728100725e-08
4.89254732258629e-08
4.99652473826815e-08
4.5867717735091e-08
4.59530266583186e-08
4.50060390722634e-08
4.57420342885746e-08
5.11648211879311e-08
4.766988756096e-08
4.71166551894384e-08
4.47979725540813e-08
5.17605382512496e-08
4.76657746626231e-08
4.5443523418881e-08
4.62332210788136e-08
5.06621219685827e-08
4.59618431878562e-08
5.04006129307334e-08
4.64058419686252e-08
4.60516289990348e-08
4.61849929073299e-08
4.33797098307972e-08
4.51667021976754e-08
4.88127020582181e-08
5.37032762235581e-08
4.86298125219423e-08
4.75021851327682e-08
4.48249507966886e-08
4.82737197993908e-08
5.03772840437021e-08
4.60978765856868e-08
4.84769154553355e-08
4.78264941915452e-08
4.72913624360403e-08
4.66232542103525e-08
4.62661086476439e-08
4.669993088177e-08
4.92238433095306e-08
4.49522047486517e-08
4.65959613792614e-08
4.52334991904921e-08
4.94486827698763e-08
4.59213729464051e-08
4.71865690688581e-08
4.7376124040042e-08
4.30018981766448e-08
4.68924697063497e-08
4.74471417177807e-08
4.51772236569921e-08
4.77043301129683e-08
4.59197093085629e-08
5.16830896301233e-08
4.61843116125597e-08
4.92826858560503e-08
4.55177270060718e-08
5.1426478933079e-08
4.59817810926448e-08
4.8755476891127e-08
4.76020766195033e-08
4.72945305258398e-08
4.51020328053327e-08
4.82294800713966e-08
4.70549597570279e-08
4.68835943795627e-08
4.57093128816825e-08
4.84499835988073e-08
4.69903033684674e-08
4.74475950549263e-08
4.60498698111468e-08
4.66561995854361e-08
4.59544942301089e-08
4.59890824193456e-08
5.16580859456364e-08
4.42286576407424e-08
4.63395239812667e-08
4.80757555435493e-08
4.6469795053362e-08
4.68537120615012e-08
5.0723122812929e-08
4.5760130520928e-08
4.54359979488033e-08
4.63860248368153e-08
4.62489290479808e-08
4.56694608114096e-08
4.47200323275414e-08
4.35541383990324e-08
5.22786432050348e-08
4.49651971444787e-08
4.54345403827231e-08
4.65058292460935e-08
4.73663340947604e-08
4.67297940479534e-08
4.5678983251436e-08
5.11378292909222e-08
4.63906868122992e-08
4.62829872941528e-08
4.85594197022814e-08
4.76105257609167e-08
4.74584704909901e-08
4.53957084976051e-08
4.530125091234e-08
4.61766545857716e-08
4.29150884736919e-08
4.60123839024527e-08
4.67875869062764e-08
4.59799975614219e-08
4.52112318829942e-08
4.61130471940204e-08
4.698265420925e-08
4.63440317372895e-08
4.52171223446043e-08
4.77109162006972e-08
4.79697441185394e-08
4.99708198688892e-08
4.97121021680017e-08
4.4609350447607e-08
4.55029400174385e-08
4.38785394618695e-08
4.34268852936887e-08
4.5739925658554e-08
4.63213494184378e-08
4.82010070539816e-08
4.59234065607851e-08
4.83598831447824e-08
4.73508421804266e-08
4.68047986434178e-08
4.49465439086712e-08
4.80154767060999e-08
4.98915143393294e-08
