0.232978054109018
0.247212558843667
0.250233432797243
0.255559999377207
0.233437039822676
0.240137036690883
0.219330395943738
0.248892854776991
0.256729713525678
0.204417817125199
0.248139669851999
0.257947817456766
0.261135190487836
0.239752323515697
0.235882637139151
0.243574558581175
0.233709847405258
0.273209555151542
0.240922538810064
0.247500013145365
0.24396350940683
0.234812075117986
0.264704356375925
0.239555628362124
0.234389877933733
0.246042095892689
0.256803970021014
0.236416523122814
0.217807703985873
0.251822810448601
0.247168465003391
0.25565373587473
0.255628372165787
0.260969869215222
0.252266945114503
0.247493011756213
0.253793386433253
0.259802814490784
0.236043343082989
0.235122165533764
0.251121156639062
0.27264991797251
0.245517441981619
0.248701930241446
0.232543074182138
0.23089875722449
0.273744260472896
0.223313994949472
0.240680130486149
0.257379300502768
0.212461315091589
0.234923267045711
0.270259906987629
0.260009216017485
0.247707224179092
0.240982566205873
0.256908768786238
0.268284663781399
0.256474542911546
0.231638320892888
0.269732022969126
0.211425904442125
0.236662746901733
0.250360324812375
0.24558439810755
0.236062194484139
0.223533312551654
0.224270586731206
0.216167703391883
0.213747479610021
0.27274619072784
0.258809231813753
0.238495226876033
0.237972483710205
0.238495134791946
0.225506255772558
0.217899347473495
0.232876102325142
0.207753325521159
0.243892211144607
0.243273183532262
0.24304527840934
0.24536299093987
0.247067138088531
0.254670957684821
0.249421861426212
0.233524035697676
0.244254692662391
0.243272099837621
0.250585808366591
0.250651219277588
0.250177451066702
0.228382715138562
0.264178430284063
0.253897974766196
0.250956480167929
0.26225038207936
0.250199156224725
0.235673085763463
0.25957238110235
0.252816979583897
0.240411837989069
0.259150188614235
0.240759412270634
0.236830424636791
0.224852563577556
0.201646761208062
0.245857292343626
0.245230959549256
0.258245494414898
0.240581254572874
0.259771361942615
0.26470049758554
0.247047526363253
0.262592517809013
0.233984862202662
0.261144946517662
0.245868946207195
0.247342688368278
0.22976261119199
0.245110018017714
0.249121361655432
0.241185981040741
0.241047942809936
0.25103742980248
0.252295964430091
0.25212572722104
0.265972894055337
0.271487776265221
0.255802434474734
0.226421221817427
0.25229759994555
0.273627066379407
0.259970605767337
0.244319570203359
0.235657416272564
0.244002123089526
0.237678175848526
0.244364998356245
0.260238136691453
0.198804414479067
0.264120630664503
0.247605651052632
0.247035371234048
0.256443873918959
0.248323239280926
0.254178925660549
0.24478957054083
0.257661123177077
0.241888404984181
0.253841727093086
0.209649934005033
0.254675967833456
0.255477180863966
0.216572696102794
0.25564234445562
0.247339046704861
0.242027210571033
0.253370540956949
0.225156486251157
0.220750044111626
0.244646724901446
0.238878610887121
0.262823200279141
0.236916302524515
0.239623482397744
0.241695842564379
0.224824652665358
0.254968551894091
0.259602871467595
0.253610189128714
0.239862707755499
0.251798900521472
0.245395458865796
0.201622498684723
0.246465202969929
0.253743763192664
0.243657280870791
0.258695289014638
0.256570191165182
0.246083856347328
0.25063406798832
0.249185006235183
0.243191343810822
0.261327825040246
0.251541868934139
0.242837535579374
0.239013017633022
0.244516207532037
0.257489881206372
0.243186633392283
0.255230599777008
0.249084845416324
0.221646813683026
0.235338467312644
0.252849460865893
0.260018349221675
0.261488781991921
0.23130531447258
0.248520865382639
0.254138729152852
0.260266921984967
0.231496912672554
0.247390942612544
0.242305183339121
0.243696981865908
0.252075601069641
0.241048914642621
0.255190189766768
0.236817669490596
0.246804511071171
0.246244097814187
0.26097320758423
0.243050725047964
0.233284113179789
0.236584930425977
0.251211463325859
0.246084166307367
0.234849941238006
0.24587558268198
0.233435555330236
0.231763126129461
0.266353285045968
0.231779873620843
0.250325182197455
0.255386161874704
0.264796775555113
0.250523830673591
0.256981038430977
0.258209227481841
0.235248864492733
0.207640314444661
0.246551542223834
0.255846131721334
0.239946780078093
0.243327666162131
0.2228639635507
0.249137402152849
0.258687110941359
0.260177371985321
0.236011489694854
0.260930316804369
0.231842605914364
0.211223861149238
0.230020448522883
0.245613148037848
0.26760981781394
0.247103786625501
0.263846399202936
0.216496053134224
0.27006626485887
0.230266685863888
0.237102808620288
0.253565975080601
0.267581111853083
0.237402807845945
0.248164228670021
0.242566998184919
0.236925573039086
0.237194311378329
0.208259919171151
0.256982739993711
0.246010600273016
0.242464651777209
0.236149365505141
0.235293801626924
0.248317604594916
0.255316474057046
0.239244639859961
0.259169791731466
0.268835418514359
0.234958729244914
0.229653691722568
0.248827995891521
0.249461406227031
0.251338837267429
0.220760471052197
0.250597393707543
0.243191664858472
0.229520743795418
0.234750429960821
0.261690814311205
0.253053868657631
0.255923667943095
0.242447993328374
0.210798963537613
0.232540177355805
0.218402449805859
0.249086206790744
0.219173475491847
0.269301370153838
0.24896136075218
0.244656653407346
0.246593728431046
0.249007520435799
0.25510464935123
0.245222860902029
0.251794909083015
0.245569127260394
0.234893060681593
0.227109294421068
0.251548056955942
0.255357049525779
0.246150551369255
0.254483557627671
0.254679658299849
0.218696677523889
0.23465593073789
0.220363947513142
0.245806453685549
0.260437689759889
0.235266831137312
0.277530731188437
0.243525748400127
0.252643665921706
0.25695925136021
0.240597991529765
0.260050724700519
0.259924489088637
0.254307242808923
0.197379475848928
0.279128503655479
0.249456128135694
0.259584360758967
0.23934734866494
0.250057691066756
0.244427192573308
0.236506012560151
0.251150558950963
0.260596356245291
0.241901254543281
0.242932955320389
0.240452657220702
0.197964852419243
0.248606756222826
0.235707097275746
0.260940432617571
0.254335350364141
0.237463377018172
0.251838466940971
0.243880319017893
0.267239448414571
0.242938453422946
0.243117689528661
0.243979716185181
0.223736078087036
0.234072924421985
0.233482636691107
0.25109089332549
0.235236473551573
0.266220217740973
0.24913947891072
0.254585146186764
0.249949212398619
0.189967242681808
0.257717519022792
0.266354966530109
0.241498460904486
0.227361095431513
0.215194608455704
0.239733066729456
0.268286731438862
0.225542701544848
0.256446753200014
0.228642370476491
0.217446141247478
0.251398888742652
0.215996738821335
0.207426081725465
0.243804996069532
0.256085962437941
0.224351787742701
0.247565393404706
0.199186098252176
0.22689885138828
0.24469811631682
0.236754941914086
0.209645297781354
0.240649192851454
0.244465025804363
0.256523000620169
0.262599229046746
0.24312740095073
0.185362199562099
0.260743667313745
0.255323889573271
0.24497701363506
0.242136919904353
0.250168139554771
0.267681419802997
0.236430479919801
0.259934167492111
0.258541909779393
0.238358954605686
0.235889894365655
0.260698489586757
0.239974762996108
0.25111447840279
0.241536987271759
0.242916451228271
0.249022862213094
0.256816855607214
0.244175599807946
0.261411315428528
0.272853332857058
0.263625724516127
0.234052256110431
0.254283041315169
0.267110621113228
0.237042680306856
0.256454200515005
0.22069727980617
0.234636591403196
0.237771943486579
0.210371927813082
0.233882267609445
0.215650571807463
0.269727301942034
0.261489287680287
0.253442786772939
0.255130422756587
0.235586635918539
0.24665028393985
0.240973673178715
0.25438199755883
0.241569850882497
0.233661469688051
0.244176462333402
0.248230571663777
0.265131754809631
0.245207624078095
0.261546160033655
0.245783763700786
0.224114691382836
0.244262672817024
0.254917543738644
0.251364356671416
0.240729453851755
0.25721502639446
0.26827940821756
0.276638222620184
0.262133693113357
0.254750233204257
0.274310528665275
0.22886951334483
0.253090398978574
0.239577146944558
0.258889205752077
0.212678261047484
0.242717379457725
0.254085943211114
0.241819342006605
0.258047289818724
0.246785789434486
0.238636052976726
0.189910097382606
0.238384382026496
0.253391041897878
0.261269742010181
0.259607602631525
0.246835932049428
0.253984334210872
0.243869420082982
0.247934311226649
0.251293706100801
0.245756569475305
0.24468882963871
0.247444728296823
0.257736788380668
0.204783788310343
0.251841975978607
0.255955508764115
0.259041003907956
0.242254301788318
0.217910571428277
0.19886943645704
0.239961348187386
0.240397578194359
0.249029197906802
0.256577798535235
0.232465242326897
0.236991324632751
0.240863209778103
0.251865747106838
0.204020825205103
0.250563372198373
0.249650447672096
0.252506097688761
0.261303171809822
0.240101242149015
0.252726242872259
0.243570729977652
0.247507233582138
0.237752264126499
0.23580730055338
0.276240512997858
0.248400016967197
0.267294103072883
0.241552575602517
0.242668313093688
0.237379471766043
0.251185622594001
0.268866904158462
0.270755346041475
0.251922551428501
0.257543482478335
0.259526981802434
0.259102562470467
0.252473547475739
0.243211149220113
0.243677951944447
0.233106914578549
0.220073832438787
0.227129887008325
0.239686206462209
0.251418021954274
0.25234028858221
0.235059898635733
0.241252039811934
0.237557362328822
0.244963674537521
0.245116028635489
0.221534843523263
0.245767919000735
0.248674522769879
0.276764761565524
0.256646630438247
0.221662299860519
0.250041456668691
0.248061520509785
0.242473550300077
0.232831193062315
0.264310497237231
0.250169903050831
0.253144549238905
0.241762414831063
0.23462316476965
0.250218093684877
0.230895633929337
0.23622834560264
0.259026964269013
0.248839460337488
0.25545334189629
0.246714886140893
0.227371279304486
0.242097057149145
0.231418704664176
0.218553961999745
0.260563780983244
0.250300782298756
0.246282612731635
0.237900438644422
0.223651875485991
0.234873592409027
0.244103010782403
0.24456337352203
0.240222549425091
0.246822342056125
0.249521565299752
0.257521550855239
0.256588379540635
0.255483766213184
0.220024236159322
0.247440611651179
0.250427875486027
0.256092604195598
0.226031337634854
0.247442055106469
0.234347890721045
0.239815396610111
0.248431527069916
0.241204121363894
0.252786666117911
0.235304802593377
0.261252651550351
0.242324089817836
0.244093024191722
0.243015163820032
0.243463139709239
0.250131094236654
0.262555400891348
0.248726580520968
0.237614718464015
0.255591225705067
0.266687372332225
0.277684755799241
0.212671746063707
0.24332246856249
0.246585140745098
0.215372651345037
0.229582459698051
0.242851432761111
0.234832034982246
0.251033680115046
0.264782198072103
0.246440943203356
0.263780795665914
0.264321976361932
0.24957508448926
0.249295775648817
0.202400550610647
0.252481513393986
0.249559680895495
0.242028051281857
0.272537979341498
0.25188939111452
0.243733458878194
0.250208986027612
0.227261453073471
0.261999031445163
0.242504135287846
0.236996158892524
0.255366496775913
0.253012522672618
0.24909315674387
0.236740060646073
0.261009463466093
0.232122830955602
0.249777312260125
0.266722467302586
0.236220276583897
0.246992481521125
0.238339389048225
0.236062867805668
0.238657349755094
0.241117375123693
0.274244855220097
0.256963962100095
0.248594906941998
0.25299731754944
0.241752264474684
0.246274689335118
0.238965321084755
0.255973003084553
0.24945663036224
0.258960732427467
0.245924129991209
0.238972087330546
0.261394857632687
0.24443256969546
0.217834849297358
0.245644243546684
0.251497636278943
0.235905007920514
0.253634301852772
0.251646333094889
0.251735936003145
0.238421543872487
0.250300759698625
0.243175498347225
0.221187001252508
0.255083501673752
0.238780058323198
0.241170173675647
0.257341389596386
0.23949796699752
0.254415515391377
0.211781628852385
0.271813139875098
0.230123511301835
0.197986819344934
0.211784901479707
0.244368964223055
0.221439325388197
0.249731864229813
0.243904870085555
0.240843498784383
0.239285922097556
0.259419116480937
0.21570679560155
0.232116815491706
0.247214496023929
0.262715757170978
0.25642175195774
0.270416353258872
0.237934136364277
0.25270164106499
0.26633661338279
0.265610913057159
0.263712589843504
0.213309311460171
0.24064659494205
0.265434469505303
0.251844441889696
0.241516678982785
0.257017907159744
0.233241465652684
0.259516008485535
0.229620226444476
0.206368061753043
0.254738740159326
0.246894849864182
0.264718862018561
0.228676919104253
0.239789467759293
0.240963534647096
0.22288769676943
0.249635313047849
0.242542534689671
0.254093693323119
0.241131557508961
0.238173522425199
0.246068983594609
0.250917476044169
0.244699031886286
0.248112324086032
0.218379077425422
0.253307692067494
0.247567517090462
0.236609268718535
0.253809412316802
0.239771746005862
0.261981075326561
0.247108001791548
0.265089410068468
0.258430205411046
0.255069648502708
0.252236167199884
0.252670891211079
0.268336876506102
0.222771773559217
0.247047021897961
0.23819181949834
0.239139005772182
0.212039789353415
0.253246577548092
0.240447985286119
0.193931262492923
0.233393761324395
0.255786789959262
0.254026385981535
0.223522669332359
0.244551700701551
0.251301802983709
0.248196338371187
0.257373597866174
0.266438396611805
0.259780937751759
0.247242854577172
0.224121173549188
0.238977470380551
0.262108259873932
0.238399011745658
0.252274841362002
0.242865763322885
0.211989492426001
0.274153814876215
0.238355789674122
0.235886443647936
0.235521700216896
0.259637277838964
0.226814210169663
0.247288259745494
0.263127858094596
0.225669518841388
0.240604693962596
0.251329133557516
0.254459134449782
0.251203560345326
0.247573828899461
0.207761913240299
0.256636924788386
0.237649506779435
0.251431516851879
0.250441042607744
0.260191299780472
0.197556460739984
0.23509992533857
0.247064592976307
0.231922496648053
0.222620480467358
0.259531991368773
0.205464012833731
0.25873007713207
0.231009699143629
0.248080362880218
0.247287057125277
0.251840806359583
0.231598601463657
0.264649579032532
0.254169426354852
0.259100336487435
0.246502795300826
0.228663648533963
0.249087644916204
0.231845853282498
0.241439037513761
0.240094223726607
0.248176344244257
0.254411372360185
0.236103396566885
0.23936294003619
0.254367789523698
0.24992715837277
0.247952803582317
0.24779455345945
0.238012737954341
0.251465526573674
0.24625489663488
0.237407234574427
0.239617867833193
0.255482273657506
0.239898696519085
0.238622465655647
0.254400959043876
0.250329263109388
0.229635806239836
0.235501369107084
0.258856090422361
0.225542060138034
0.241264702480331
0.250072563787067
0.243123131359312
0.199838017704293
0.235614322720843
0.255433647250993
0.229910037793399
0.235454741563434
0.235238739596172
0.242147054305982
0.208677618437379
0.260259847110498
0.245439844344137
0.250776346356037
0.245562342545304
0.239019055383261
0.242688714834336
0.232425614111013
0.244158777073136
0.245423687294904
0.217259007144673
0.226148994140652
0.262993653402325
0.245411735025733
0.258983492414447
0.248963586393661
0.233395388958231
0.253118719677766
0.218802460074197
0.250080433520955
0.251393669558533
0.245953633786922
0.243053938904744
0.241965948683445
0.229466120341376
0.257095231037249
0.255281993013634
0.246492060635219
0.258097004814435
0.249878618693961
0.209791228096562
0.2424165271561
0.236638665973984
0.232574715844069
0.258661372363387
0.24774462660396
0.247868075324731
0.197225732960309
0.261690871301567
0.238555229744739
0.235386353057307
0.24923477415254
0.261012935308624
0.259529784382196
0.230644947090312
0.248473949435882
0.260079254296734
0.262938246800267
0.253150044355721
0.237678046077379
0.248660860088572
0.232123157794328
0.21456401803031
0.221194677506824
0.245380160813426
0.255888812896378
0.258938276706644
0.250672445890735
0.217049648543192
0.240532863893357
0.24863424015241
0.269646140385765
0.214342355344723
0.24524802092789
0.251482378352412
0.239561470711804
0.209877250456824
0.245299317355678
0.210899206648408
0.244208552168992
0.240630302698081
0.241009759616884
0.268259911786065
0.259705099808463
0.223383725107413
0.189709097731075
0.232698850740097
0.240058439317422
0.263973109964561
0.235144583268242
0.2216897094235
0.250245546924329
0.236146553614943
0.231133634014344
0.231329066458897
0.245327359804544
0.245495459852083
0.229858226707542
0.221043809144714
0.253884922684384
0.248428891942719
0.239925733819948
0.226934210556443
0.252914787570294
0.244833112217765
0.241839626235315
0.267652963018721
0.242007851304195
0.236219439498115
0.257772372087297
0.237493962034911
0.24274529738783
0.208850796768764
0.257669701491221
0.225414672563815
0.252540603776162
0.201721666853662
0.252638136631086
0.229202436618648
0.239789353323609
0.245433676948877
0.249134456690618
0.223309467393054
0.241540689960945
0.235748404441505
0.256334071741334
0.233654675622645
0.230098131296122
0.258616810617993
0.250941442896713
0.248560759045956
0.243367267250839
0.2580352784111
0.209145331222117
0.264767044622009
0.240250232027499
0.233758463784044
0.250112472065985
0.241834181222348
0.211785169539066
0.24088739864062
0.258753204591452
0.236293306340718
0.24199490327635
0.248816791831858
0.256495065557342
0.271698209097585
0.198139618683933
0.238688547338647
0.247826189225708
0.239593701608936
0.243864384451183
0.245094186934643
0.26293212442533
0.224935961491771
0.245188424369059
0.245608050376963
0.230954402425488
0.237249323508699
0.230884851888967
0.23516615809012
0.252661969163479
0.248631391696118
0.265551393015414
0.250020001697359
0.237176419905131
0.257290461608078
0.24547110201045
0.255747120334498
0.246149783423442
0.240819023209301
0.259679291087965
0.232735687435534
0.233132913020746
0.226753112001446
0.219259968417633
0.260221344680269
0.253126841124122
0.260367437565517
0.268629225250381
0.240612708204469
0.241637790729153
0.22266784777753
0.250048102457187
0.232391174826478
0.235908901284186
0.235842202160138
0.258768987954181
0.238095162282372
0.214712545928827
