1.72296911132891e-59
1.45857357550572e-63
1.94944524511872e-64
5.49900658320099e-66
1.27683253358157e-59
1.57607207956874e-61
1.17856100640485e-55
4.76654509756588e-64
2.5033322899913e-66
1.53876281109708e-51
7.87154814061202e-64
1.10166232025108e-66
1.27802499455667e-67
2.03055064527681e-61
2.57867354890532e-60
1.62895532728009e-62
1.0684249765947e-59
3.35788329860076e-71
9.39142798415074e-62
1.20478531416309e-63
1.25922675453218e-62
5.19741920854303e-60
1.13297882073847e-68
2.31127919779331e-61
6.85038519873116e-60
3.17426097710428e-63
2.38124660521927e-66
1.81735626966706e-60
3.127065815083e-55
6.74007546129403e-65
1.50196619988055e-63
5.16316489283606e-66
5.25196439619337e-66
1.42942048779953e-67
5.00727304059881e-65
1.21040883230108e-63
1.80071916605679e-65
3.14834770420915e-67
2.32095521641339e-60
4.24290606658291e-60
1.07747670211318e-64
4.93531566039486e-71
4.4962789118187e-63
5.4131300737871e-64
2.28846061911731e-59
6.68180016925764e-59
2.32352865980243e-71
9.09504468111828e-57
1.10190409779956e-61
1.61619275814443e-66
9.47778856328739e-54
4.83272696940067e-60
2.54768638522886e-70
2.7382521737801e-67
1.04965440778954e-63
9.02692364090564e-62
2.21899031809555e-66
9.85208598315113e-70
2.9724824002807e-66
4.12776257711532e-59
3.65828832875634e-70
1.830175027495e-53
1.54640688337739e-60
1.79110802293611e-64
4.3009222003106e-63
2.29246063626955e-60
7.89569470720314e-57
4.90692676572752e-57
8.92613892037534e-55
4.18018630396358e-54
4.61904928995224e-71
6.16044113090415e-67
4.64293535176848e-61
6.54604634236598e-61
4.6432164086558e-61
2.20875165680977e-57
2.94886176109738e-55
1.84151425831703e-59
1.87587263048459e-52
1.32008872077668e-62
1.98838933554763e-62
2.31185931520192e-62
4.98135879405704e-63
1.60662631309214e-63
9.99282904745767e-66
3.35012538805696e-64
1.20630727528767e-59
1.03840111416156e-62
1.98981515893552e-62
1.54075329464033e-64
1.47489381442176e-64
2.02366970662852e-64
3.42808122053606e-58
1.62031964329646e-68
1.67872900538174e-65
1.20281428585461e-64
6.00181061876883e-68
1.99456248773904e-64
2.95808677537458e-60
3.67899402032742e-67
3.46464486607439e-65
1.31504993485347e-61
4.89344339348367e-67
1.04578965967355e-61
1.3853579104612e-60
3.36981289051299e-57
8.7825016943574e-51
3.58853141746279e-63
5.43721584976285e-63
9.01254248887989e-67
1.17611568209287e-61
3.21600842291373e-67
1.13595787824984e-68
1.62770856207214e-63
4.75856592379895e-68
8.92689600995661e-60
1.26960838609759e-67
3.5608823403318e-63
1.3376730163075e-63
1.39912318197034e-58
5.89122172540296e-63
4.09322962959788e-64
7.89353826335242e-62
8.64598271986956e-62
1.13948212291422e-64
4.91095276970481e-65
5.50359865891053e-65
4.77522294044286e-69
1.09702855305411e-70
4.67189930995625e-66
1.22209534638476e-57
4.90557958573813e-65
2.5188827846919e-71
2.81068714791464e-67
9.94725500322718e-63
2.98860157582855e-60
1.22744264958685e-62
7.94195827848019e-61
9.65239293181956e-63
2.34548113050369e-67
5.21021108422447e-50
1.68527289708767e-68
1.12303392641046e-63
1.64091346377705e-63
3.03447711979613e-66
6.96599462962959e-64
1.39034277344157e-65
7.28553304176599e-63
1.33659463295483e-66
4.96528523194837e-62
1.74327309268084e-65
5.64708045154316e-53
9.95926884328289e-66
5.81382460168893e-66
6.89064829676687e-55
5.2028598753062e-66
1.34091633498723e-63
4.53041720638724e-62
2.39096407997786e-65
2.76903704344489e-57
4.73709615808811e-56
8.00891619287153e-63
3.60839322321777e-61
4.06894798573327e-68
1.30947221221731e-60
2.21031096037943e-61
5.63838101662511e-62
3.43111757266153e-57
8.18258680918251e-66
3.60395597711244e-67
2.03610002156662e-65
1.88819459411857e-61
6.84874072343785e-65
4.87523037027852e-63
8.91723224666279e-51
2.39675216197038e-63
1.86165498031295e-65
1.54218020995651e-62
6.65302709014685e-67
2.78714054381308e-66
3.0874673648678e-63
1.49188594327518e-64
3.92321112923318e-64
2.09898847082804e-62
1.12168866951766e-67
8.13328466563986e-65
2.65224304561223e-62
3.30308622068721e-61
8.7323523932807e-63
1.50012803438679e-66
2.10553785600861e-62
6.86170464994167e-66
4.19407773170827e-64
2.66134010772018e-56
3.68274741152582e-60
3.39008018594997e-65
2.72139206482583e-67
1.00580237680565e-67
5.12775260778951e-59
6.10699367550258e-64
1.42835292904445e-65
2.30025139780602e-67
4.5261200212059e-59
1.29542905559338e-63
3.77051656247667e-62
1.50218807436709e-62
5.69133642176797e-65
8.64044271753731e-62
7.05057149847176e-66
1.39699728948785e-60
1.91302847919932e-63
2.77584940807887e-63
1.42619300269733e-67
2.3035477553647e-62
1.41092590820024e-59
1.62736778993529e-60
1.01436817050722e-64
3.0868320902497e-63
5.07023974315055e-60
3.54523225911922e-63
1.27807101475061e-59
3.80535452002683e-59
3.6842619239435e-69
3.76404834268797e-59
1.83362762880355e-64
6.18059884300175e-66
1.06391328206809e-68
1.60586171972257e-64
2.1135730756921e-66
9.23577136329724e-67
3.90523170947681e-60
2.0147978754145e-52
2.26316129704007e-63
4.53661060633957e-66
1.78649240992161e-61
1.9180052252687e-62
1.2155465268051e-56
4.04969859416007e-64
6.68985751840757e-67
2.44389494886163e-67
2.36990829293172e-60
1.46821850066213e-67
3.6132630854469e-59
2.08073113875764e-53
1.18319843451393e-58
4.21966066147477e-63
1.56260366712972e-69
1.56795754845057e-63
2.03066804304743e-68
7.23662907994663e-55
2.90937220293367e-70
1.00811935423818e-58
1.15865279871314e-60
2.09736378221426e-65
1.59355052476781e-69
9.51578800825592e-61
7.74390459409819e-64
3.17155349587218e-62
1.30153260699075e-60
1.09112842229147e-60
1.3616339965257e-52
2.11115224563806e-66
3.2413275537131e-63
3.39346834225575e-62
2.1651720094359e-60
3.7920246378434e-60
6.99217889867075e-64
6.47694790176464e-66
2.83622169830582e-61
4.82907444503471e-67
6.75938345334343e-70
4.72187653639253e-60
1.50176265963278e-58
4.97705491927497e-64
3.26293870673201e-64
9.3157739993155e-65
4.70546163123394e-56
1.52887828047446e-64
2.0985428256843e-62
1.63728205156895e-58
5.41131024886945e-60
8.77107018800438e-68
2.95623356135873e-65
4.30610772214697e-66
3.43102700379705e-62
2.72493760111233e-53
2.29278918187193e-59
2.13652618481208e-55
4.19027385298197e-64
1.30335475568945e-55
4.9134259203097e-70
4.55384090295889e-64
7.95639751748658e-63
2.20061654758048e-63
4.41588833653199e-64
7.46765633682289e-66
5.46649554230318e-63
6.86705046253438e-65
4.34471837568906e-63
4.92919419157278e-60
7.82721346236278e-58
8.09970029584395e-65
6.30271737807774e-66
2.95373610875315e-63
1.13325835246405e-65
9.93462042478395e-66
1.76938710764269e-55
5.75637331936952e-60
6.0706831133776e-56
3.71167526155819e-63
2.04927328564279e-67
3.85957040037789e-60
1.69964036472891e-72
1.68242540218331e-62
3.89106546213572e-65
2.14481569810776e-66
1.16321189001291e-61
2.6624564283238e-67
2.89971488030259e-67
1.27563041609568e-65
1.26907366535111e-49
5.61459451148923e-73
3.27444335391249e-64
3.64932740165161e-67
2.65086475432983e-61
2.19206250473947e-64
9.26280249569969e-63
1.71379572294115e-60
1.05651085396851e-64
1.84064405753087e-67
4.92333705285404e-62
2.49009666928907e-62
1.28014601597779e-61
8.80515244427139e-50
5.76742897260489e-64
2.89291843358067e-60
1.45819672458057e-67
1.25179234655377e-65
9.14485334630865e-61
6.6698542262214e-65
1.33052204827092e-62
2.01238606198572e-69
2.48106119958803e-62
2.20376484494153e-62
1.24578763677302e-62
6.92780505049812e-57
8.42760910907515e-60
1.23936987458162e-59
1.09949022021354e-64
3.9370363940806e-60
4.03423861018944e-69
4.04409653265353e-64
1.05854740058995e-65
2.35663071060374e-64
1.2702301997256e-47
1.28673211355235e-66
3.68003916347958e-69
6.42291265977534e-62
6.64896364484064e-58
1.66152776716783e-54
2.05646021572281e-61
9.83816610784233e-70
2.15731659206913e-57
3.02860242834205e-66
2.89646701657611e-58
3.9413534142953e-55
8.94919224204363e-65
9.9562730221036e-55
2.30695405792888e-52
1.39854354638095e-62
3.86077690112055e-66
4.65634996478872e-57
1.15351446988843e-63
4.10372117599941e-50
8.97026776419881e-58
7.74076112040319e-63
1.45567349866775e-60
5.66369652585687e-53
1.12460764051312e-61
9.03352997519179e-63
2.87709573247223e-66
4.73694390302203e-68
2.18965666884516e-62
2.17611455084006e-46
1.66597353509876e-67
6.44475066080921e-66
6.43430532375515e-63
4.21377349282761e-62
2.03628628474672e-64
1.4880010535342e-69
1.80080314665151e-60
2.8808004203279e-67
7.37872502337524e-67
5.07800724152865e-61
2.56644223266235e-60
1.71770620242102e-67
1.75386912244058e-61
1.08229631190901e-64
6.26166656066077e-62
2.51741688064605e-62
4.37096780878952e-64
2.36067469587237e-66
1.09424332439015e-62
1.06000411271216e-67
4.29080227919747e-71
2.35924455341207e-68
8.54222983016239e-60
1.2965184062979e-65
2.19741651522406e-69
1.20527917390256e-60
3.01346002232468e-66
4.90046332708549e-56
5.82965303967462e-60
7.46766356574641e-61
3.57292744139234e-53
9.54592344154654e-60
1.24196037282252e-54
3.67014060781453e-70
1.00545780252045e-67
2.27793275643783e-65
7.33946071471999e-66
3.13040139862272e-60
2.119466228578e-63
9.08002029137686e-62
1.21320796395207e-65
6.12731811912958e-62
1.10273149460383e-59
1.09361847439006e-62
7.40932299342234e-64
8.46975283060817e-69
5.52200966383108e-63
9.67447439949266e-68
3.76798867372105e-63
5.426337945891e-57
1.03292729884724e-62
8.46779533464145e-66
9.15819550897861e-65
1.06665045214149e-61
1.80536162455764e-66
9.88755600882584e-70
3.15213244302645e-72
6.4961002240037e-68
9.47479683389295e-66
1.57276406671617e-71
2.49936470605858e-58
2.88475390393308e-65
2.27877040704375e-61
5.83661173800984e-67
8.25620694911047e-54
2.87149419686609e-62
1.47984731487152e-65
5.19693245333411e-62
1.03017977082193e-66
1.93697665650819e-63
4.23238132266906e-61
1.31593663791599e-47
4.99384721915746e-61
2.3583325018656e-65
1.16670234114115e-67
3.59245008172776e-67
1.87349799397194e-63
1.58424332933988e-65
1.34015627565908e-62
9.02447830089011e-64
9.6011054095266e-65
3.83660548351387e-63
7.78854581335455e-63
1.24990994241194e-63
1.27012415071889e-66
1.22201118683051e-51
6.65421620840995e-65
4.21487030138959e-66
5.26795033408994e-67
3.89940677293116e-62
2.92774502818761e-55
5.00261060244995e-50
1.76943362096209e-61
1.32746581520162e-61
4.35255030225583e-64
2.7729043431076e-66
2.40764475560602e-59
1.24658259347317e-60
9.76612246846772e-62
6.54923947791642e-65
1.97561156722494e-51
1.56401282486807e-64
2.87643396448961e-64
4.26651473275944e-65
1.14057894998683e-67
1.61367676024038e-61
3.68172835213368e-65
1.63308743437513e-62
1.19901316732404e-63
7.56480321500564e-61
2.7091338712742e-60
4.14984867732902e-72
6.61881037298274e-64
1.93866414673908e-69
6.19757788915245e-62
2.96614545428288e-62
9.66267592848954e-61
1.03203974307613e-64
6.61529897931468e-70
1.8137159656292e-70
6.30502894831479e-65
1.44690013852969e-66
3.79362254010525e-67
5.05341888677693e-67
4.36051471290852e-65
2.07167268017511e-62
1.52122671104766e-62
1.58397156007042e-59
7.31389026529528e-56
7.72348968908503e-58
2.12089637634345e-61
8.83544619534921e-65
4.76739032631055e-65
4.4193848326875e-60
7.55693886262659e-62
8.59763994868833e-61
6.49145511850879e-63
5.86778994059008e-63
2.86010629826735e-56
3.80781788435491e-63
5.51287039952585e-64
2.88796927944401e-72
2.64734878676104e-66
2.63495717549807e-56
2.21594088106334e-64
8.29186585214223e-64
3.37357388121069e-62
1.89628292041516e-59
1.48113057917084e-68
2.03389083510746e-64
2.78195830906911e-65
5.39596131493747e-62
5.88107547504319e-60
1.969508358381e-64
6.69539891980059e-59
2.05594599832681e-60
5.31813765392824e-67
4.93918157938833e-64
5.9077332785216e-66
2.03041796439519e-63
6.60522905768193e-58
4.32618620278121e-62
4.7626849070232e-59
1.9388546135341e-55
1.88167266718003e-67
1.86374054495913e-64
2.7057550348391e-63
6.86328769431426e-61
7.31446567647933e-57
4.99238422302105e-60
1.14812707927029e-62
8.46368653715906e-63
1.48973763546906e-61
1.89049440913986e-63
3.13462611534991e-64
1.46844727122674e-66
2.75322396112209e-66
5.78814661993016e-66
7.55053106052223e-56
1.25333674264938e-63
1.71212153421447e-64
3.84356534379216e-66
1.57279463139098e-57
1.25213410765328e-63
7.04106099536646e-60
1.94794676655483e-61
6.48137190475315e-64
7.79964229486541e-62
3.53570887627689e-65
3.76481340019611e-60
1.18028732659408e-67
3.72371489698806e-62
1.15574460050337e-62
2.35835728367906e-62
1.7535834832814e-62
2.08726284893944e-64
4.87993888887523e-68
5.32496292904766e-64
8.2798797053358e-61
5.38477383622026e-66
2.93340021973401e-69
1.52767523816998e-72
8.29049429251841e-54
1.92461110772747e-62
2.21320712799951e-63
1.48306452398669e-54
1.5729179676561e-58
2.62798779600982e-62
5.12998896826895e-60
1.14234084774528e-64
1.07452123036951e-68
2.43568549958466e-63
2.12326596841294e-68
1.46961150142952e-68
3.02471493567009e-64
3.64394181132522e-64
5.471458844635e-51
4.33732107929248e-65
3.05594869842163e-64
4.52790265171573e-62
5.33031472906837e-71
6.44646383219629e-65
1.46635662660046e-62
1.9815182771722e-64
7.0924228308983e-58
7.11721810204638e-68
3.3060783253816e-62
1.24263509369932e-60
6.26282703087638e-66
3.0392708773315e-65
4.17090826017445e-64
1.4699508091727e-60
1.39160632075064e-67
3.0100094071476e-59
2.64302542151969e-64
2.86398826018348e-69
2.06684807211214e-60
1.68836734351081e-63
5.14372797602544e-61
2.29144936986384e-60
4.17353075644142e-61
8.25896380716721e-62
1.64560803298643e-71
2.13802168259601e-66
5.81312958221479e-64
3.07039012235502e-65
5.43223986625158e-62
2.72002923479535e-63
3.40835976522597e-61
4.16556554651731e-66
3.27334691097986e-64
5.56140718173001e-67
3.43281707788209e-63
3.39322424307914e-61
1.07188952742593e-67
9.22986602358693e-63
3.07318877078867e-55
4.13349348125048e-63
8.37743110369353e-65
2.5411554132128e-60
2.00344500141089e-65
7.58450500640703e-65
7.14333828054351e-65
4.87334608565432e-61
1.86376866429058e-64
2.12110127490674e-62
3.5771139417723e-56
7.57451112830471e-66
3.8500079988015e-61
7.97627797296118e-62
1.6580126780634e-66
2.40068999152758e-61
1.18621859867611e-65
1.4599906622778e-53
8.77306053755576e-71
1.10650120145304e-58
8.68515144416059e-50
1.45695780701149e-53
9.62706934993816e-63
3.04133433699401e-56
2.72438501434008e-64
1.3090723489368e-62
9.89388076767603e-62
2.76021437742392e-61
4.08046970109602e-67
1.19816507887351e-54
3.02183767128337e-59
1.45669616158519e-63
4.37677025401417e-68
3.07999428238749e-66
2.28852654211068e-70
6.71303798665685e-61
3.74289152009956e-65
3.72639252141327e-69
6.1112706325808e-69
2.22400735946529e-68
5.5255403901419e-54
1.12653522789825e-61
6.89184835976977e-69
6.6432487789858e-65
6.34615367504769e-62
2.06173457874755e-66
1.45076677770753e-59
3.82185975704558e-67
1.53478266451879e-58
4.50028077834913e-52
9.54820404390679e-66
1.80155837917666e-63
1.12184977532616e-68
2.83223578109249e-58
1.98149063961931e-61
9.1409336814252e-62
1.19709963099046e-56
2.90561819372557e-64
3.22324282320231e-62
1.47217235733148e-65
8.18206292792487e-62
5.73609448044723e-61
3.11810345610014e-63
1.23457201126688e-64
7.73606592370046e-63
8.01614895427747e-64
2.1687605005646e-55
2.49383629067487e-65
1.15188611485964e-63
1.60160150887079e-60
1.78146831792936e-65
2.0047481313771e-61
7.20439921405424e-68
1.5635700131905e-63
8.71750658507885e-69
7.95647824963855e-67
7.64533414490118e-66
5.11149142784046e-65
3.82076728069129e-65
9.50652501292167e-70
1.28993345929375e-56
1.62825447992007e-63
5.66754287114229e-61
3.0403578377664e-61
1.23907516979128e-53
2.59810384907389e-65
1.28409359298787e-61
1.08723178979218e-48
1.31343524101202e-59
4.72130810401015e-66
1.54017508011261e-65
7.95007294051002e-57
8.52939879633466e-63
9.54928030631478e-65
7.58012664801042e-64
1.62241546893267e-66
3.47647371180886e-69
3.19525670704648e-67
1.42948700764389e-63
5.40368553093483e-57
3.38123074038878e-61
6.60911481999718e-68
4.94605795402654e-61
4.98087881015423e-65
2.60320797906034e-62
1.27932659990465e-53
1.7521901223614e-71
5.08858115051363e-61
2.57225082871443e-60
3.26638993733852e-60
3.52111329829104e-67
9.47568789885052e-58
1.38697446463652e-63
3.3086557934528e-68
1.98748224943998e-57
1.15808418369592e-61
9.37640053195623e-65
1.15199083829936e-65
1.01974044460334e-64
1.14706000827326e-63
1.86571515426117e-52
2.66470307256725e-66
8.09288691458066e-61
8.75608849944185e-65
1.69713507665498e-64
2.42097972564532e-67
1.13632290184444e-49
4.30511752865026e-60
1.60934679858378e-63
3.4299312837441e-59
1.42198221632851e-56
3.78080093270113e-67
7.959894709675e-52
6.49860472468782e-67
6.2162321960184e-59
8.18851895070102e-64
1.38808403328116e-63
6.65942454270262e-65
4.23598123107641e-59
1.1760079758636e-68
1.39923328788497e-65
5.06102230012704e-67
2.33764539899608e-63
2.85673792641195e-58
4.18625926034671e-64
3.60562384692416e-59
6.67978256542742e-62
1.62115444248478e-61
7.68169738316602e-64
1.18952193643906e-65
2.23139180577762e-60
2.62380438539532e-61
1.22483276549307e-65
2.39156693937455e-64
8.91409528669893e-64
9.90403117147376e-64
6.375209297354e-61
8.55923314906991e-65
2.75601549916572e-63
9.48817667106379e-61
2.21849579599573e-61
5.79395654331212e-66
1.84397022352664e-61
4.27035993412516e-61
1.19786531661237e-65
1.82863882147917e-64
1.51932097715346e-58
3.31016748390216e-60
5.96858824634623e-67
2.15821137785588e-57
7.49407221538519e-62
2.17041241903246e-64
2.19584813954211e-62
2.72887524237311e-50
3.07415180485174e-60
5.98645714006785e-66
1.27125928732015e-58
3.41279141062011e-60
3.93120072731335e-60
4.1856623748073e-62
1.04536442374903e-52
2.3112866660307e-67
4.73378858631675e-63
1.35663571224718e-64
4.36431920174202e-63
3.28999350158927e-61
2.92641715055565e-62
2.47068755133903e-59
1.1065019236146e-62
4.78479530627737e-63
4.44270596756476e-55
1.45751626816186e-57
3.62432667996376e-68
4.82288045009769e-63
5.47658227589965e-67
4.54709173320841e-64
1.31203990688537e-59
2.83052740457072e-65
1.65339079991771e-55
2.15904298995082e-64
8.98047295853785e-65
3.36624402157549e-63
2.29865741351056e-62
4.71745185826706e-62
1.69643863473584e-58
1.95709966208929e-66
6.62878177158316e-66
2.35437362364937e-63
9.96208024709315e-67
2.47029113161936e-64
5.16336622781669e-53
3.50310725468315e-62
1.57102176411738e-60
2.24170807037928e-59
6.80710594190571e-67
1.02385634575664e-63
9.43116096164837e-64
1.39688932017966e-49
8.77073140282875e-68
4.4633594603112e-61
3.56908084024438e-60
3.79518824968231e-64
1.38833856391262e-67
3.78644421003495e-67
7.88198567640006e-59
6.30082514505544e-64
2.61157853343004e-67
3.76325945163422e-68
2.77173325102335e-65
7.94263509098622e-61
5.56327410748022e-64
3.00936806604431e-59
2.48426409577813e-54
3.55950244500846e-56
4.92495123983191e-63
4.40824340227855e-66
5.64638303139724e-67
1.4541313934923e-64
5.07938552114689e-55
1.21423297072813e-61
5.66280390369331e-64
3.87999736728499e-70
2.86135280568826e-54
5.37604366482412e-63
8.46333436644803e-65
2.30240747965516e-61
4.88936008663908e-53
5.19623071345066e-63
2.55697210302356e-53
1.07062259019756e-62
1.13869909457708e-61
8.86647770041295e-62
1.00202552143185e-69
3.36333797564004e-67
8.69521803529221e-57
1.49013885839414e-47
2.06731626856648e-59
1.65982152228616e-61
1.86307540758714e-68
4.18110596571217e-60
2.58889929567952e-56
1.93374458162509e-64
2.16916571379941e-60
5.73432418918968e-59
5.04903771616098e-59
5.1004822370616e-63
4.56232742927135e-63
1.31480836185902e-58
3.92205067585739e-56
1.69349043457143e-65
6.49275564459683e-64
1.81142715701884e-61
8.76717915402633e-58
3.2449297911325e-65
7.07828541884944e-63
5.12779943191626e-62
1.51721499267749e-69
4.58870763605231e-62
2.06798235904903e-60
1.24001538131558e-66
8.96306555681587e-61
2.81899105681577e-62
9.36822177084267e-53
1.32888755564365e-66
2.34346745638721e-57
4.16907392308512e-65
8.37923345209421e-51
3.90549953278959e-65
2.01341891817162e-58
1.98163995428096e-61
4.75319428556768e-63
4.05765727319286e-64
9.12163074829075e-57
6.24638396609766e-62
2.81569504476184e-60
3.26720322627814e-66
1.10763666955068e-59
1.12491510633756e-58
7.01497013243584e-67
1.21496011299691e-64
5.94686360694504e-64
1.86841171585306e-62
1.03855946188425e-66
7.77426991164604e-53
1.08566021679546e-68
1.46281316730303e-61
1.03502231061479e-59
2.11336710933708e-64
5.14626657639157e-62
1.45670966608291e-53
9.61158840107306e-62
6.39792814664842e-67
1.9702426658068e-60
4.62811106267922e-62
5.01434807779297e-64
2.93170521155637e-66
9.49387941876124e-71
7.89440686068315e-50
4.08879208448583e-61
9.69772655431699e-64
2.25407168725717e-61
1.34463105960355e-62
5.9533854619006e-63
3.77893384908729e-68
3.19307133835472e-57
5.59276410765249e-63
4.2339565758938e-63
6.44409079196737e-59
1.05243778215244e-60
6.74255627339479e-59
4.12247808662082e-60
3.84366406281976e-65
5.67355874918243e-64
6.3641886635103e-69
2.2478966332251e-64
1.10401510928915e-60
1.715896653031e-66
4.6366456232007e-63
4.84894374994368e-66
2.95524253803447e-63
1.00548449667321e-61
3.42252797358759e-67
2.01822047201067e-59
1.55731496486023e-59
9.85809526863279e-58
1.23302219945818e-55
2.37227485968966e-67
2.81516557098854e-65
2.1490323131927e-67
7.78356124569887e-70
1.15198248238455e-61
5.85862825440701e-62
1.3792507019095e-56
2.2061346945834e-64
2.52681195005916e-59
2.53468171888345e-60
2.64789541788239e-60
6.33011642633896e-67
6.0391626842926e-61
2.25976897190183e-54
