-4.83897633343372e-07
2.23784982583498e-05
1.38322203370462e-05
8.20141308073067e-08
1.12380841437688e-06
7.03455034979479e-07
2.06178065265001e-05
1.70110114832246e-05
2.69136022644184e-06
2.73416296304482e-05
1.4593836700724e-05
8.80621397583273e-07
2.72157350580245e-05
1.09903637349238e-05
3.058200059421e-06
5.06189272232908e-07
-1.23905222671018e-06
5.24531726409323e-07
2.34483126478385e-06
1.53015346460933e-05
-3.40964926459784e-06
1.33863078749118e-06
1.42156908314894e-05
1.54831256498635e-05
1.40933219103409e-06
4.62481721218897e-07
-8.2959251171571e-07
2.59079317761285e-06
1.76707756291973e-06
1.45181504510346e-07
3.98420607005495e-05
-4.90576810364675e-08
-5.39121494428632e-06
1.81638704687601e-06
2.52730625840605e-06
3.38325639422684e-05
-5.73574535022865e-08
8.92928926707158e-06
7.62932545010202e-06
9.8636805218088e-06
-1.05983930952407e-06
4.04682960174669e-05
-1.05610451394344e-06
-1.97141327293033e-06
4.23188902935834e-05
1.31004119062434e-06
-4.88239853896885e-06
5.45029586770836e-05
-4.44920773947481e-06
-3.56332213399252e-06
4.49579237811288e-05
-1.91666799608182e-07
-4.79458249099068e-07
8.50991746543529e-06
-3.85224302460138e-07
-2.26385825889726e-06
2.1569504509809e-05
9.05863768541949e-07
1.17274409820783e-07
2.88244775737678e-05
6.70491865238053e-06
-5.14887608264034e-07
1.43137481957296e-05
-3.68743013121764e-06
-1.41993262186562e-06
-1.74318186441365e-06
3.31395159467151e-06
2.09585513977165e-06
2.67561880248273e-05
3.17681457208806e-06
4.44288860309787e-06
1.27123499929005e-05
-3.9491750741194e-07
-4.02448401219767e-06
4.67619530311863e-05
5.18614784802021e-07
1.03003380239678e-06
3.93284041774101e-07
-1.10602989275585e-06
1.65264929564693e-05
3.47505693434015e-05
2.82408486017352e-06
2.63301685974584e-06
4.56348646143229e-05
6.87215974106556e-06
1.58852488585329e-06
9.97967905639309e-06
6.86152717622593e-06
1.81430559124479e-05
5.42646781126499e-07
-4.80901098390516e-06
2.31200422935404e-05
1.19557650336272e-05
2.23431769747852e-06
-2.59959800729786e-06
3.77440969892792e-06
-8.72819092356376e-07
3.12803865959644e-06
1.44642439313744e-06
6.05647939504767e-06
1.62087856106068e-05
5.64954838060168e-06
5.84099316414255e-06
9.901055869564e-07
3.22309582569513e-05
6.47038304126931e-05
5.18167865164122e-06
2.65400842994833e-05
1.1658451042524e-05
1.76551684154962e-06
2.94986090116906e-06
1.16932063241614e-06
-5.45198625151439e-06
9.25255421277996e-08
7.68943694049906e-06
7.93594618389267e-06
6.26907209110481e-06
-7.24652424702993e-07
3.51887262434935e-06
1.87473167306798e-06
1.56769939390891e-06
-2.74602285629733e-07
1.55405304050649e-06
4.2746726461477e-05
4.38715128005288e-05
2.22348592840317e-05
4.22089684208415e-06
1.64642103366965e-06
6.37474641578506e-06
7.3163537698601e-06
4.98163374188314e-06
5.87207327704675e-06
2.06014955181258e-05
-1.97669754777253e-06
-7.65374511331744e-08
2.96032696760319e-05
2.94680475245708e-05
9.01315655864813e-05
2.57458625720598e-05
8.79025563830126e-06
6.67181473970484e-06
3.46279579674187e-07
1.13414349231888e-06
1.63502751405887e-05
9.37829363922792e-07
1.2740726906639e-05
1.5921060808914e-05
5.83835207427415e-06
-2.65260136730478e-06
2.53063244255031e-06
-1.11497014357743e-06
1.52781278153947e-06
-2.25435832594349e-06
8.20786537026107e-06
1.55882150732778e-06
-2.91337232979258e-07
3.2610224608742e-05
2.8786731727928e-06
7.62878337061557e-06
1.77003284929075e-06
7.08635654723735e-05
3.42646843348674e-06
3.92801740562399e-06
2.7653645396419e-06
4.85829316233138e-05
-8.02535066793386e-06
1.37999489414949e-05
1.32940428401468e-07
1.83401643164843e-06
2.48749239279219e-06
-1.75822244237486e-06
-1.7600246705658e-06
1.98614133939998e-05
-2.87507107417671e-07
1.66270645793659e-06
8.83705570899564e-07
7.73770729681871e-07
5.44822830054948e-06
3.78246441133335e-05
4.28793206028282e-05
1.73087758521319e-07
3.81658074841275e-05
3.70383358171895e-05
2.07002044588753e-05
1.36016272186134e-05
7.49983621424048e-07
-7.49754076967599e-07
-1.62014116204597e-06
-4.79090172889663e-07
1.77949636566106e-06
1.99798214566764e-05
-5.78295632291986e-06
2.4319629594024e-06
1.24957037798097e-05
-2.89216788977019e-07
1.36036311247935e-06
3.44913124271917e-05
9.2092644891981e-07
3.92229584920443e-05
-4.42532461450218e-06
3.84178171833765e-06
-2.95463469343898e-06
3.76346155361994e-05
-8.50239594303958e-07
3.29884272806859e-07
4.79770194626244e-07
-2.85197098974299e-07
1.69628747786746e-07
8.01253245405564e-06
1.74265352664605e-05
4.09048009973188e-05
1.78146278577957e-05
2.14519197972749e-05
1.06718167531816e-06
3.47107097821106e-05
2.85952418441521e-05
-7.50106427011611e-07
-1.54335978343951e-06
-5.88692852314247e-06
-8.95017333629602e-07
8.42947519984884e-06
1.34717637862811e-06
1.39710457552194e-05
-1.48350673425664e-06
-4.4320595547465e-07
1.70361683688926e-05
4.95271503414032e-06
2.5059321817079e-05
5.983121568879e-05
3.77119832397937e-05
5.19293201678461e-07
-4.8022222944512e-06
9.812321147885e-07
4.98847200424631e-06
7.07998751090177e-06
6.29143541548008e-05
-5.75270270977702e-08
-2.26271397060066e-07
5.93592730894225e-06
-1.97320834018967e-06
-2.975025168253e-07
-7.9569152593296e-07
2.61691960618939e-06
1.27723633554605e-06
-8.84906564821811e-07
2.60282051258484e-05
2.05791785033207e-07
7.50949748161628e-05
6.47765895202827e-06
2.12614004132164e-05
-9.04103388684635e-07
4.51156055166354e-07
5.39034885296292e-05
3.53887534581016e-05
1.7475700807317e-06
2.30223648974673e-05
5.09944658526273e-06
9.74797339952314e-06
2.55010215444674e-05
2.80396766719248e-05
5.137057637327e-06
8.39411456917176e-06
1.97532438187376e-05
-4.86624458798127e-07
3.69513798710105e-08
4.72068979133393e-05
8.45206075795966e-06
2.11797446358697e-06
3.39550735088567e-09
1.0569464718918e-05
5.59546169567551e-07
2.06022953158729e-05
-3.54675403533599e-06
4.17314614783111e-05
5.53484314663225e-05
-5.76076634041421e-07
2.83251706104e-06
2.74777665485745e-05
1.1539715606422e-05
4.26761981930929e-07
-1.06567513690969e-06
3.59251914966109e-06
4.44451702871069e-05
-5.26942660037354e-07
1.38691500066859e-05
4.74235836826183e-06
-1.29165084645009e-06
2.33117695265317e-06
5.13947048489241e-07
1.11660551924982e-06
6.21415777046032e-05
1.94039280244049e-05
-3.65436790859847e-07
7.89983336188768e-07
7.7281511306275e-07
-6.54338836329983e-08
5.57689636788182e-05
2.33889805337551e-06
2.50202285606084e-06
4.83985340356119e-05
-4.53626225806866e-06
-4.19601374256442e-06
3.08613267789637e-05
-4.37229041598501e-06
2.47129374847806e-05
2.45174215079515e-05
1.9758079037064e-05
4.58545474231115e-05
-2.3168388734176e-06
9.05327812992789e-06
-9.1491339950977e-07
8.83487176379043e-07
-4.29586487276181e-07
2.07809598395691e-06
1.29791177232038e-05
5.16146151312402e-07
1.09061595627175e-05
1.351185892562e-06
-3.38332328129568e-06
1.27252865327507e-07
4.71828928481208e-06
-1.56317970971012e-06
5.67498288345883e-06
2.28735854979055e-05
2.86188241182329e-05
1.50441276091946e-05
-5.93569012086976e-06
8.48028532969058e-07
5.00247719392234e-06
-8.68581951628695e-07
5.51646601066225e-05
4.50044962085749e-07
1.83391478572163e-05
1.49117408060528e-06
3.90219333499116e-05
4.58125195980323e-07
7.62721817422203e-06
1.97540869133727e-06
4.31387884537873e-05
2.49504138562236e-06
2.50903015376373e-05
-3.76570453570324e-08
3.73087285556935e-06
4.22736288629159e-05
7.53944276370578e-07
-2.14030658834903e-06
-3.71462568040942e-07
1.6601761970494e-05
1.61451309417339e-05
3.8536942680179e-05
2.71728564590841e-06
1.74885626491349e-06
3.06829275742657e-05
-3.39961895306706e-06
1.5818326754407e-05
-2.10728286291562e-07
-6.61896083568819e-06
1.47973687045176e-06
-1.84651285520785e-06
3.41072871194271e-05
5.43952037374782e-05
-2.40618365065156e-06
-2.76065908088854e-07
9.13113463073688e-07
1.96569819869681e-05
6.54342589676533e-06
2.16530264201639e-05
1.96610340759041e-07
1.71927264070868e-05
3.73516533775429e-05
1.10196790480767e-05
6.22942618335923e-06
2.10042473103929e-05
-2.50749315717754e-06
2.57307287832111e-05
1.47011413580147e-05
1.92931095733258e-06
1.66993451251563e-06
7.04619743709852e-07
2.84981909948274e-05
1.90563784419962e-07
1.02114625737761e-05
1.49528720452782e-05
-2.99126037204699e-07
3.16052392131344e-05
-6.77410081913637e-06
2.65334769722597e-06
1.96622108136303e-05
-5.01838622223281e-07
1.59906503106397e-05
5.43812524705876e-05
1.58875222196403e-05
-1.85299046129824e-06
1.02327464184995e-06
2.13772170105629e-05
1.69533873837032e-05
-3.22952337115835e-08
2.5672373138661e-05
1.95570366976506e-05
-5.24642018968893e-06
1.12430102259321e-06
-1.98853326356789e-06
1.58261359223872e-05
8.43490474961948e-06
1.01898711878439e-06
-1.6278487842174e-06
3.28628917714649e-05
4.44629800473911e-05
2.90810734025599e-06
-7.26082373426689e-07
7.21682947890219e-07
8.58781556376962e-06
6.97446982106652e-05
2.42823076819495e-05
1.64337960156521e-05
2.27714858017858e-06
1.15357023009063e-05
8.31958696124916e-06
3.92085823921802e-06
-4.73042738141002e-06
1.47686359650349e-05
1.60489806369405e-06
4.30084637496224e-06
3.29307953011553e-06
5.11102131643311e-08
1.50569442938142e-05
6.77963142529255e-07
3.95166455386604e-05
7.81498025673264e-06
-3.77942499010195e-06
1.13420307150473e-05
5.38467728657422e-05
-2.02726278691107e-06
-2.24131897780195e-06
5.84370162244996e-06
-4.68580727190326e-06
6.60384982548908e-06
-2.25618153162509e-06
1.54360371976128e-05
-1.96118148777196e-06
2.64202525627438e-06
1.02840250194524e-07
7.47395654992142e-07
2.35897920609981e-07
5.55675744930726e-05
2.99387674874431e-05
6.53819999884932e-06
1.56195664440357e-06
3.18544278216866e-07
1.14229070156042e-05
-2.54953647675435e-07
-6.72319241876029e-07
1.65656590044967e-05
1.263588441229e-07
2.33571101067465e-07
8.95897324902524e-06
-5.12593765450101e-06
-8.19948200124697e-08
1.30894137251465e-05
-1.61698335117939e-06
-1.1048400207426e-06
4.97205267728445e-05
1.76765006163016e-06
1.98549639124496e-05
-4.32742992170159e-06
-2.04309699736722e-06
1.37553244167782e-06
2.41445233381034e-07
5.72683087144512e-05
2.89825884023178e-06
6.62767483469564e-07
-7.5824188559568e-08
9.86602758943391e-07
6.63111121014044e-06
5.35621840149183e-05
-1.30442242757215e-07
1.70787633926942e-08
3.2195090112936e-07
-8.05403736799372e-08
1.23381460982893e-05
2.99912445597953e-05
1.19225494872115e-06
4.2429255553815e-05
1.42472364844467e-05
1.64644153329403e-06
1.53083639114639e-06
-2.74646401229869e-06
-1.14633521469994e-06
-1.22827556003636e-06
1.35525028185116e-05
-3.27684900403719e-06
-6.10813964288345e-07
-5.90525534337864e-06
-9.45988708603708e-07
7.4490876184599e-06
4.37103923951191e-06
4.90235948421761e-06
6.70869952954557e-06
1.1767614763775e-07
7.98897242200629e-05
5.08993375904777e-06
2.94496330826151e-05
3.92100784671976e-06
-4.17694720590809e-06
3.01533103886323e-06
1.6082594633656e-06
-9.48168110763146e-07
3.75431342456458e-06
3.68914374854849e-06
1.35055231529554e-06
5.5446993045028e-05
6.74265623405656e-07
4.48581447932665e-05
2.24267519187922e-07
2.27860821134975e-06
6.53973849573786e-05
5.29100556774763e-06
-1.65242194158926e-07
-4.56093334774086e-06
3.98464308242263e-05
3.65404274325833e-05
-1.41060924589442e-06
6.34531820936747e-06
1.2437130081135e-05
-7.06448641554622e-07
1.33212464597938e-05
5.21317152699895e-06
3.25485576730977e-06
8.34174716809327e-06
5.54914307474316e-05
1.80857412703686e-05
2.84144131933997e-09
-4.7158916578934e-06
1.78749246849019e-07
-5.86961552573771e-06
6.75233723757575e-05
-3.71032961710024e-07
-1.76905783705558e-06
9.16962010513059e-07
7.46938231293555e-06
7.40102062111156e-06
4.61864665008435e-05
3.99053019501566e-07
9.97248851441829e-06
5.06196822301207e-06
1.2651294681283e-06
-2.33901730797083e-06
8.94633850902419e-07
3.38621767134725e-06
2.27524828432406e-05
1.42442766202194e-05
5.95393980345196e-06
8.00126325010075e-06
2.93118592656417e-05
7.82354540813299e-05
-9.35798759601158e-07
3.14704769934554e-05
1.19865142246967e-05
1.72699787406467e-05
1.33401637258041e-05
1.78833545046103e-06
-7.23069176261015e-08
3.86604929045439e-05
5.13001856098238e-06
4.86309341689794e-07
2.37400641571486e-05
3.42073838912376e-05
4.91691316825817e-06
2.09008735858614e-05
2.12408061028007e-06
1.56317307929996e-05
8.05267676586378e-05
2.47610131940345e-05
-2.06620279637608e-06
-5.71386798150687e-06
-3.19385059928285e-06
7.27439829131179e-07
2.38428546266186e-05
4.41933222573047e-05
-4.16293709099883e-06
2.56572667071506e-06
1.91047434583444e-06
-6.62612663661979e-07
2.05641168923823e-05
1.74477212254961e-05
4.39867227322639e-05
3.28875671419892e-06
1.22561377889813e-05
3.74174194602211e-05
3.10525291357096e-05
8.95492878967884e-06
4.23349143634625e-05
1.06387710896594e-07
2.09028042539624e-05
9.22886531721024e-07
-3.93337973020707e-06
1.08069648074394e-05
9.40673557011566e-06
2.61168960928876e-06
-4.02064609849758e-06
-3.3065483029164e-06
-3.73121002876184e-07
-3.85500920401664e-06
5.58022300037223e-06
-1.00344841394624e-06
2.86743504538984e-05
3.1636917158715e-06
5.36589054152768e-06
1.33687505794789e-06
-6.12564631916999e-06
1.47529034587765e-06
2.51168464977892e-05
2.97178976779553e-07
-3.99766917883046e-06
2.36702662832365e-05
7.9797565638293e-06
7.58222816086681e-06
1.16466260224001e-06
8.37285727050378e-06
2.00646607892054e-05
1.28955580447371e-05
-5.10407711372758e-07
1.12479665967219e-06
3.66525253290332e-06
4.85044826242192e-05
3.44514603851734e-06
1.65702870822603e-05
3.98196806632498e-06
3.02674731518205e-06
4.15069365714014e-05
6.58120241289413e-06
2.45183449192335e-06
-2.95565187411764e-07
1.87800487417702e-05
3.47329353605135e-06
-1.03504801855115e-06
1.08611499711249e-05
6.14531993365316e-07
-9.01200706764743e-07
6.87647875231167e-06
2.20653191982285e-05
7.90059401486182e-07
1.92451133907687e-05
4.48575899100146e-05
7.42149217717634e-08
5.0290848472386e-07
-6.659940399375e-06
2.06892008359772e-05
5.06930249733606e-08
2.84061880189264e-05
1.75898786715496e-06
2.86543418778797e-06
-7.58826199863232e-07
-5.1518981191319e-06
3.31963829300446e-05
-1.21160615825803e-06
-2.78867567279866e-06
9.30565798178053e-07
-5.00446278463294e-07
5.24456399496992e-05
8.4007314190389e-06
-1.94506231476853e-06
-1.83919015411364e-06
1.70706606490514e-06
-3.32364233766648e-07
2.11107794447781e-05
-6.44190609066427e-06
7.99695018495167e-07
-4.38261780766013e-07
-3.46214717176244e-06
-1.54957170376544e-06
1.04714924509208e-05
5.8445715870629e-06
-3.10938406453605e-06
-6.21034319737229e-06
3.55588704330016e-05
5.5360270100185e-07
-2.62317813049605e-07
-9.20774672605687e-07
-6.40072696916826e-06
-4.20660977483787e-06
6.07085365124851e-06
3.26777989750893e-06
4.92070384846377e-05
3.91476036931841e-05
1.07822621154525e-05
-5.25874976404109e-07
1.16063332456389e-06
8.98089730023068e-06
3.71881508043098e-05
1.19537297612101e-05
1.85932929511484e-06
-3.99090459181217e-07
-2.02959180242468e-06
4.33724116717066e-06
2.95417151986027e-07
2.77481742404507e-05
3.94755627112287e-05
8.59769999945519e-06
4.51308935809632e-07
7.96539495344839e-07
3.01833973590873e-05
4.44651243423853e-05
6.42116475272371e-06
2.71879412178227e-07
5.69549574819428e-06
-1.97765149737947e-07
5.09907301796278e-07
2.70944690924839e-06
1.1262715652575e-05
-3.83191653944172e-06
9.61283283640719e-06
1.07848586652581e-06
1.07562049427883e-05
-9.43693105197443e-07
-1.29335888158838e-07
-2.53893142414395e-06
4.8705847563478e-05
-2.44210661787012e-07
3.73862416404412e-06
2.91892885165998e-06
-6.50328124300507e-08
-3.91056153106845e-06
3.81990557880538e-06
8.52603607090837e-06
2.02002095928467e-05
-5.04301431773795e-06
-4.33406768273921e-06
1.51100749944356e-05
1.47478286242002e-05
1.97704068943176e-05
2.33559300851274e-06
4.70188283734025e-06
2.98866962766379e-06
6.36709204160962e-05
-2.44366853820226e-06
5.86846556261363e-07
1.74047213482657e-05
-1.09841896433699e-06
4.28792154973419e-07
1.1839652019784e-05
-1.2909273769188e-06
2.43011743223648e-05
2.22753780443637e-05
1.14416868314224e-05
-5.24694833474887e-07
2.26693091486204e-06
-9.83606962583725e-07
4.08651994413833e-06
-1.44040040841229e-06
1.06349967244039e-05
-4.74857118606521e-06
-3.01474063846993e-07
1.26273492919393e-05
9.14847763434513e-06
5.08277168609143e-05
3.59833617845559e-05
2.50915896268909e-06
1.8005704070251e-06
2.66013106088597e-05
-1.36159321141685e-07
4.92759153900742e-05
8.96238461943693e-06
-7.56032186914891e-08
3.53771731033884e-05
3.05515237985354e-05
2.77733352809296e-06
-3.55998017602779e-06
9.89494085743729e-07
3.34020787096948e-05
7.82487641521824e-06
2.47368555211209e-05
5.66023364335927e-06
5.7268734857489e-06
3.57358954755735e-05
3.22435059732644e-05
1.7023126072197e-05
-1.11600525878373e-06
1.92773131781249e-06
4.43844184139222e-06
1.26525018450883e-06
-5.3925422036787e-07
1.01391495754417e-06
-4.07842251823371e-06
9.19660087382822e-06
1.49781868149821e-06
2.96700706387761e-07
8.39545532111073e-06
1.95237078149053e-05
8.79430427254015e-06
1.28319592704194e-06
4.80544859755625e-06
-8.47050203680546e-07
-5.7012497617359e-07
-5.55557057895713e-07
-2.82227579711404e-06
2.39520331058345e-06
-1.64420925961998e-06
5.60608530594866e-07
-2.49937738382947e-06
1.23053489570869e-06
1.11251797659896e-05
-5.54036946625066e-07
-2.56602384167423e-07
1.76846597706744e-05
1.75267675473226e-06
1.39141875118851e-05
1.38223240120148e-05
-5.4760501050384e-06
2.20289019864767e-06
-3.86144003941448e-06
7.30465569847379e-06
2.88399407959041e-05
4.77664076758617e-05
1.28405001520658e-05
-6.09339930743098e-06
5.07588459268818e-06
1.45469548880451e-05
-3.59096751442606e-07
-5.52238630780922e-06
-3.01154241928533e-06
1.24136183638767e-05
-6.58116555217957e-07
-4.16798353799398e-06
-6.25266008302056e-07
-4.60989543297948e-07
1.05138664703604e-05
6.92254437530536e-07
6.146311294276e-06
5.49240989082406e-05
4.00669968735859e-06
2.71148056586457e-07
1.49859212065435e-06
8.28987793594448e-08
-2.62588151141477e-06
1.0260332496712e-06
1.00086907666356e-06
2.87892574549783e-06
9.45349945846435e-06
5.69188253578911e-08
1.87646839282245e-06
9.08206996173025e-06
2.14400549315015e-06
1.23913967245641e-05
2.76414118520024e-06
-2.06302361505162e-07
-2.63848805990719e-06
7.63814597136414e-07
3.5903456616176e-05
-2.61717915194203e-06
3.44837424020319e-06
1.60415709730225e-05
3.70745699451104e-05
4.43608402892006e-05
2.1438210206895e-05
1.35365751375787e-06
-3.25569589773882e-07
1.67728174864777e-06
-1.72853550011362e-06
-1.9070302588515e-06
3.99821531080094e-07
-1.48460179204612e-07
4.27851818775596e-05
9.90743599474756e-07
1.35486517772592e-06
2.57511456471269e-05
5.85167843664581e-06
1.35953094276786e-05
1.09893057415878e-05
3.19078575864408e-05
-4.74614037610545e-07
8.68248403370819e-08
5.20340813131401e-05
8.35403124562831e-06
3.33293283946329e-07
2.36777106781175e-05
-4.21257172789625e-07
-3.87798531736506e-06
1.00049541367889e-07
-5.02584076439689e-07
1.94227703388373e-05
-1.94755360044608e-06
5.08491907192397e-06
2.12837647833e-06
1.77217302211125e-05
-3.91336262812488e-07
3.40589162270342e-06
1.54155667786246e-06
1.67236361716642e-06
5.7654944401279e-05
-8.81805853784128e-07
2.01449106637905e-06
-2.33604048345515e-07
2.57878065249053e-06
8.25242339735923e-06
8.47945766510884e-06
3.79621857254243e-08
-6.24178432332086e-08
1.05772737472597e-06
-8.87056027808109e-07
1.95837399412792e-05
2.65413267006003e-05
1.65112240974336e-05
4.06769339029764e-05
-4.70963589706456e-08
-4.12785852405247e-07
2.72283935571289e-05
3.35381628989301e-05
8.26123354373633e-06
-2.72543708261598e-06
3.80851751579609e-06
7.83687589488129e-07
-3.84911406614791e-06
1.43306429269255e-05
6.58353836999815e-06
4.34624005177141e-05
2.23800743227567e-05
2.88932941453099e-05
2.18319385373783e-05
-1.24673633419731e-06
2.31715967154162e-07
6.08544414858075e-07
-1.00532384720648e-06
-7.48905993041994e-08
-1.68166484618185e-06
1.91995030150956e-05
5.83252192963097e-06
1.98302396578991e-05
1.47088999585739e-06
3.61645025093727e-05
8.2826706228952e-05
4.27435370877342e-07
2.24971663038286e-06
2.33836545482005e-05
-6.10172119284529e-08
6.23932202029408e-07
-1.44302479243755e-06
7.5290184326464e-06
2.43255404793065e-05
9.23251360947781e-07
3.08172692324173e-06
4.99547314861591e-06
-5.38484654149388e-07
6.64360003266341e-06
1.85858370899103e-05
-3.66521430804961e-06
3.00152451318699e-05
9.18019952965585e-06
3.55724530391768e-05
3.5211434711314e-05
1.30101298731146e-05
2.07589312987674e-05
3.01363776004396e-05
1.82413197508541e-05
1.04993459018185e-05
3.89890669748049e-06
6.90957407519051e-07
8.09987547579093e-06
-1.2476049186466e-06
2.78213274833554e-06
1.04025721087743e-06
3.04212712569366e-05
4.28202612934275e-06
2.83142118991382e-05
-2.93217622472139e-06
1.02998746052893e-05
-7.10116828809732e-07
5.26706459823046e-08
8.43418355098462e-06
4.82570978464777e-06
2.01586196035674e-06
2.40814657552814e-06
4.47824256011981e-06
-3.92597947947092e-06
1.55271106743193e-05
1.02561399321762e-05
2.69121657956455e-05
2.05724151887225e-06
1.89120392297837e-07
2.85792754108568e-05
2.20816213207499e-05
-8.71898983020523e-07
2.01436540559031e-06
-5.00331632985357e-06
1.14866678665523e-05
1.84740832695996e-05
8.63899412386643e-06
1.99703692604746e-06
5.31543551832814e-05
4.51017450092256e-06
-6.58783627184067e-07
6.76303567482556e-06
8.82934257801646e-06
4.33685630116069e-06
-3.37941682570011e-06
1.47103686621233e-06
9.09562213842345e-07
3.41935618606935e-05
2.71650727430807e-05
-8.52884135042918e-07
