1.00579882253367e-05
1.74927848394385e-05
1.952790976584e-05
1.49040624462707e-05
9.130074768752e-06
8.349863582015e-06
3.66798633231643e-05
2.57400391211569e-05
8.94004789167069e-06
2.65262864825364e-05
2.2378118959233e-05
1.08165714155198e-05
2.36015958903541e-05
2.36821054340421e-05
9.44249327590465e-06
4.05971565940341e-06
9.51163728889118e-06
9.37639765077911e-06
1.06283058165718e-05
2.76081217866981e-05
1.66523623390144e-05
1.79081373321517e-05
1.8861975835235e-05
2.32385413975304e-05
8.07451925830902e-06
3.92686532436478e-06
9.60963650942212e-06
8.91137924935457e-06
1.06956137424682e-05
1.07373111865474e-05
2.72864306353047e-05
7.7826757090152e-06
1.55606561360417e-05
9.81122866131309e-06
9.22771599323367e-06
2.51205412978548e-05
1.52292580168127e-05
1.16383111990935e-05
1.53743811295424e-05
2.23111345086114e-05
9.71427356129567e-06
2.49316987417431e-05
1.68063574974061e-05
1.7370716946545e-05
3.31595313905166e-05
4.41251342144436e-06
1.81455970775901e-05
2.42356092124423e-05
1.58631937333643e-05
1.73558529482954e-05
2.27651973769242e-05
5.98594800833045e-06
6.31118692856239e-06
1.47933775913615e-05
8.35797578365951e-06
1.19164806920632e-05
2.40693955582358e-05
7.4094298612122e-06
1.57822491400836e-05
2.36206906913277e-05
1.38129957958518e-05
1.75974586292084e-05
2.07943168635761e-05
1.40035623146196e-05
1.07243298956869e-05
1.72175039374055e-05
1.26215707455523e-05
1.08988574612563e-05
2.23653788179731e-05
1.57597687799595e-05
9.32632632559961e-06
1.66175424507199e-05
9.43273663762047e-06
1.4398114431189e-05
2.5936372354414e-05
6.35773110078551e-06
1.85099726590214e-05
3.85271615359434e-06
1.7540542529781e-05
1.59239928218669e-05
2.32422728671511e-05
1.11446548860501e-05
9.90838445378468e-06
2.17818655575812e-05
2.11954379523078e-05
9.73694591262611e-06
2.7159463563121e-05
1.04550650063941e-05
1.986602098923e-05
5.82562757468081e-06
1.48940089574717e-05
2.13841432935232e-05
1.88739126542311e-05
1.043373507009e-05
1.120980795076e-05
1.28031889405512e-05
1.0555768955171e-05
9.48740078800008e-06
1.85253121960678e-05
1.19699392901386e-05
2.30513259935764e-05
1.9115308941256e-05
1.7174456240125e-05
4.47782055481248e-06
2.62555771889594e-05
3.86262921639172e-05
1.89169123359586e-05
2.07435629922518e-05
1.75912803276792e-05
6.94774276550395e-06
9.57353715317608e-06
1.41868983439031e-05
1.49969244297474e-05
7.14039722750811e-06
1.51046089095711e-05
1.46735676595749e-05
1.39580261253044e-05
1.55467592932772e-05
7.21594249906014e-06
1.18376695810922e-05
1.60095513471832e-05
1.10089566623671e-05
1.56702520122231e-05
2.27527515096426e-05
2.68995896261958e-05
3.70885678119226e-05
1.87993076063465e-05
8.27750465276329e-06
1.43764382606095e-05
1.8412168736062e-05
1.2598321972383e-05
2.301218173597e-05
2.37372667520739e-05
1.50722414818467e-05
8.77375714104618e-06
2.33627286394181e-05
2.5323393334369e-05
2.80966666504838e-05
2.34408301350384e-05
2.45768849739528e-05
1.06913706047174e-05
6.41836540629279e-06
1.10502622071168e-05
1.70688382070571e-05
5.9323162870735e-06
1.80600789740699e-05
1.92647853153967e-05
1.57561031926777e-05
1.64222408165463e-05
6.07524587702324e-06
8.33598015042607e-06
8.3368622912134e-06
1.0984026303671e-05
1.9388911032491e-05
7.60314095036205e-06
9.14874849617929e-06
1.93930549225675e-05
1.30972670236098e-05
1.34975983970715e-05
8.04332097672985e-06
2.83734132837262e-05
1.07875680038392e-05
1.3371709073736e-05
1.77590652982996e-05
2.82860255486584e-05
1.91570445690933e-05
1.93319275897815e-05
1.75303158373575e-05
1.11343252361158e-05
1.03625926385476e-05
1.39604873432342e-05
1.12969817940641e-05
2.04999188048805e-05
6.01947187870126e-06
6.87750391522957e-06
6.09898025506684e-06
1.18763751771312e-05
9.6194609932305e-06
3.31819759986121e-05
2.04156757900534e-05
1.65020633716523e-05
2.19814201903298e-05
2.41811543029712e-05
2.29626813456895e-05
1.76081293357995e-05
1.29264863780022e-05
8.11772973128886e-06
9.94715657839167e-06
1.23522348261899e-05
1.38036522760642e-05
2.4127044260452e-05
1.64933693102133e-05
7.62733384691138e-06
1.72060280686589e-05
7.58238146398564e-06
4.26277704516594e-06
2.0588349910188e-05
9.30944261823528e-06
2.35461686697962e-05
1.49388826465328e-05
1.28898812643907e-05
1.17208813174176e-05
2.07562875494622e-05
9.14662427291719e-06
9.77784710088738e-06
6.00643242111565e-06
1.70043894275336e-05
6.12677070446598e-06
1.67620197065191e-05
2.2938379710791e-05
2.3498949948813e-05
1.93877965425795e-05
2.35446077516128e-05
5.86264626584728e-06
2.46628386837194e-05
2.07726106964973e-05
1.16028318740253e-05
1.08233998149597e-05
1.77148313897666e-05
1.7234100879843e-05
1.33928723552507e-05
7.78650130399941e-06
2.62260094195682e-05
9.8534508148998e-06
6.98636341303007e-06
1.94487931858828e-05
1.63051130721604e-05
1.9493805375998e-05
2.63455714091153e-05
1.99223872913854e-05
1.71297415729823e-05
1.74290257541999e-05
1.56437422222164e-05
9.28884236709233e-06
1.45055641216676e-05
2.58940356994343e-05
7.69247988180234e-06
6.05381778470349e-06
1.47462868921032e-05
1.00366083253684e-05
8.88861292293418e-06
7.30995296362711e-06
1.69059669456158e-05
4.83034484645352e-06
9.57617329260896e-06
2.06091094230203e-05
7.27065863146835e-06
3.09855040009307e-05
2.00700518485546e-05
2.44199636653854e-05
7.45125706557216e-06
1.10556110493132e-05
3.24735803556237e-05
2.73653299779962e-05
4.08055596455641e-06
2.69551667350075e-05
1.57143721755683e-05
2.3411494623045e-05
2.19141662603427e-05
2.3355242992063e-05
1.94932797960599e-05
1.95251787519481e-05
2.45991615986828e-05
7.21001399632266e-06
6.00891037364794e-06
2.92846508351004e-05
2.1347261542171e-05
6.00423894362082e-06
7.58670382462262e-06
2.51585762082098e-05
6.96320465134113e-06
2.42414348577661e-05
1.4450242068596e-05
2.15289263836712e-05
2.38982978165777e-05
8.19266709617127e-06
1.02741576238707e-05
1.73353715908311e-05
1.97899739507868e-05
6.51939405506135e-06
9.20204604674829e-06
1.45190614231454e-05
2.46754279221648e-05
1.39026440339021e-05
2.1749387605184e-05
1.71393375919946e-05
1.75027918815295e-05
8.19200237438115e-06
6.15228689287037e-06
1.31126452139916e-05
2.55832224997221e-05
1.58195071328011e-05
7.34397566567123e-06
7.21501626958735e-06
1.06847048896567e-05
1.09326951683184e-05
2.72151412314176e-05
1.5562161299937e-05
1.11197517398832e-05
2.64976114561049e-05
1.60520410370879e-05
1.42951376351513e-05
2.46142679524191e-05
1.47443690987047e-05
2.07355299531866e-05
1.82943733293163e-05
2.35534649312962e-05
3.55915050707041e-05
1.37926503894168e-05
1.78703599068386e-05
1.12443231092807e-05
1.67257356144941e-05
8.19175302140706e-06
1.42620871519589e-05
2.09054511768988e-05
7.80092962861488e-06
1.89533794369617e-05
1.66051882678052e-05
1.31276316667202e-05
1.49854795003221e-05
8.45242452594683e-06
9.80572232312281e-06
1.77052470097932e-05
3.56728932274534e-05
2.61797599181037e-05
2.01269257415216e-05
1.74932324013832e-05
8.47591401944791e-06
1.45148839361942e-05
8.91291449004022e-06
3.08731351778375e-05
7.11584620561023e-06
2.17284352767725e-05
5.079828155609e-06
1.88138821600244e-05
9.99619490317736e-06
1.42157279058194e-05
7.21747668815713e-06
2.67737652680832e-05
1.80224485256658e-05
2.69960428863874e-05
1.55568296342205e-05
1.73716996139974e-05
2.9739830060794e-05
6.05376117926703e-06
1.20710616968365e-05
9.03944867699696e-06
2.21868051413684e-05
1.97675711391165e-05
3.08537051937494e-05
1.03985183229617e-05
1.01728636810474e-05
2.49368643595025e-05
1.35508056163743e-05
1.71480470903121e-05
9.77788143193109e-06
1.67628249414516e-05
1.33944299225025e-05
1.1051580687331e-05
3.79046261839621e-05
2.89981541056945e-05
1.06274589929667e-05
1.33115511574214e-05
5.05674195901184e-06
2.15142715805533e-05
1.94375087376968e-05
2.99066347792051e-05
4.47237278713478e-06
2.79898886900432e-05
2.48082378482852e-05
1.74234290280809e-05
2.45392634275908e-05
3.2372719944514e-05
2.17728513708244e-05
1.79762999256682e-05
1.75463186459879e-05
9.90546080695373e-06
1.31534647574295e-05
8.2420453396629e-06
2.52229130057112e-05
9.73395614024702e-06
1.65272064584868e-05
2.7452106903071e-05
1.10992185460809e-05
2.32760043841018e-05
1.73623534050249e-05
7.7206197253899e-06
2.88315184294086e-05
8.76266199170987e-06
1.75694873498259e-05
2.82576570710506e-05
2.31498330257213e-05
1.55921848537554e-05
1.1792617768149e-05
3.00725393750849e-05
1.48497193808323e-05
1.09695691635515e-05
1.89202763807641e-05
2.10444063701481e-05
1.70788379335001e-05
6.04407436016925e-06
1.73447497826227e-05
1.65549416922504e-05
2.19886312022551e-05
5.64348355777964e-06
1.31794728095198e-05
2.47918750231352e-05
2.96031041833626e-05
1.44284392781966e-05
1.12710903263669e-05
3.79600472523669e-06
1.36489183736017e-05
3.22300299424183e-05
2.25320897743757e-05
1.7498998962377e-05
1.67208055364376e-05
1.8175268627306e-05
1.66136798461831e-05
1.29324661789197e-05
1.56119333081268e-05
2.39507665026604e-05
1.44256955304727e-05
1.50943585226711e-05
1.27059327871032e-05
8.91023818129799e-06
1.56561122311941e-05
1.07331149485424e-05
3.04708874199719e-05
1.01681002139236e-05
1.32678333409997e-05
1.70070329644726e-05
2.19951676263312e-05
1.17665083213665e-05
1.16935842814709e-05
9.57553061556738e-06
1.85976507697554e-05
1.72458757130204e-05
1.2067218683384e-05
2.19304570037264e-05
1.17200773740425e-05
7.06265430466338e-06
7.24179430718254e-06
3.5480377685137e-06
3.88013656946412e-06
2.86302545085637e-05
3.06496312566707e-05
1.44042475245968e-05
9.84467535237458e-06
6.82626104966261e-06
2.01335853581098e-05
5.98865934146085e-06
7.80626570593914e-06
2.10207976611836e-05
7.14917609358819e-06
4.31592306305448e-06
1.90503170875336e-05
1.71880437012446e-05
5.99582251229547e-06
1.6600303490656e-05
1.4288438447909e-05
8.92543967510401e-06
2.52689409751119e-05
7.57004440351053e-06
3.25891691220416e-05
1.78286508748744e-05
1.10208286735327e-05
9.29228267314126e-06
6.10833189068886e-06
2.91839213148716e-05
1.80411625480101e-05
3.9646263304798e-06
7.38274125114251e-06
1.55670015961704e-05
1.41684638264678e-05
2.3908326240776e-05
1.00892804639992e-05
5.86850048530775e-06
4.25474934713409e-06
7.39881199380798e-06
2.09051576378828e-05
1.82709749566128e-05
4.4041148079705e-06
2.83346290201669e-05
1.65908086933722e-05
2.00822812897813e-05
8.65610488694052e-06
1.34743257951903e-05
1.18440080303703e-05
1.81090885246457e-05
2.27542070492316e-05
1.24544254926254e-05
1.5941270261842e-05
1.73613255571233e-05
9.06998480495674e-06
1.57332538446753e-05
1.48656772581001e-05
8.45422268263745e-06
1.22913253386706e-05
7.62441686438437e-06
2.92495959716254e-05
1.67161335378194e-05
3.49595595929647e-05
1.29117373516622e-05
1.39173528946883e-05
6.02042613102966e-06
9.41488008602151e-06
1.57195611769807e-05
1.28684599243597e-05
1.66477212231715e-05
1.20608390390201e-05
3.33753397361775e-05
4.23566044176408e-06
2.82203870849454e-05
6.6349731631939e-06
1.45970729243417e-05
3.30283130928095e-05
9.95158180573062e-06
1.65801131087882e-05
1.67694991064524e-05
3.48660880008474e-05
2.80707165674494e-05
9.67233290976474e-06
1.03389321814162e-05
1.71232521370177e-05
8.63974916434168e-06
1.66625777498584e-05
1.56654137926016e-05
7.84688849613495e-06
1.68976041516916e-05
3.07283068736898e-05
2.13040156315754e-05
9.23945363130726e-06
1.4476605203894e-05
1.40310532193289e-05
1.56613981478535e-05
3.19950908841525e-05
7.88625955492426e-06
1.08376878950957e-05
9.83148789928815e-06
2.04483778782986e-05
1.6111877435453e-05
2.31700805565894e-05
4.07144996884755e-06
2.10232912554669e-05
1.626935708817e-05
9.59907819674609e-06
1.22787075434039e-05
1.12878084772688e-05
7.4046952031945e-06
2.39070794270103e-05
2.20632181774555e-05
1.6468007284501e-05
1.46857790577941e-05
2.36673071736973e-05
3.01487825530814e-05
9.5532601940524e-06
2.36091287502133e-05
1.59257432337192e-05
2.43711494595634e-05
1.81677037925968e-05
7.32159154483482e-06
5.74590611005146e-06
2.66544178274144e-05
1.45811216168174e-05
9.08422577914735e-06
2.96872547675452e-05
2.20343240241846e-05
1.03439858174242e-05
2.18197185987748e-05
9.62661805214361e-06
1.84433686278027e-05
2.76164490468775e-05
2.07864932082053e-05
1.47516625241301e-05
1.62146201887734e-05
1.60956350120346e-05
5.93676045737585e-06
2.44932629778409e-05
2.51120172637408e-05
1.43235037077441e-05
1.40603737715283e-05
1.37037329195645e-05
8.97551970198369e-06
1.52083485202882e-05
2.44661409201447e-05
1.9403768459388e-05
1.54049149110244e-05
2.45133895632594e-05
2.2146732458194e-05
2.73499526650055e-05
1.79851271190453e-05
2.87508766976859e-05
7.17736685504064e-06
2.62076773572075e-05
8.94714603483688e-06
1.44227340664311e-05
1.82844722153662e-05
1.60820417525208e-05
7.52338482231333e-06
1.39443782247188e-05
1.44068341085786e-05
7.52829448153331e-06
1.48854735659377e-05
1.89233831943072e-05
1.46421566335612e-05
1.74453074623751e-05
1.32330121100011e-05
1.49886235325503e-05
1.53221306626503e-05
1.59585433508744e-05
5.97833869438286e-06
2.03828307058212e-05
4.35730351542306e-06
1.71604937825112e-05
2.9418941560613e-05
2.18474879501851e-05
1.32620531686258e-05
6.18428068343995e-06
3.74977958106608e-05
3.06039413504944e-05
1.63461922379901e-05
7.98430448296221e-06
5.91768853661837e-06
1.35777923306827e-05
3.43576086529955e-05
8.68771321308459e-06
1.83186461324301e-05
1.38806078376061e-05
8.30475884974528e-06
2.39331981370932e-05
1.19587282119393e-05
1.15219054589508e-05
8.08287432963986e-06
1.51949967587799e-05
1.08982015058776e-05
1.53297304092278e-05
1.83259728816188e-05
1.53295172565901e-05
1.53689359224812e-05
1.28014146079297e-05
2.56630926752007e-05
7.33558497037261e-06
2.26742337049252e-05
3.21031021559276e-05
7.98998385028382e-06
6.54705345601825e-06
1.84364361056129e-05
2.47249681199867e-05
6.17493773760587e-06
2.72117158109631e-05
9.37613317390552e-06
9.91374814554027e-06
7.89738807298576e-06
1.71860122788202e-05
2.29930954255324e-05
1.48878004431868e-05
1.74065739126704e-05
4.85906602367209e-06
6.55390494923948e-06
3.01737742243402e-05
2.96792870881671e-05
1.68846877050744e-05
1.83743137589962e-05
1.46165326112176e-05
1.35252466583998e-05
2.08387105044818e-05
1.86397253234149e-05
5.42887559972791e-06
1.30218866265511e-05
1.51010132156712e-05
1.7109636704603e-05
1.69146747236206e-05
1.93101094023139e-05
1.96481695053847e-05
1.55288288663224e-05
2.36855734147831e-05
5.56489105326843e-06
1.3265431868834e-05
1.3947294941525e-05
1.72483794586768e-05
2.16248511392059e-05
1.54032134696899e-05
1.02168588529075e-05
2.56404602996175e-05
2.94341770514163e-05
1.54952084729106e-05
1.40514582729971e-05
1.21212913494688e-05
2.19525350830919e-05
4.27599885309424e-05
1.61175271698457e-05
1.00608602261741e-05
8.63565617713838e-06
1.15300230924245e-05
1.26351482134702e-05
1.07595202203685e-05
2.01412378418402e-05
2.38502029979971e-05
1.5532058189643e-05
4.21661155258303e-06
1.46126910754506e-05
2.93212292646606e-05
2.96959029081027e-05
1.6276432523181e-05
6.11463697169051e-06
1.81810133754173e-05
6.95907315340944e-06
7.38000053654897e-06
7.44723951762323e-06
2.39415587392059e-05
1.47419874882586e-05
2.06805635002831e-05
1.05096110970654e-05
1.64810068338456e-05
1.24674303422528e-05
1.58311953517272e-05
1.32498581300025e-05
2.67547093829281e-05
1.05555786086926e-05
1.11436273149803e-05
1.1068443158447e-05
8.11730588630796e-06
1.68152457017423e-05
1.50279296592847e-05
1.77611997326168e-05
2.15160203589982e-05
1.8001958442898e-05
1.69719855682931e-05
2.56235528436768e-05
1.65037243335028e-05
2.67174789960792e-05
1.80321920340609e-05
7.52284125787377e-06
1.00166273424492e-05
3.37076971635793e-05
1.19688054201768e-05
4.68962558599576e-06
1.8517695811356e-05
1.04255667604323e-05
1.29762175210384e-05
2.21971726835984e-05
9.30774067958717e-06
2.52346063616143e-05
3.390064670638e-05
1.65075200827763e-05
7.95053366273502e-06
1.53956383803692e-05
1.10632479202915e-05
1.77088812915897e-05
1.08842329669062e-05
3.07892360588316e-05
1.69951201624297e-05
1.08237459953825e-05
1.37492374039274e-05
1.84313855590243e-05
2.82299720015399e-05
2.7894755156833e-05
1.03238285558771e-05
1.11671811014377e-05
1.99731491308425e-05
1.81415727580152e-05
2.16504229097128e-05
1.84292710537312e-05
9.33120835444355e-06
2.27041049805531e-05
2.06001016623852e-05
1.74649341891061e-05
1.51555895963618e-05
1.06879099619221e-05
3.57425529689059e-05
1.13397186257339e-05
1.71199508700393e-05
1.51122789913594e-05
2.39566801224329e-05
3.51459166334002e-05
3.89712049671855e-05
1.82330784989183e-05
1.08485494053721e-05
1.85272338837663e-05
1.72451455562495e-05
1.07269542153989e-05
1.6818201277814e-05
1.7491284831806e-05
1.44639663799773e-05
2.52608913543475e-05
4.31810320208851e-06
1.55889235220544e-05
2.11056694095407e-05
1.84771293496022e-05
1.89324102822332e-05
6.20142205145491e-06
1.40805776133065e-05
8.94059033495343e-06
1.08518201115025e-05
7.21815568050585e-06
1.43063739758563e-05
8.42662120138179e-06
1.20361595721156e-05
7.20883371001615e-06
1.77205631463342e-05
8.77580765745422e-06
1.7606793221923e-05
1.75127487078624e-05
7.65628282941957e-06
1.99690279081866e-05
4.39548070926631e-06
1.54242822204406e-05
2.21324648899063e-05
1.59149765052694e-05
1.8057364411973e-05
1.51584247399278e-05
1.03003324982646e-05
2.52645067419717e-05
3.09477123808937e-05
1.64807857173654e-05
1.72364949476896e-05
1.76086865086788e-05
1.9486662051442e-05
1.74075949708308e-05
1.71486725153747e-05
1.57353622050277e-05
2.11599575344585e-05
1.52800220392045e-05
1.52180828110933e-05
7.34919362874667e-06
8.54837279848851e-06
1.98805027015637e-05
7.48172442746784e-06
1.06164746913747e-05
3.55816960993526e-05
1.03672365205243e-05
8.40215581851571e-06
1.42760724978332e-05
7.62363457515235e-06
1.42289518398774e-05
7.86787397037615e-06
9.32070595171023e-06
1.18974368972687e-05
2.17707809651724e-05
7.44494452046468e-06
1.56132876867771e-05
1.31854945562283e-05
8.58809859003005e-06
1.52169936478433e-05
1.47190064115637e-05
1.44510143784795e-05
1.46628046208188e-05
5.49711052414766e-06
2.69704560802234e-05
1.14611287856782e-05
8.16646654727928e-06
1.83717145729039e-05
2.01311000181213e-05
2.51379461123689e-05
1.63625268140448e-05
1.01851715340138e-05
6.59874969998671e-06
1.55426369695326e-05
1.66096275812695e-05
1.19411022107842e-05
3.99991117018304e-06
7.1927489062997e-06
2.74870841207833e-05
1.50964405995278e-05
1.14004902119199e-05
3.78358841124347e-05
1.73214181692224e-05
1.91488547452644e-05
2.38880218218929e-05
2.25336610569146e-05
1.53153641349823e-05
7.74211685917371e-06
3.20899674898605e-05
2.31238497244347e-05
6.02260887255084e-06
1.84193563685853e-05
7.10759913220165e-06
1.42675346992033e-05
6.37525836158449e-06
1.1224249194225e-05
2.03695858602963e-05
1.75429278577797e-05
9.41923863241739e-06
1.01620004660441e-05
1.99527078957879e-05
8.90910988928829e-06
1.76990972553937e-05
4.35932174890386e-06
1.03307387677069e-05
2.86911849729873e-05
1.5390882364522e-05
7.3139488823903e-06
5.65340232649494e-06
1.0572539241926e-05
2.06374895944599e-05
2.1855012496696e-05
8.62556717913714e-06
8.70967399368548e-06
1.12121084907822e-05
1.36324004072911e-05
1.99112734079439e-05
2.42508673479845e-05
3.08438702662474e-05
3.08602210381343e-05
5.61551116546395e-06
9.23485776373326e-06
2.53482309251908e-05
2.46577119082381e-05
1.36231663218457e-05
1.71136919931788e-05
8.67222904462454e-06
1.59750276845877e-05
1.44422275699648e-05
3.05293963577912e-05
2.07136495533848e-05
3.34926266578059e-05
1.85594618961832e-05
1.90321301063114e-05
2.22677671197139e-05
8.94762314216257e-06
1.12310091398364e-05
1.46977539450724e-05
9.70195595580956e-06
5.04507592110736e-06
1.0589641958309e-05
2.22884530230521e-05
1.17354077333571e-05
2.24303480973734e-05
8.00685132723957e-06
2.81829874926407e-05
3.31158876384109e-05
3.74102736183144e-06
1.79005112493994e-05
2.25606468549373e-05
7.96265508251715e-06
4.01885301950873e-06
1.22403736187082e-05
1.6890096992946e-05
2.15466646270436e-05
1.58687166537347e-05
1.3799311449144e-05
1.41541850716287e-05
7.57818648759087e-06
1.04723983868668e-05
1.74082663730142e-05
1.38302859073572e-05
3.48237636334723e-05
2.35114066032555e-05
3.96143624152884e-05
2.44864986990508e-05
1.65198820974521e-05
2.37331922304406e-05
2.00103086129151e-05
2.12469040144811e-05
2.34324864809578e-05
1.48470831867391e-05
6.60573855973957e-06
1.90584857293993e-05
1.81691695009067e-05
1.06733543813287e-05
5.64272767165348e-06
2.3570461493883e-05
1.03982436907133e-05
2.26622821578324e-05
1.32521135475485e-05
2.72771341224678e-05
9.90818514388694e-06
1.17831793106142e-05
1.67807494869157e-05
1.65311173031107e-05
9.16465280504923e-06
1.58420539561505e-05
1.08498177341569e-05
1.35522375280258e-05
1.61803243216399e-05
1.66843309931072e-05
2.00750261003402e-05
9.65933156852426e-06
4.13392766846221e-06
2.00274505227164e-05
2.14670308501031e-05
1.05409746977594e-05
7.78018673244189e-06
1.6363165212385e-05
1.89131289316254e-05
2.01863098891926e-05
1.44575218212689e-05
7.46330243074711e-06
2.15347508415265e-05
7.1640449557091e-06
1.66773203642692e-05
2.21410653914991e-05
1.94433646979507e-05
1.31512793273884e-05
1.40783487845618e-05
4.50984177474565e-06
6.19714101536423e-06
2.12018615399533e-05
2.57890690486369e-05
9.51350456497595e-06
