0.000594023466714565
0.000472353069053327
0.000216444830267491
0.000600349241400015
0.000509310105447387
0.00021279200796099
0.000451829867192726
0.000268131304076158
0.000342584359169378
0.000422215108244686
0.00058665203766413
0.000622982590836676
0.000405892775914
0.000286876980919752
0.000296445305908684
0.000784726281540601
0.000113371258372627
9.54442557658516e-05
0.000192126012900156
0.000726643056342497
0.000789835645662681
0.000955244404841704
0.000348117511526587
-8.07838581859791e-05
0.000586447774923086
-0.000174668025181097
0.000438664167537601
0.000516718923094482
0.000176991975348344
0.000465799922749285
2.5867859269386e-05
2.86542830071598e-05
0.000135991191917433
0.000806374622047817
0.000541788501958376
4.8033502309758e-05
0.000319020971049072
0.000672352295000247
0.000434872636047354
0.000238282328817827
0.000184467324572641
0.000473036502538986
0.000524827017758362
0.000149308807213278
0.000696813599795044
0.000278199359455252
0.000854015520343826
0.000164175387074804
0.000503430131545741
0.000453220010042447
0.000519135358381204
0.000480346681197978
0.000557553720261143
0.000285735940891318
0.000647624502938791
0.00055656117197928
0.000376660427260748
-2.85833430646401e-05
-9.75446545863977e-05
0.000894003081142705
0.000589790748520076
0.000399461454153806
0.000240545624235574
7.10252408260632e-05
0.000402145312316587
-0.000328776404242899
0.000192734107012816
0.000326305477133261
0.000484232684088571
0.000306052049239213
-4.21840795470267e-05
0.000747497678801414
0.000426853592038929
0.00042276353163118
0.000461374656836582
0.000379528937099797
8.48371994880803e-05
-7.59581169029966e-05
0.00100483513574148
0.000512821537487834
0.000525161442172894
0.000412502009892426
-6.6127120527135e-05
0.000504146949682191
0.00067137202395049
0.000286600436413385
0.000393793535819731
0.000680185406014467
0.000797146230574632
0.000511296460448235
0.000328922232008917
0.000502620059407398
0.000479947429196445
0.000113561561713747
0.000183921614501332
-0.000342710241614246
0.00101016772706747
0.000427017537630023
0.00121045863832923
0.000139225542846146
0.000405192695535757
0.000597353657780616
0.000402559773431761
0.000514539510926065
0.00052244510047972
0.000189510081506072
0.000629805806647692
0.000175041057637333
0.000758458284282253
0.000687652042213149
0.000342766090694217
0.00057833728958012
0.000441884902095613
9.241999594837e-05
0.000477486990054027
-5.09484391254552e-05
0.000167040881922644
0.000375230723393378
0.000209685245985818
0.000452470451344702
0.000272157773336893
0.000176640968558461
0.000628989946418069
0.000429044326350267
-3.81307164832375e-06
0.000391664735709152
-2.71079102336223e-05
0.000185786410407407
-2.15562662493998e-05
0.000479103721804636
0.000358534982092494
0.000211797822554866
0.000149824036930959
0.000262712235623124
0.0010876705409366
0.000109585060168374
-1.81273218002298e-05
0.000173790605562271
0.000402450094141268
0.000339132778679498
-0.00017476724033101
0.000142160177639649
0.000492906959526015
0.000436657279973955
0.000502519903669792
0.000230966954160831
0.0005357352490875
0.000372648696730811
0.000376061124367031
0.000367127534790453
-6.26122801165779e-05
0.000178066206021937
3.40833048266795e-05
0.000469027742427281
0.00025072958110008
0.000302585602894847
0.000625900563048092
0.000627125245207548
0.000686574830838372
-7.32842738385555e-05
0.000248086864812413
0.000125268838369714
0.000670011815214467
0.000381904289752758
0.000268553699923465
0.00020504444744932
6.97756628558769e-05
0.000228827841403354
0.000316464182149725
0.000458946667383773
0.000580827678029864
0.000388045634128802
0.00062485728104677
0.000390484044878196
0.000180299876176234
0.000618004884215166
0.00045509080194575
-0.000438292851689299
0.000344651349273424
0.000318647983816422
0.000774853408488578
0.000221159145801568
0.000574949197396182
0.000271686164303434
0.000291499886197283
0.000384939689152493
0.000353738522067844
6.61354158150223e-05
0.0001069911841671
0.000507036173671554
0.000439126457704556
0.000228217110345095
0.00077397582702447
0.000656583772834208
0.000354120351771735
0.000440842909273069
0.000605442619517571
0.000557011872943688
0.000560247291588779
0.000370267641166779
2.37234434614843e-05
0.000739694652959558
0.000297811613007636
0.00067925812961025
0.00100426338058168
0.000265301459061591
-2.52237757008498e-06
0.000545172718467392
0.000686194795192604
0.000499704522198154
0.000374378636476491
0.000506498732369426
-4.77481079593131e-05
0.000246980349805554
0.000636541295088269
0.000312709042721969
0.000813131011731102
0.000680499349273162
0.000964310842180647
0.000887205453375903
0.00067488582414301
0.000711469849875502
8.67727617663286e-05
1.70864706849268e-05
0.000448062825365155
0.000307404137426143
0.000786583744339103
0.000735945643382311
0.000322627987254027
0.000466473683059015
0.000671738858015074
0.000303108890564593
0.000280013171412265
0.000918142100132872
-5.57519314495738e-05
0.000501377067562654
0.000472000646447077
0.000288086060898214
0.000467439844846388
2.09333166843477e-05
9.97162348494093e-05
0.000162518619879516
-8.34202874114476e-06
0.000625252013501201
0.000569303753213156
0.000387579720425205
0.000330890520806706
0.00052795258748402
0.000448862460635709
0.000711839880055989
0.000584989850900561
0.00058956025696332
0.000473930504484532
0.000273772310878998
0.000626916356890563
-2.24686776013428e-05
0.000403149179580108
0.000853148855770851
0.000567183769355357
0.000541338746239781
0.000788964110557665
0.000323020196629855
0.000325779707880669
0.000420766894481173
0.000697009549339955
0.000513242417875373
0.000877966023071291
0.000580377013744028
0.00040614385563262
0.00054355998236896
0.000222175960177129
0.000360533167820461
0.000133180404078296
0.000913643639563153
0.000375984348169435
0.000834418758461667
0.000268156638174468
0.00056451548267979
0.000555985335551126
0.000143677459278071
3.78095246889548e-05
0.000414994529722269
0.000597103246170841
0.000450416619040683
0.000453406849163843
7.51525189930423e-05
0.000762583345698597
0.000310770038207489
0.000443603230751456
-0.000171997338780976
0.000398416736569096
0.000220149766931705
0.000518032954837774
0.000622869584900452
0.000125276253608878
0.000820890097061165
0.000449430075364908
0.000421130619235116
0.000545839241175264
0.000244504398280712
0.000951809928179057
9.24228398534929e-05
0.000469849186046319
0.000609946603609173
0.000246627794195892
0.000135860451132227
0.000219665413171543
0.000435115544216276
0.000514523347036614
0.000145300989306579
0.000893960034453879
0.000252217498264298
0.000273064082912273
9.8759354444598e-05
0.000173862416665276
0.000279379222660683
0.000279870827442872
-0.000212304459207183
0.000137030269700672
0.000698453413947105
6.94745528055253e-05
0.000549775728052194
0.000494037813733215
-9.67583568552786e-06
0.000301530836037826
0.000430891527921085
0.000501258300631211
0.000251077903848757
0.000276037022521349
0.0011370398073581
0.000219506005399467
0.000207742529419223
0.000762456557278013
0.000547021523114845
0.000263573670308933
0.000819250019892269
0.000662733336325861
0.000425735389692456
0.000699142197254262
0.000364614788253096
0.000574428243910047
0.000292614724691127
0.00015553615706525
0.000364158720427864
0.000693095799193747
0.00045248790289002
0.000132572774948318
0.00071070326678751
-0.000363115305041071
0.000704436466658864
0.000655998458182826
0.000448311041431807
0.000412181029396481
0.000149770264228454
-0.000360462393603532
0.000374511075663112
0.000875471076050875
7.66990218048253e-05
0.000537770630280071
4.78416269151282e-05
0.000429215584397663
0.000461619451905568
0.000735366662415825
0.000777490036721956
0.000191550347575739
-0.000228249238333079
0.000532610825093095
0.000264177193987762
0.000824431927508067
6.58412781618802e-05
0.000850584988334284
4.52829168376781e-05
0.000166421442604615
8.38513818964021e-05
0.000417459811648852
-2.73108960354229e-05
0.000841552645709871
0.000200705729542044
0.000591895214431018
0.000871369659574528
0.000495568571080155
0.000512143907761517
0.00040646839801502
0.000206314751866311
0.000427468811904854
0.000241967639345297
0.000578109917836126
3.29164575536109e-05
0.00059851017290203
0.000506553411252548
0.000377691796868698
0.000815810015085644
6.65364716586716e-05
0.000805457487163479
0.000634250156407304
0.000482590416524469
0.00038430369945557
0.000257908169977853
0.000487361237440242
0.000550138096426779
0.000254555276938468
0.000382489694482745
0.000208894244181999
3.44224381004066e-05
0.000122691556362096
0.000965432079323746
0.000269938638679979
0.000168589723920822
0.000457630651898474
0.000512027433206
0.000298913974970715
0.000454774545685334
0.000244775690111557
-5.60588467033896e-05
0.000220594872692284
0.000432175656740523
-0.00065244984208864
0.000887827717580355
0.000593548777831771
0.000411001592998253
0.000302176422622422
0.000522345109737163
0.000298013528424751
0.000463918877472783
0.000328126933803986
0.000516736055999254
0.00114426586201434
0.000202763356646852
-0.000178373841917242
0.000302732794654673
-0.000107387878092531
0.000369627206429719
0.000131577975494793
-0.000126296219594706
0.000640731200980952
0.00073761183557542
0.000379037420182859
0.000647500574176667
0.000603292863400135
0.000268415744293306
0.000140432457808895
0.000451852454644889
0.000853522239986064
0.00104387809305984
0.000347868476476202
0.000358482451742592
-6.02776411004136e-05
0.000499778841448311
0.000513527705833015
5.69409462679039e-05
0.000113483171928244
0.000473153234786113
-4.09155179110985e-05
0.000558264949114046
0.000214953700117913
0.000291858118463818
-1.65041101456196e-05
0.000927414898899883
0.000400132498834981
0.00023380623382321
0.000636431428553452
0.000399350952213578
0.000747675874207042
0.00022620320726432
4.03031427370952e-05
-1.69880195650769e-05
0.000618520493874362
-0.000143152077642242
0.00026329582938903
0.000225356664428792
0.000200607157257163
-0.000164707274669113
0.000350300527213022
0.000189479480796616
0.000151042963750974
0.000269068699924574
0.000206586047558338
0.000474149483152249
0.000623800092277609
0.000835166447884565
0.000796762548714823
0.000358196231635402
0.000537671418487408
0.000617233354653432
0.000568665351737206
0.00024046063961811
0.000423400125264165
0.000326259861814457
0.000325309404031863
0.000475543085315275
0.000274923389215144
0.000446287437340441
0.000382678966291584
0.000280794448133934
-8.98979034017153e-05
0.000690592757192993
0.000452399067282562
0.000312509518740996
3.99341745084961e-05
0.000415258239192115
0.000223828013488756
0.000203326301325494
0.000472821085497518
0.000185227418494085
0.000165827150004083
0.000504413433001632
0.000863088035415234
0.000363484320723439
0.000254758558852301
0.000838326231488784
0.000825574549093872
0.000655095908550665
0.000227188111231235
0.000496151293721697
0.000236726235894324
-0.000287737340618881
0.000611598647513274
0.000171245929291393
0.000474850204120677
2.17304203455745e-05
0.000821616188811737
0.000163628823133992
0.000315527543030353
0.000572317736056912
0.000254139902521043
0.000307277495950459
0.000670338130925186
0.000900775635495974
0.000539182879165988
0.000164517876874816
0.000753442616438479
0.000835824418866978
0.000860126915466497
0.000354430341351628
0.000303442472556638
0.000571769753061081
0.000320284421177991
0.00091741881588779
0.00049333668998213
0.00027447175645437
0.000270626128981067
0.000494549384580916
0.000447700483399976
0.000650281560390727
0.00049454415703567
0.00069718887662101
0.00014281827069634
5.74359645177798e-05
0.000463789017141445
4.95994191528008e-06
0.000731717549162159
0.000518890601172049
8.30678158185972e-06
-5.20592190663631e-06
0.000758429538322394
0.000524976762367058
0.000370317832819988
0.000423431562710529
0.000441282852385513
0.000525149820947605
0.000527536890806768
0.000634852904260128
0.000260003446007722
0.000308184781664206
0.000450736256895449
0.000360032576101385
0.000261667965504584
0.000487658491220848
0.000752097343527604
0.000469978345773773
0.000526857760172104
0.000851897523292945
0.000325904916716001
-2.3575032920168e-05
0.000574505734648372
0.000221002899900234
0.000414669689621573
0.000450044814134932
0.000626574031787372
0.000424133845881838
0.000504887641978806
0.000138806236216089
0.000321157773356611
0.000460901352361474
0.000607378776367809
0.000874360786245282
0.000709435456018148
0.000697530371669808
0.000389906712134196
0.000202971974079515
0.000520865665989654
0.000400584366798258
0.000106340998907927
0.000376947989312605
0.00106398961500387
0.000101833042361188
0.000443621719894804
-0.000115854035807277
0.000303838193175411
0.000358158564332508
0.000166996223911485
0.000635344004359931
0.000413721114697968
-3.34053335050193e-05
-0.000233733221404765
-6.63480973535891e-05
0.000186272708256195
0.000462735965726721
0.00015450555365393
0.000416362535624906
0.000334287465939052
0.000283064663677195
0.000884105529565122
-2.043712386598e-05
0.000275673062696379
0.000215022552729277
0.000167748765004609
0.000626670487876436
0.00031278734074039
0.00100371965841206
0.000252661066044402
0.000556814235826127
0.00010535304826534
0.000458442203887896
0.00045109698332905
0.000627670364747693
0.000191270530090283
0.000899864334476359
0.000405571861596737
0.000780131358069367
0.000586321428221526
0.000545723470944132
0.000577986395710387
0.00100562686107791
0.000507986927727592
0.000324019983689182
0.000884805377224857
0.000693379196396674
0.000260200850650491
0.000253472196029866
0.00065198176833128
0.000598461447599248
0.000237541936552498
0.000640995801631198
0.000775313877192565
0.000418026433772822
0.000271236992543538
0.000727185469392323
0.000389034337939834
0.00042747446956201
0.000573452618562161
0.000668437110388759
0.000316321614033828
0.000831284749305418
0.000854694561077139
0.000358833807132602
0.000559680971376507
0.000129262639788717
0.000536454138721393
0.000591795670418816
0.00105857108765981
0.000254228302299275
0.000394526916506512
0.000299286517534255
0.000300516092392692
0.00013611330873633
0.000726208767107687
-0.000178822601048787
0.00046531800971
0.000457156867412159
0.000321153544731715
0.000626246275598823
0.00064291174484379
0.000167808554474449
0.000486998130456036
0.000455177217702648
0.000130195304387749
0.000231750015637086
0.00043247212345724
0.000331776305414574
0.000472687313392003
0.000159758577257319
-9.54893966917667e-05
0.000363904859118163
0.000383742562749959
0.000638357770942985
0.00104913692417188
0.000235996363218204
0.000210119855486735
0.000360987679938003
0.00081724521868235
0.000396088474549669
0.000664617339713426
0.000174008593166938
0.00050164485095948
0.00060095735716484
-6.22958507646969e-05
0.000424796939892158
0.000300620326142637
0.000448614124999551
0.00021929096814007
0.000358540141596006
0.000724014311462583
0.000782145837286216
-7.69397971212051e-05
0.00025255399208103
0.000189696473339051
0.000866434422064982
0.000297892870841218
0.000370436677049073
0.000296279285532942
-0.000162065932417524
0.000359901358510337
0.000415641452123308
0.000366290388676906
1.79132913007848e-05
0.000210466485614548
0.000218719447883841
8.14510901359557e-05
0.000141731557211496
0.00037574997797238
0.000182428805144038
0.000755034184140811
0.000156877528914778
3.95735758164741e-05
-3.14471763590808e-05
0.0001419849901801
0.00063480588473529
0.000540822052243282
0.000257447074755937
0.000588527382922808
0.00077666932234976
0.00017911796169226
0.000690020245901665
-5.85107516033537e-05
0.000588693685587501
0.000406974674685745
0.00064756795077439
0.000270057312314508
0.000333503007899127
0.000551797028305158
0.000473160652484483
0.000403962144908098
0.000333777987972729
0.000510213204871493
0.000163609614548924
0.000147000130511762
0.000335801175686926
0.000169369996390069
9.27247985274172e-05
0.000215300837601729
0.000133632804285732
0.000689080637997088
0.000303063821263794
0.000326214852458637
0.000692393169537545
2.99340833773922e-05
0.000871733702949008
0.000328146488478324
0.0005014489420603
0.00044159062177707
0.000324803296007426
0.000511375533506282
0.000760047190083638
8.68247981812772e-05
0.00037982609494629
0.000170498793721092
0.000494143908982031
3.25345838441589e-05
0.000747649946550956
-0.000158269415671162
0.000458452173961491
0.000477061884750925
0.000325042831971402
0.000172662504368842
0.000345741075540948
0.000209485468945501
0.000446067295415158
0.000470594682330365
0.0002263527220593
0.000146832547715724
0.000378628184250913
0.00110376485139709
0.000783623685230862
0.000612832059557602
0.00089328378346457
9.3275195946081e-06
0.00091623783334696
0.000397194520173879
0.000366769722344404
0.000245026355698914
0.000227002011279932
0.000630536556721594
8.44913729649987e-05
0.000915800941294019
0.000788547246078073
0.000166965321586581
0.000363489429431009
0.000270147687879247
0.000139467587887666
6.90147662728476e-05
0.000939660945682974
0.000678758465127614
-0.000112200647201685
9.7421376471708e-05
0.000151760975716371
0.000440199422035024
-9.98367061374375e-05
0.000444504546274259
0.000270331237090287
0.000379744977820673
0.000264918405698735
0.000630769626074222
0.000311905784070737
0.000655715087382902
0.000130675508866021
0.000217439819638946
0.00017256336566621
0.000362391194998039
0.000177326806241748
0.000553134191706042
0.000327970947268159
0.000278079542025283
-0.000402373667343514
0.000165445504836603
0.000196711868912632
0.00062528513218342
0.000359981835084153
0.000341531315112007
0.000884699082531009
0.000303331538299118
0.000180252908861745
0.000136033262958161
0.000536821603888855
0.000440841919727986
0.000116340829285505
0.000451637302945139
0.000488928910685229
0.000785302331962815
0.000257289733343725
0.000619927475790038
-2.63450056820371e-05
-0.000146150889061682
0.000395203777669603
0.000355587575693071
1.62985168655932e-05
0.00056416963511245
0.00054195232544945
0.000588607448478234
0.000318254547239555
0.000432398986801573
2.10213979440133e-05
0.000136915665275227
7.70456738305612e-05
4.63480191059401e-06
0.00171097523275201
0.00023022084201124
0.000441556362523969
0.0008260640808387
0.000611625750969237
0.000156422373505161
0.000592563020785741
0.000480927750323974
0.000409373171290472
0.00060596406806524
0.000513958411655238
0.00076848602012299
0.00101532969912888
0.000276423384528785
0.000446954474140701
0.000270667133409209
0.000284595758874324
-0.000460985114700048
0.00085129316485871
-0.000123002985337496
0.000699163510834079
0.000664024024956127
0.000591086417216925
0.000327803688120317
5.64278976727063e-05
0.00027721447249405
-0.00011821519658692
0.000197888595959768
0.000757837943714046
0.000309502258743783
0.00031762462767568
0.000367296934347013
0.000634059646838469
0.000201676650389654
0.00020646157701912
0.000536982773360984
0.00034441901148107
0.000333506575496493
0.00030391550847674
0.000670873624189003
0.000565433499081952
0.00067398981192887
0.000330591837590724
0.000171605765996577
0.000610215904033642
0.000364546133147879
0.000408970378750258
0.00072785336498381
-0.000417310268773706
0.000163412829629491
0.000298820075289883
0.00016724735127307
0.000164931833676399
0.0010285098105228
0.000712498411974583
-6.66589919176093e-05
0.000813139549233757
0.00039948241946419
0.000383580776204505
0.000539685375576004
-0.000147057479568687
0.00101836976377676
0.000139146568635523
-0.000154781460157928
0.00052371046063573
0.000785548446314826
0.000552164439717841
0.000481149345567175
0.000566889100004636
0.00106763412735499
0.000454006122285521
0.000829307592707329
0.00054420640035709
0.000403012545570738
-9.04718449816481e-05
0.000311942994280073
0.000435164526253593
0.000348167447748457
-0.000469298283002862
0.000390502546205719
0.000332990504075134
0.00028053334955267
1.23506833390269e-05
0.000424117659069284
0.00062070602502478
0.0005987205202073
0.000411753277931569
0.000929749108301225
0.000212944874736379
0.000183852877417647
0.000629686076293138
0.000511992158136287
0.000221455313357727
0.00022984926671491
0.000829039094063149
0.000364833476428982
0.000810315207976993
0.000389480043764315
0.000172584215891769
0.000552718261540788
0.00026423725745943
0.000505863649413049
0.0002809808329047
0.000155406128436853
0.000546745658967679
0.000401495077099391
0.000727785534759525
0.00061565542913337
0.000503286581029112
0.000678331496435473
0.000825893662933585
-0.000208727936783469
0.000354221927274837
0.000245933081979314
7.43647295202942e-05
0.000548322602944467
0.000611046866559632
0.000595536221784184
0.000201680990676574
0.000649352516595495
0.000484167416722362
0.000358539638482289
0.000718655796171056
0.000889783777780264
7.48825087585222e-05
0.000592057406928924
0.000296381774373146
0.00110184436176472
0.000865954804843958
0.00086628074934301
0.000395998851644347
0.00042088006720213
0.000771004629780129
0.000558223508741068
0.000662855221575564
0.000687632649248549
0.000579226823810089
0.000619304951525817
0.00058494536908279
-6.73903309900681e-05
-0.000103629594337842
-5.23181210048984e-05
0.00021823874457902
0.000562633346626782
0.000369392874703717
