8.02149416379599e-06
6.79230322000317e-06
7.44669901820409e-06
8.50876784345985e-06
8.15075841805586e-06
9.63899800246904e-06
6.89384715137879e-06
5.6869354159726e-06
6.13597972137739e-06
7.26625341004209e-06
6.28533926725612e-06
7.63352636923388e-06
7.51346640185671e-06
8.32840115698249e-06
8.66442995089653e-06
5.61649362865687e-06
6.57691889066184e-06
7.18605962736755e-06
6.93043075452356e-06
7.10267424879718e-06
6.92670345907483e-06
6.93131517936621e-06
6.59775818159018e-06
6.83226913429992e-06
7.79873479352354e-06
6.99956165216753e-06
7.20266421338143e-06
8.5419929504442e-06
8.54129688811677e-06
7.86537961267549e-06
7.43636841092607e-06
6.80699922108005e-06
9.41528382060691e-06
7.35040828348921e-06
8.10266362803007e-06
9.32149759065048e-06
9.22061267103589e-06
8.74490513765701e-06
6.78183555229973e-06
7.83319975168812e-06
7.54948759541356e-06
6.07052713985077e-06
7.36900399760072e-06
6.58003005166761e-06
7.69851970315337e-06
7.52282830863029e-06
6.68096204030286e-06
5.83201696103467e-06
7.52812571667269e-06
9.75339271882889e-06
6.04665734681956e-06
6.60422925386092e-06
8.61031169758823e-06
6.98133320422577e-06
7.56943507544803e-06
8.9434060201663e-06
7.76691266338842e-06
7.75825723166485e-06
8.49143238763937e-06
6.13582997282343e-06
8.20793826075791e-06
7.29271356846327e-06
8.32551721642955e-06
7.74495810117287e-06
7.85019538882708e-06
6.83774369543905e-06
8.18344600550904e-06
9.02196033660685e-06
8.14420879298399e-06
8.89651864292817e-06
7.98957296601542e-06
8.45747760471151e-06
7.22744843974912e-06
6.35663157419237e-06
5.89450492135918e-06
7.00721083482004e-06
6.8931469425906e-06
8.00229102478392e-06
6.14505047641031e-06
5.62076484276602e-06
7.66213239515005e-06
9.13658823410358e-06
6.801473187177e-06
7.22408292265595e-06
8.37744129734244e-06
5.70473444922015e-06
6.56883008192836e-06
6.78533098209178e-06
6.63983694504849e-06
6.15307984758155e-06
8.37657239340167e-06
7.53123578462257e-06
7.40207982214376e-06
7.38789384213356e-06
6.96749490926901e-06
7.02102256624705e-06
6.15510220323109e-06
8.68504081303092e-06
6.5049380036483e-06
6.02992691820204e-06
9.04938821560943e-06
6.42217494950991e-06
5.65455191239495e-06
7.54565117578854e-06
8.9680764160035e-06
7.18087528049261e-06
8.51024924787822e-06
7.32329116957769e-06
8.86787015645393e-06
7.02103089642758e-06
5.86950948358191e-06
8.81289507595827e-06
7.96055054064285e-06
7.8765265859648e-06
8.82761299268753e-06
6.85531377165877e-06
5.4964636363198e-06
5.60578423035413e-06
6.65491893798432e-06
8.9927612727578e-06
7.84775728559931e-06
8.42476061791883e-06
8.32689344928097e-06
8.60478636447753e-06
8.06262136450303e-06
8.25139268161801e-06
6.96423267262229e-06
7.79819398945115e-06
7.75071098703211e-06
7.65975883515463e-06
7.20312352745075e-06
6.27041248166019e-06
6.93929935306438e-06
7.35941418493602e-06
7.76434396428304e-06
6.61307010210417e-06
7.69966664183619e-06
8.2671802322001e-06
7.28048173366674e-06
6.66678303039873e-06
6.87411988592728e-06
7.59529399447769e-06
6.53280808713885e-06
8.66340478779408e-06
5.93270115857391e-06
7.71053249910065e-06
8.87360889865258e-06
7.80325329579889e-06
9.14508959250939e-06
6.63817697066403e-06
6.97725622311467e-06
6.2652995279972e-06
6.19689392792399e-06
6.97100481994043e-06
6.52089854495649e-06
6.600626661491e-06
7.59081875143542e-06
8.52736767024236e-06
9.6453859229869e-06
7.02787017146324e-06
6.82998225298897e-06
7.75655360045303e-06
7.93374025544455e-06
7.69664428771259e-06
6.3175955321453e-06
8.85121538486287e-06
6.6246153386641e-06
6.38883574033026e-06
7.39251495633199e-06
7.18115089353106e-06
7.19343151787598e-06
8.33061077351738e-06
6.3404555804988e-06
6.95193991134439e-06
8.2901228652798e-06
6.26853282000623e-06
5.94684740332907e-06
6.50570874142645e-06
6.31917796738223e-06
8.61786526845754e-06
7.15005367699846e-06
7.17672493794248e-06
6.96920526254353e-06
5.90156057042775e-06
9.40989111018445e-06
5.75356045294145e-06
8.54990452968095e-06
9.4993185633982e-06
8.54863157387182e-06
6.87250648921841e-06
6.85234072343762e-06
7.36817071073517e-06
7.12768774948857e-06
7.29621512576217e-06
6.80886284929015e-06
5.30332062533255e-06
9.72569596704033e-06
6.40648596739921e-06
8.44324442973918e-06
8.98969105140449e-06
7.04131044728163e-06
7.33946721070821e-06
8.57531620494878e-06
8.68299958809699e-06
5.69120869878499e-06
6.5372520583492e-06
1.04368302401041e-05
6.55988148562772e-06
7.67411775451457e-06
7.05536055842399e-06
7.75711650317477e-06
7.31128500205344e-06
7.21358856741665e-06
7.41495582785927e-06
7.59557699809214e-06
7.69829557857479e-06
7.60065107801009e-06
7.02163026469536e-06
6.85304151346845e-06
6.37342843263058e-06
5.15334966086682e-06
8.36958146627415e-06
9.14143976727585e-06
6.32215558683911e-06
5.79288611299059e-06
8.62702566442231e-06
7.17512091967461e-06
8.91908658740174e-06
7.10247090490025e-06
6.43830155539042e-06
8.76561859626685e-06
8.70863044002845e-06
8.86083393317059e-06
7.19946352321187e-06
7.55722919227089e-06
7.07782812118691e-06
7.40700009992211e-06
8.06010781308632e-06
7.34021368079084e-06
8.14628007875327e-06
7.68539881515225e-06
9.28615854071602e-06
6.65662250457064e-06
1.01337428298616e-05
7.42469530596726e-06
7.91264364432483e-06
1.05584862780116e-05
8.6399277949922e-06
6.50115880300396e-06
6.35124049310828e-06
7.48544567256078e-06
7.82256432137612e-06
7.12703219069265e-06
9.34846862759837e-06
7.03593428025935e-06
6.22725434712441e-06
7.28696294487345e-06
5.54320233290123e-06
6.20749577365374e-06
6.35206174785575e-06
6.00765810457172e-06
7.55136873518992e-06
6.88072566603091e-06
8.46049799168806e-06
6.92134154298797e-06
6.01988613837166e-06
7.90040875709637e-06
7.25282435566915e-06
6.51446840723468e-06
8.01243870784829e-06
6.89059960349234e-06
7.66576045554727e-06
8.84107736124424e-06
7.83661681022673e-06
7.96534703468797e-06
6.96714064507351e-06
7.33371869515942e-06
6.2069169531189e-06
6.61487298784168e-06
7.67550863088432e-06
7.78972491576453e-06
5.81112178472266e-06
7.15145681240007e-06
6.87579041889783e-06
7.28268565315583e-06
8.41980858796572e-06
8.4843553523067e-06
7.6630029637684e-06
7.43699517429714e-06
7.41987315707763e-06
5.80901761855279e-06
7.07806033091807e-06
5.9118155574607e-06
7.01998999484157e-06
6.81107100844196e-06
8.84704525062955e-06
7.44827404090731e-06
8.6065240451992e-06
9.04960351263055e-06
7.18894086093082e-06
8.47556910467705e-06
9.41173740482254e-06
6.10830381346974e-06
7.6394503364513e-06
7.56671272213487e-06
7.00303477018406e-06
7.38574457236105e-06
8.35830473811988e-06
7.09832954346032e-06
7.72684237230494e-06
8.9876172458678e-06
8.16414802641135e-06
7.79732647137106e-06
7.7578325890336e-06
7.68611661820775e-06
8.75766800868215e-06
6.89259499950932e-06
7.8550802239e-06
7.26207869090494e-06
6.99576963464449e-06
8.44689666458685e-06
7.04554988742604e-06
7.60147355703349e-06
7.59509461370492e-06
9.47495483834674e-06
6.00381617811519e-06
8.62985871504597e-06
6.22220462669822e-06
1.02031072454942e-05
8.41361483779164e-06
9.02955684385858e-06
7.20081427536205e-06
5.88085728149977e-06
8.16522280277169e-06
6.59123247205035e-06
7.48935414913371e-06
5.9587586363617e-06
9.06774869230014e-06
7.42332583115799e-06
9.24176896525858e-06
7.34683284351247e-06
6.74639624830693e-06
7.38514687999304e-06
6.60436340558201e-06
6.5693437860211e-06
8.36037241016926e-06
7.14912082548068e-06
6.32369651701599e-06
9.08589904413995e-06
7.38007342145564e-06
5.90365395043434e-06
5.14500063114043e-06
6.98616520031169e-06
7.43453262461129e-06
5.99948141926143e-06
8.1005287501952e-06
7.77385708193552e-06
8.02002602955521e-06
7.3687466436387e-06
1.06202335991219e-05
8.57227153887722e-06
9.12901506345039e-06
5.88034758677691e-06
7.7399577726868e-06
7.73331099473804e-06
7.94454419872182e-06
7.10673056561665e-06
8.49360101815385e-06
7.96803727208501e-06
5.75446620715103e-06
5.68085479783351e-06
6.9487201198396e-06
7.96553491012164e-06
6.81718840654529e-06
5.922128762176e-06
7.24309993965938e-06
6.87060619354652e-06
8.39422273309685e-06
7.67290362880938e-06
6.13295366359248e-06
6.65854876638839e-06
7.37688632250737e-06
7.33524352465554e-06
8.40517238512064e-06
7.84250864670317e-06
8.69970236223279e-06
8.08340670403834e-06
7.07046921480453e-06
5.01552007574982e-06
6.67139337320085e-06
6.32872494016064e-06
6.87525951902101e-06
6.88213964422127e-06
5.9010283154909e-06
5.99331369760449e-06
6.81264009374401e-06
7.61264059214251e-06
5.25936362757905e-06
6.84118051121538e-06
7.39265806425123e-06
7.51469590154499e-06
6.89718021922358e-06
9.07396646526235e-06
6.2924081730073e-06
8.96972393901297e-06
6.52383231375845e-06
6.63671413238805e-06
6.22351732574839e-06
7.17094800798525e-06
8.22757066902404e-06
6.49741498692381e-06
6.57496778649663e-06
6.23737903616821e-06
8.29314893364875e-06
5.69473506054688e-06
6.32990048845515e-06
7.34489264183631e-06
8.40940973045487e-06
7.16242885650913e-06
7.23931602420985e-06
7.95343983865238e-06
8.02296133376941e-06
6.81722706209911e-06
7.05587308293019e-06
1.15949527838288e-05
6.55542502569422e-06
6.39540535223911e-06
7.49442774214045e-06
7.02909002854591e-06
8.4643917047568e-06
7.4023562909065e-06
8.81668932443126e-06
8.55875397999983e-06
7.36553778164854e-06
7.18250995089916e-06
7.39729688845075e-06
6.70038693460014e-06
8.46407853403825e-06
6.27424976907598e-06
6.60021973960729e-06
6.15811890274284e-06
8.08361850115088e-06
7.98178475605212e-06
8.08819252910369e-06
7.09030436530847e-06
9.12164608221971e-06
8.22128803982375e-06
6.64776194328195e-06
7.94700766070014e-06
7.01337976638512e-06
7.12354876455123e-06
8.98625561021738e-06
9.07516428583713e-06
7.49331825367733e-06
6.11745549910565e-06
6.11239918386346e-06
8.14844073504251e-06
7.38070604695271e-06
6.53010461397462e-06
8.61406881458808e-06
7.9902136494852e-06
8.56506071558904e-06
7.56197110421197e-06
8.00097567622336e-06
7.11806070645721e-06
7.70387745046503e-06
6.85930675769552e-06
7.63702995304609e-06
8.00154131080957e-06
7.84775220491532e-06
6.74509369781552e-06
1.10424202390255e-05
8.30610659701792e-06
7.42272662457715e-06
6.75054449671662e-06
8.39726864172037e-06
7.45423004942603e-06
6.72834110103615e-06
6.48814295544903e-06
8.80702669033176e-06
5.84616387578769e-06
7.3343326286767e-06
7.39663491681552e-06
7.87309233591662e-06
7.72952621346797e-06
6.35318208319427e-06
8.64451567775443e-06
6.18965162467316e-06
6.09246872466641e-06
7.89091239914196e-06
8.22431557216695e-06
6.35809234336881e-06
7.89203836425608e-06
6.94123713910183e-06
7.52222688397593e-06
6.51885921302342e-06
6.881730734969e-06
7.8011241733404e-06
7.81986448602802e-06
9.67986829603575e-06
8.84071051287132e-06
7.61068556412048e-06
8.16425227837322e-06
7.98219554305899e-06
8.27219425921696e-06
7.87469720122433e-06
7.347063457617e-06
7.90582318095194e-06
7.24676716289957e-06
5.82794309214246e-06
7.45715087638054e-06
7.99788447523066e-06
8.57800021597598e-06
7.35022420363294e-06
6.52559367797539e-06
6.36810633625269e-06
8.22542653380012e-06
7.90443411432345e-06
6.52253288080002e-06
6.7384293756594e-06
7.98065834728766e-06
7.53984073113416e-06
7.74707480754904e-06
6.27929632744277e-06
7.10870225180955e-06
7.08662699488841e-06
8.46574537915328e-06
7.68215598728477e-06
7.34793322852943e-06
8.09597698331748e-06
7.46974821527619e-06
8.30185008985243e-06
7.3821437066435e-06
6.2403706804352e-06
8.95207853793398e-06
6.71057721934271e-06
6.80438819593278e-06
5.79768611410425e-06
7.18744954111995e-06
6.54269976807268e-06
6.29868681666805e-06
6.9342326747382e-06
7.74491514983581e-06
8.18788565122469e-06
7.25356833459899e-06
7.53419504276285e-06
8.07758334771077e-06
6.94907660738828e-06
6.78877766820102e-06
5.69082969285316e-06
6.90101568219142e-06
7.00433632641316e-06
6.61895769907554e-06
6.64810247740374e-06
7.11957532216988e-06
7.03715814281148e-06
9.56722695171357e-06
7.77651915725784e-06
9.08797517951319e-06
6.93405505944782e-06
7.02778861227418e-06
7.98840348132811e-06
7.05505539633798e-06
7.26212464237746e-06
7.16677199728275e-06
7.50061829461622e-06
8.30016900563368e-06
6.26382966756307e-06
6.31018021584817e-06
5.08092704354671e-06
5.21548233599364e-06
7.37450357751241e-06
5.91537657339893e-06
6.7653705366735e-06
5.94780312713852e-06
8.73386432231395e-06
7.77667102139614e-06
7.43465172079866e-06
7.29695935633181e-06
6.95407426190041e-06
6.47248416876052e-06
7.28147015311869e-06
6.12455610608481e-06
6.24262510857707e-06
6.09851383269764e-06
6.40216913749762e-06
8.81627347864849e-06
8.31876420146075e-06
8.00744396090628e-06
6.55903406297151e-06
5.52380239959718e-06
6.41139465425912e-06
8.38850148160931e-06
7.12908363995429e-06
7.18129696012131e-06
7.71136810932952e-06
6.36802119659503e-06
7.21320922034172e-06
8.03802544090342e-06
8.1396197904303e-06
6.57403183338997e-06
8.53109422001209e-06
7.53982094516864e-06
7.16788307363772e-06
6.75900179343169e-06
7.82626768283742e-06
8.47479785249131e-06
6.50727233348214e-06
8.38451743765147e-06
7.32004162537488e-06
6.39326429409753e-06
7.18894260496817e-06
7.63199198335735e-06
7.47775812847822e-06
7.39954079488428e-06
7.51902828625652e-06
8.31949079842145e-06
6.62626403570207e-06
6.93059615443795e-06
8.73507030450041e-06
6.26694779876849e-06
7.04303291342243e-06
1.10735313861504e-05
7.42009354503455e-06
6.549542253505e-06
6.68370986891859e-06
6.10299628207965e-06
7.92779710328251e-06
7.32059028564557e-06
6.86550945470137e-06
6.47389351446726e-06
7.17662353561326e-06
8.29800725718645e-06
7.80882655941081e-06
5.83094389781938e-06
7.03824147588409e-06
6.59542645059297e-06
6.22724450355763e-06
6.94846208011176e-06
7.86796824803637e-06
6.91102967378267e-06
8.80513195086049e-06
8.51607317514815e-06
7.35936299958821e-06
6.70995384366273e-06
7.30586779709939e-06
6.82962113233871e-06
7.16717516939744e-06
8.31805268913882e-06
7.01952918328878e-06
6.31507570351783e-06
8.46449835232074e-06
8.45177030491078e-06
6.69181938695842e-06
6.96381723991813e-06
7.66776726980605e-06
7.37506003319887e-06
7.41124094452003e-06
6.51238580433215e-06
7.43380059035668e-06
6.83990703836187e-06
6.5914231092349e-06
8.99688803125609e-06
6.21288206541584e-06
7.69122851516306e-06
6.59414740387999e-06
7.27433489372989e-06
7.32182631126567e-06
6.21458367275227e-06
6.98040667358976e-06
7.65947435554954e-06
8.03183093164005e-06
7.8863768512181e-06
6.10264896514753e-06
9.07922934427425e-06
7.87290657203089e-06
7.55135561911142e-06
6.5945200827191e-06
5.55832206145619e-06
8.69479188750164e-06
7.68624444502604e-06
7.03811695719067e-06
7.37477771983668e-06
7.39518563242697e-06
8.75849085217022e-06
7.97049008522467e-06
5.61915785317033e-06
7.48494254650481e-06
6.16573793218554e-06
8.4875545370709e-06
7.56326661157572e-06
6.01859772563613e-06
7.01173716661772e-06
6.08235777175809e-06
7.74053091698985e-06
6.39899408027022e-06
7.90480103990921e-06
8.75204416856916e-06
6.25943990138281e-06
7.57672944776861e-06
8.49350148091466e-06
9.3565456761109e-06
8.38315840713399e-06
8.134148858244e-06
6.62586852476914e-06
9.45267157882062e-06
8.02865458442145e-06
8.35770751556772e-06
7.42679409243166e-06
5.86796760596777e-06
8.01118077994358e-06
5.82565828788085e-06
7.29025663892977e-06
6.5458634471257e-06
6.09267710731345e-06
7.39072179841757e-06
6.38153713298618e-06
9.39549070952673e-06
1.01699156754886e-05
5.8256852148548e-06
8.32072565466057e-06
8.65726126562877e-06
7.62619815114719e-06
1.02786393292979e-05
8.41121131138587e-06
7.83520011369618e-06
7.33421760700515e-06
6.78880230736296e-06
7.82666185048923e-06
8.02368849601021e-06
6.85975177216818e-06
7.79868140257872e-06
5.74776000268212e-06
7.79172154514358e-06
9.84471273876675e-06
6.94927392614915e-06
7.54425083379094e-06
7.47500282459453e-06
6.23740694995087e-06
5.79098506238386e-06
6.46546180168345e-06
6.86572966072386e-06
6.32241377308144e-06
6.66083040395734e-06
7.94108262883885e-06
7.31711183919771e-06
9.07205139486919e-06
5.88960475897391e-06
1.04569644822684e-05
7.69311282608644e-06
7.46781046378098e-06
7.52142891346169e-06
7.32278733748795e-06
6.63795045018099e-06
7.5454856339082e-06
8.87534670135995e-06
7.27909749772029e-06
7.34410263730267e-06
5.50253321143886e-06
7.73660497463051e-06
7.3598476840239e-06
5.66056795274593e-06
7.27253256075901e-06
7.99465068390556e-06
7.82483572049473e-06
7.94960783649321e-06
6.72989889394982e-06
6.92824306072831e-06
6.15591558087402e-06
7.98344676987964e-06
6.77957138984468e-06
6.97226441664298e-06
7.78729145888742e-06
7.70111969345233e-06
7.61720951939248e-06
9.10041085336668e-06
8.77121134740634e-06
7.18664236283028e-06
7.00451474969061e-06
6.9914511778774e-06
1.11165345296528e-05
5.21404715478972e-06
5.96170097683295e-06
7.28327922898962e-06
7.88809880140921e-06
9.2858937825759e-06
8.09108033179862e-06
6.72346440210062e-06
8.01822533176888e-06
5.89221381153662e-06
5.50918750156925e-06
8.60860498682311e-06
7.25167510588857e-06
6.59066172409624e-06
6.63184654160183e-06
8.17089768618936e-06
6.96902659238882e-06
7.96396533558745e-06
6.35779419803124e-06
7.64387411869377e-06
6.17864286772208e-06
8.23490356166289e-06
8.66874425575108e-06
9.46934130968406e-06
9.97691451148198e-06
7.07025785494495e-06
7.56183295977045e-06
8.21688539119834e-06
6.99385518614138e-06
6.68105003389917e-06
8.46550445514571e-06
6.94652144069735e-06
7.13429769353729e-06
6.9806268304551e-06
8.57976664524922e-06
8.04912142339048e-06
7.63131908107402e-06
6.56340683095382e-06
5.47895164330807e-06
7.71819210066537e-06
6.54876952954571e-06
8.00231136210721e-06
9.6075904160271e-06
7.38029752886239e-06
6.98687557046526e-06
7.08643479792646e-06
8.11470072402619e-06
7.93861664663565e-06
7.56626522845977e-06
7.2541013919401e-06
8.4276165642058e-06
6.26252433095795e-06
6.55520449856783e-06
6.98076064798982e-06
7.64727626230142e-06
6.89137003432039e-06
5.52180328121194e-06
6.59312958195423e-06
8.39148024311638e-06
5.72437455046884e-06
6.08338713496162e-06
7.23986788246006e-06
7.50449775155704e-06
6.53328139165129e-06
7.77311695945513e-06
6.92206727977199e-06
6.26657113682808e-06
6.75147135352527e-06
6.27696992825149e-06
9.07329353940422e-06
7.35058849221703e-06
7.74384582897228e-06
7.88916325486418e-06
8.14023756391209e-06
5.4702222828093e-06
8.25413209388331e-06
8.98919317163485e-06
7.13634832054324e-06
7.1298437282165e-06
8.07734529674898e-06
7.30250239773796e-06
7.35169511612449e-06
7.21745187032415e-06
6.15926066712548e-06
7.28450999550305e-06
8.6429307004352e-06
7.37141048233326e-06
8.19511806899942e-06
5.97540646567616e-06
6.86236974038493e-06
8.28424665015648e-06
6.91226708556755e-06
6.25695974765434e-06
8.72347328679692e-06
7.87038820037196e-06
8.95272917848527e-06
6.32552385405923e-06
6.93038427022022e-06
6.52750517628336e-06
7.18656604406996e-06
7.68038323264849e-06
6.8925244684253e-06
5.4409952311232e-06
8.68541528426752e-06
6.94358913518528e-06
6.5106015971095e-06
7.25640084746919e-06
7.03615036294004e-06
7.22027089143753e-06
7.63201814593594e-06
7.70336563420436e-06
6.81264398918682e-06
6.32019446146709e-06
7.84591921116288e-06
8.10901324290877e-06
6.55394610601255e-06
6.9187940062642e-06
7.90464805927502e-06
7.08153223525659e-06
8.65565354214009e-06
6.41422719799206e-06
6.36278542297137e-06
7.04964981018204e-06
8.97507798483784e-06
5.44072974684733e-06
5.5053357328461e-06
7.17866199946871e-06
7.29344918062043e-06
6.47420678934525e-06
5.74096904323743e-06
6.54466018383611e-06
6.94216913651227e-06
8.06539924878657e-06
9.03561128291641e-06
5.9329571435655e-06
6.67656882915355e-06
7.90990641329204e-06
9.4515680256264e-06
7.27928772275647e-06
7.44653301158369e-06
6.977195678113e-06
6.52037112006121e-06
5.91426035062909e-06
8.15834687807667e-06
8.49156921442976e-06
7.27735225343749e-06
8.4354196660878e-06
8.28069520337253e-06
5.9584831778308e-06
6.71597537978662e-06
4.78976268164636e-06
8.53017465555706e-06
8.09019182810077e-06
6.26009449625369e-06
7.80629361967221e-06
7.94375236069095e-06
7.79224408359029e-06
8.22280239247447e-06
8.04913570925829e-06
8.476322938082e-06
5.82087687609519e-06
7.4868257447393e-06
9.1457312824846e-06
6.80820713840936e-06
6.56191451766625e-06
7.79605797185579e-06
6.86181369023758e-06
6.0140325249494e-06
6.71550321392772e-06
6.43390278970426e-06
7.49725010164498e-06
6.76501352127875e-06
7.10757584408784e-06
7.49168784309264e-06
7.95700483392295e-06
7.13101154531873e-06
7.06596370831598e-06
9.46991001276092e-06
5.505243827104e-06
8.07305208388876e-06
7.74961804262189e-06
6.93797049426628e-06
8.05176111407478e-06
7.38745778309589e-06
9.8000042830117e-06
6.85153268521719e-06
7.98891344771722e-06
7.25479761786331e-06
8.15369734681654e-06
8.45456673436574e-06
7.37700121197436e-06
6.29269413589011e-06
5.60319870586464e-06
7.88513858098294e-06
7.65911778173542e-06
5.50948683357037e-06
5.65873568338919e-06
6.7404654703381e-06
5.65834717369393e-06
6.21068182110978e-06
7.79714840111179e-06
8.25835856069453e-06
6.84068938963686e-06
6.10260533918996e-06
6.99917786545423e-06
6.93564441557023e-06
9.377147361215e-06
7.04860094763041e-06
7.83253844931828e-06
6.63497406812442e-06
7.91178166328211e-06
6.28125642104801e-06
7.02270197632949e-06
8.42383689359043e-06
7.74724346827143e-06
7.13193975848514e-06
6.34997274291923e-06
7.94130054246518e-06
6.71608778251002e-06
7.64221897046737e-06
