0.20928758290327
0.345463836956356
0.258027652351681
0.350482080307774
0.372349311392837
0.281349825568011
0.265984759396819
0.233846790980787
0.333914323314211
0.260589427516489
0.446528480502334
0.269521772319898
0.236994307555328
0.300064372902826
0.230107554063111
0.336041920295184
0.186474796775766
0.448988619412784
0.313841743863588
0.297042209704936
0.34570493308636
0.237422984049215
0.293544516778999
0.255792755522335
0.295626593798674
0.148223309170445
0.377041983984401
0.326320768988692
0.298238957161823
0.204183077160106
0.257659046111213
0.484713498671508
0.534254360163178
0.442139394531694
0.257573345964513
0.38445811812118
0.340613827919613
0.362840401470951
0.240423833387803
0.27581586591615
0.475589632705022
0.104692185338337
0.288508679558501
0.283113800645936
0.222162422504419
0.27945364180174
0.291141457368139
0.38190402435567
0.445928970974164
0.179646093365268
0.0343723339812239
0.401287777513145
0.211246926877622
0.517455999318374
0.32593881372389
0.254769051050304
0.385234335930922
0.251143044551603
0.287397751463946
0.255768679252663
0.147824143433933
0.326770797271413
0.171061169005413
0.44328848430148
0.265426545189947
0.291785742263145
0.212013004005348
0.430933693489824
0.132325353927915
0.33676442941954
0.369864526367257
0.192404839820609
0.351515687641832
0.274798877996558
0.328666321577225
0.204394773183034
0.30642126211135
0.320739329479318
0.37558043847905
0.310511576602433
0.219549020873873
0.496071706143449
0.314068148574806
0.220040008714777
0.149826176693841
0.206555896282846
0.515553607926729
0.165685290251868
0.345307186983611
0.247385516515292
0.387237834058043
0.28846925064974
0.124760502260622
0.224171227954835
0.28064330007146
0.487930504373199
0.248823962826638
0.393980463201336
0.411099153468656
0.327844282924161
0.373765645781656
0.427826822331028
0.278489235234346
0.383605059780829
0.427115770783427
0.43405950537054
0.306320204379484
0.275244924487362
0.494562107769953
0.213325806964586
0.223248549244951
0.462639597202364
0.453875278197596
0.298255418521214
0.163152323308166
0.296996450040565
0.178154076368631
0.428405245475852
0.17357359635698
0.3062098452896
0.210463141218605
0.337628503103799
0.334729754537543
0.371332057396125
0.315776173330197
0.345795739395801
0.40617283040117
0.442274788382249
0.277786113812813
0.33325894460601
0.229260814771349
0.390506836219011
0.148673296445595
0.337502847820758
0.373061996785071
0.210408232163332
0.272515224945478
0.316182194876508
0.40370994603641
0.313747391155945
0.236258771062609
0.329400479124218
0.294679030090419
0.45634170831585
0.243794325187137
0.193059604947149
0.321936600622511
0.374952939678577
0.150536637865436
0.307403471839284
0.377078118298736
0.14256824983389
0.178638838626751
0.336632613090008
0.361342896485548
0.215524160663379
0.161792254288094
0.229022607210769
0.42839581781098
0.590613619535503
0.13142723223945
0.249580627033277
0.241710871003634
0.270676935319692
0.380314658986402
0.389978352299485
0.0635408843931523
0.192803958285986
0.425644627481596
0.195871507947634
0.397862775137741
0.37569598579681
0.321839317328475
0.129446170523839
0.379929241707329
0.241462055162023
0.3189635439872
0.489293099350555
0.149749859832564
0.374558283174322
0.383583737833438
0.530274736194725
0.320403341098344
0.190307303918088
0.108679973578863
0.249289874741074
0.344747540083339
0.44542326833357
0.312413824603154
0.496216686446397
0.13490738921762
0.455130185674155
0.364038471447088
0.301144108702617
0.32603569241068
0.231431023103304
0.247665496015179
0.212558767151212
0.437178038349017
0.308526849897172
0.458538306477725
0.549764171250731
0.421488296134396
0.396696091726649
0.199845956193154
0.281824900462084
0.324734871176938
0.37540054821286
0.221320720311771
0.427911685027947
0.262151009521379
0.352512080386054
0.259722974784892
0.337133540891101
0.400853511223227
0.406358063132793
0.242595799391119
0.360202660470842
0.313808344041669
0.343902480902321
0.175944685570856
0.286962436268023
0.316938190926784
0.26153850970667
0.275059566597869
0.268529811661057
0.349880756408959
0.474430266572543
0.309650490131592
0.233079194186058
0.421714221292355
0.504335434591325
0.438450429271848
0.201514427131901
0.286008324075653
0.349789554354734
0.301839367846702
0.20663098244482
0.307008520032101
0.423796575804964
0.229706654560027
0.302100110097423
0.144004054754754
0.318973867207514
0.440411724685198
0.30391593044343
0.390686836040038
0.199455359671895
0.258518462670192
0.437546938349992
0.392528677471924
0.302274582128387
0.286639633983946
0.202545859633232
0.150198680957198
0.203995804040777
0.35863120875811
0.13416681056269
0.351473207608757
0.256799382626378
0.238214306284075
0.306149615604854
0.381384973809545
0.329698952776533
0.300285800950103
0.176049105785835
0.199368971652058
0.255356932785736
0.333247607523721
0.351562471833694
0.314357786840777
0.225560438102038
0.380926853173192
0.215030527999181
0.361173827254502
0.223942413708261
0.14056278358405
0.299747612050674
0.313654015727239
0.500037193850964
0.311233126055208
0.0810420626840849
0.391466865388653
0.177118222274706
0.170298470479121
0.217475183522139
0.308028069213203
0.428125679312457
0.232991336719262
0.338536815364666
0.240590819888154
0.17791507702328
0.123833135024076
0.143773456379456
0.218062485963089
0.217079002363735
0.212341598619131
0.322833453854968
0.236259993541131
0.267986358271361
0.411303983295799
0.341904606662242
0.131427618055223
0.571196204044156
0.391345592715628
0.47121536027536
0.333705221160619
0.352435804231913
0.311153838419995
0.431242344453501
0.263192659823417
0.270039218939803
0.23652270878168
0.245872967405515
0.459350439831489
0.34099477018793
0.357137528857342
0.598106716662356
0.514129066819134
0.318283880622658
0.332891167621823
0.213153995297268
0.270458192771308
0.347384583296269
0.365121769130945
0.251149924022978
0.351710985079737
0.336656416765755
0.186200781487355
0.167955978042598
0.575732866295912
0.271606186749259
0.325431221965583
0.428215102817926
0.30512127074167
0.09972771890064
0.1664227928911
0.335115962375174
0.230606821591228
0.342312166271811
0.41705595592838
0.209452756573008
0.252288427905191
0.352559934536568
0.107897066000774
0.40617170245139
0.52768488808271
0.228490072795703
0.331963459995241
0.438084509430057
0.216277385793083
0.352643827045018
0.376520512209493
0.202423155111777
0.173939650181971
0.300324645511254
0.231964889559641
0.457290987974843
0.306266281112935
0.528734745141617
0.401619180000846
0.370159961251809
0.182074016025386
0.146877587991234
0.334093281570428
0.528245736531971
0.19649460720419
0.34105171510267
0.374405203486035
0.333095964819846
0.126061208534007
0.16948896082166
0.479179374492037
0.251589623969357
0.304853378177144
0.201027431483103
0.456318984478681
0.150918492740414
0.393047581153053
0.203003054014421
0.44208591873698
0.224577836003148
0.214067135049649
0.419229973444622
0.405747918791558
0.535531177203893
0.393802319457088
0.348746692925762
0.210370267714884
0.454072313487518
0.127777986409937
0.13942158906441
0.568355176905362
0.151526071120771
0.177186145572642
0.344255843740013
0.527477856399532
0.432073712612178
0.298189033769999
0.338844357711168
0.298390001888603
0.165812266032208
0.348686892593262
0.203118620970988
0.513212341854863
0.242547995627115
0.281065510705901
0.361643400853454
0.342531206898494
0.328086436214944
0.262305354901605
0.3266352920876
0.212696861147629
0.416268732570426
0.319171030673994
0.304940503013557
0.399391880373501
0.360516464511031
0.324902529871357
0.363356682337212
0.228506152154469
0.414900579693135
0.341506521830867
0.234009229089238
0.450452267335384
0.316411279994607
0.239992042280161
0.244719312748431
0.388549108463786
0.20686655103023
0.34656309234584
0.40834592524407
0.47877457139432
0.171255515434867
0.0988550643776467
0.306460324663942
0.2084812014363
0.388314656691368
0.332096649571979
0.409026408169568
0.290017339986931
0.282404836448273
0.362654974255856
0.403978756986774
0.121914289236394
0.391149338210123
0.4230445654694
0.342581381701669
0.474819629742815
0.330808169790854
0.299841307946427
0.411800419074341
0.418144582848181
0.396131006935421
0.240497207057226
0.346431168481172
0.300495353337533
0.255352938711952
0.294323688466758
0.291388310358635
0.296423215531743
0.346786153298873
0.385366798603838
0.272484494528564
0.365830261341926
0.318801971038007
0.562221684638189
0.492430458387393
0.464436239454238
0.355933739786783
0.264320745264064
0.440586785451693
0.470368666031478
0.133016102923277
0.181426859202284
0.224696318160056
0.243755136688014
0.292641027684767
0.172250327821729
0.319699461642257
0.162566119085354
0.23719287038104
0.415280578658003
0.338720546139662
0.297118559396124
0.268459896410251
0.339069118552724
0.210459485577398
0.349436488111817
0.330261507307611
0.245204239359174
0.321839299795457
0.206128062130824
0.396691177792578
0.255781947058601
0.220219580623127
0.542455181577048
0.329502551858078
0.503574469916416
0.411849681994635
0.422412005618933
0.348329883382537
0.340538244969077
0.208373202188234
0.43412529073307
0.25539754843233
0.439499090882559
0.502189533640923
0.276753484394576
0.112973764650031
0.37814371758675
0.291615977472988
0.459563943192912
0.352110653349461
0.207938363396286
0.363187159995417
0.349023360896885
0.364502813124086
0.18590553063876
0.336107815304692
0.166920745380663
0.114051696044282
0.386410703933328
0.19766656983445
0.312890281656565
0.439901826451892
0.288520887375273
0.254687793768924
0.180710936608291
0.343436947426297
0.465659615354004
0.289146310850058
0.269221508673795
0.2334895520903
0.207087091071008
0.272378919242642
0.339203939741079
0.221164420611956
0.104817173237977
0.342574104774239
0.368715017237816
0.411035541953949
0.196019860275527
0.130457342331334
0.16460616473677
0.290423621122376
0.399735701573332
0.217707570537197
0.310990651660291
0.190099786546636
0.265110705710166
0.497080884261529
0.497559726890126
0.0596004919095882
0.432893811650316
0.289166747655242
0.402560367607036
0.255583581790788
0.537891201395333
0.406047759265173
0.541094881734795
0.30783564064832
0.368804980265856
0.206586636290719
0.292048715638983
0.222609626523406
0.520510872144266
0.197898788547702
0.294106655639049
0.152194747059923
0.196380529588143
0.224516066998928
0.173232708404159
0.228138795014818
0.292569378444919
0.409074833638708
0.200349826003203
0.216142976006529
0.147184006424463
0.407027245395071
0.110324650526819
0.410266562151636
0.312431175623997
0.383747091780457
0.325960584014975
0.242636018656993
0.352209546477034
0.141001517156618
0.342974456262211
0.302871834056549
0.212377487097989
0.186981949283077
0.209906780638974
0.239030498250453
0.115210931064238
0.255502213353658
0.236420818139828
0.187092057944778
0.23587277347446
0.208955765948141
0.266979763667125
0.294401825985441
0.313918359886501
0.23115863541418
0.442091256202849
0.300353546136365
0.315868143292484
0.372744719233576
0.38970272847162
0.525733016042615
0.219495345598229
0.316708444982889
0.253627564158367
0.38797502256834
0.327852769853525
0.126745419074155
0.22346321739788
0.275489512263311
0.417215092173061
0.318556636897214
0.301122711756943
0.28349797838201
0.345577344514641
0.394705011676823
0.18802515370698
0.25475813903112
0.109524160279571
0.255970698425429
0.325627590148197
0.487586618880207
0.24474315525752
0.370766604543714
0.275158856230168
0.176871429505368
0.229076527391061
0.41744615297249
0.143654133850087
0.32441351228353
0.306180082119259
0.2805022729782
0.32273821185257
0.304608000488516
0.348471521056219
0.313946791218755
0.385204443926827
0.403302152159485
0.246123569996918
0.383332358050309
0.335804111467311
0.280306115865019
0.481178801986708
0.614311144921282
0.452578915288598
0.193274933791571
0.170539485288365
0.284026956518948
0.614962326052696
0.121980177130614
0.130427736815532
0.507526567551662
0.44459418188034
0.175906242510189
0.34082808488309
0.303370491640548
0.228754515457211
0.349877494871087
0.263508063779505
0.380603530904466
0.0844532438189889
0.284951712327658
0.201605720049708
0.23194984438676
0.221618110020838
0.0649969995283027
0.331330863848263
0.218170650445377
0.183650243653765
0.334912494244685
0.459212101983364
0.136849954859351
0.423837313076822
0.241107434753336
0.429664190325748
0.0941560019329196
0.22320093038426
0.259630222340214
0.14138930329981
0.293184111485948
0.243625843892854
0.342141997622656
0.18472558657823
0.39138263607386
0.39834482018405
0.086985950287203
0.423811046478079
0.224541791481015
0.318641879164717
0.298636504060634
0.276866425905156
0.313515420871532
0.437071540151105
0.279296594917271
0.472507747994286
0.26278982200772
0.353458828572838
0.398663378439816
0.319942037310799
0.290031754965625
0.362323261136566
0.168820017805448
0.371360415551555
0.120544537812054
0.561885140197672
0.146894017684258
0.238100134970296
0.221600866387619
0.148483830787129
0.28164925863209
0.355927026796907
0.417164173774058
0.366440640184594
0.351530295621252
0.323778697073238
0.40125773050687
0.30934443895978
0.210231299198232
0.218162857271983
0.424457171098451
0.404054873633405
0.300523680751033
0.315631901048938
0.0739450776756337
0.264240249345003
0.198235948385078
0.448649130691046
0.281937056529675
0.290181227925227
0.199505438279052
0.234186290121283
0.136182063815633
0.324381268096017
0.356542413156357
0.479976499285608
0.311183186250456
0.134544648250341
0.385764521995232
0.310932748136211
0.366085676194625
0.44133422286994
0.264254622659842
0.191264698295571
0.197161010230217
0.258393687874172
0.431572220303754
0.516932258856515
0.225378125977155
0.2517201919826
0.260971632636211
0.357543864780369
0.199760188191899
0.268608954022904
0.265005764088879
0.280256141850487
0.27026335636927
0.502119771754461
0.113562530607596
0.225486518574178
0.199948485236126
0.21332472095598
0.327092763599229
0.262814099200019
0.19511909839134
0.304668672224612
0.241353714707458
0.435264578792691
0.436099026953632
0.132874504330442
0.33150614538827
0.238383590102275
0.455655618525668
0.444858143868962
0.262777725072691
0.197244732255949
0.255172142328466
0.425445615310812
0.281928777943313
0.199100945399692
0.282073840984863
0.465369179935136
0.0515575258148602
0.0946607598946326
0.302963096459672
0.371428714202653
0.47648085638574
0.260186810804194
0.204885198035103
0.322255334453457
0.230397043900189
0.325059372764244
0.326904449899471
0.331539563446909
0.28562070929209
0.210351455762048
0.232424230626496
0.464746642565483
0.285052022365449
0.239148256526277
0.573090782784742
0.273311204307788
0.405993485566881
0.389522482588959
0.282087319212767
0.117285348076502
0.239860936245808
0.384811065370379
0.154494478013457
0.321118442478428
0.308702503035738
0.36851972379159
0.245596408468995
0.122975086331268
0.251867237555997
0.259086073043095
0.397829062726733
0.219679928637078
0.452708130738853
0.228433478548537
0.285870796556923
0.320847301839912
0.0910527041280055
0.389400937216347
0.31551471876396
0.322043196847682
0.255593617674463
0.399411284037014
0.182161377289388
0.127587609078612
0.302120853120597
0.217225821860359
0.121404940477021
0.21373045244021
0.444690690796789
0.163674059643813
0.401313727639408
0.157807452229762
0.178497516584207
0.298517425966927
0.480565015589224
0.138695725377124
0.4279848129328
0.515203082208113
0.20696670084305
0.437212117145915
0.192944341379082
0.139480220182502
0.460010551986223
0.264831513192082
0.375679238355093
0.310593366533703
0.331415238987696
0.231281795285955
0.363158642477858
0.414871530968428
0.203320358849231
0.323703429954537
0.375827634994767
0.197124128327694
0.282209637064103
0.14745162718946
0.601155352616867
0.175623108916576
0.389726779101311
0.398195014901384
0.47310537011012
0.264908231764581
0.303847912551743
0.0935883163193295
0.302158122952487
0.227410815641074
0.0795424593729829
0.425733443101295
0.312173198785736
0.284756142070126
0.21116278020828
0.168796856360247
0.225462728006193
0.37364270560799
0.192382429853232
0.278254165458339
0.0704230103197965
0.277699503841118
0.571567315772992
0.154808481300223
0.455688803142812
0.322549444688964
0.423706409852649
0.409413137876245
0.448043518824679
0.171191778111593
0.134922287004059
0.261339839175926
0.185653571178111
0.315053162253138
0.339392708129204
0.0835796589581493
0.314690635768525
0.438453665902274
0.347876161200949
0.246065092865686
0.252518123754641
0.396514842503836
0.443371542802256
0.126948885609312
0.176811596259133
0.291170118500597
0.219983313222346
0.294221179485149
0.404426291634475
0.410053590484842
0.464048124321239
0.279118590362663
0.269440400601174
0.296174236378297
0.288236362507988
0.285805513510571
0.410060502371246
0.166229876942077
0.342763168522449
0.238784404380874
0.168726316255886
0.320395988460078
0.159523887438785
0.315544662167583
0.237471625766156
0.400681023156695
0.146773980551945
0.485361630644063
0.450941203125844
0.281803048473843
0.411533338543673
0.242533860401978
0.324625747362566
0.348018173508427
0.514856853667416
0.214510738330094
0.327842389978366
0.383784121903425
0.232806689397492
0.23731117970952
0.319845920586609
0.26389446565163
0.233234924068504
0.187475899753632
0.497138767343352
0.457033987793978
0.232481295774397
0.269284137586668
0.394536768361926
0.214837766766671
0.371813462245452
0.459448375417159
0.258190191429466
0.205297649593007
0.387111412232486
0.224756458093688
0.194648518313284
0.370187658696756
0.225024341798337
0.338192714027146
0.322707072321275
0.345495676806938
0.0435567571851544
0.136099578251111
0.240180040711084
0.197167617165734
0.152588391586755
0.151983468816485
0.22264029992726
0.140015574788424
0.497641560014655
0.148163892493732
0.46427266824433
0.393802888673644
0.121065498444542
0.255595370118661
0.204238970072026
0.291123101044218
0.225696871950711
0.257175009157552
0.0912678510125687
0.372060697599988
0.329021983523268
0.203582247051712
0.391289312141383
0.295355930589378
0.512089301242741
0.169644856212285
0.155388245103384
0.374267067979248
0.208810599340063
