0.184842215501362
9.28125373696605
2.8360697777083
3.62352271337625
5.90515902296943
1.63022768448741
2.75439577795635
5.83506730706711
11.5216713392298
2.17873234264164
16.4408205717872
4.1088921659682
1.15646673278047
4.37980769465344
-0.215931902640477
13.3682901750155
0.134511577025251
15.1500529856332
6.11674431720144
6.70333589413758
5.30168094094222
2.85397745986313
6.35327545220071
1.91488735492317
4.34994226605534
-1.61169349484112
9.15443005724501
4.33068345020445
2.74798530117118
0.536261662898369
3.63545314003704
14.9936867736845
10.2698526541052
11.623515335412
2.28164332259587
6.55413025441828
6.78835071513242
4.24613802224553
2.88816048885144
2.79620766840105
12.6873059503264
-2.39598326849728
5.9341435431337
4.10427150630858
0.609364263221892
3.74601821873159
6.45855416454481
11.7819482806486
15.1521027734285
-1.51958663479957
-3.49064918466331
13.7756630397828
0.405713375978166
12.8163575269597
7.3939949556451
1.9276498923806
8.27044385242493
2.02801803830118
2.06498683646771
5.34420865285563
-1.87958184939987
2.40413373663364
-0.998357442948873
11.1526041777153
2.0331289886384
3.30877768831522
1.06829738783199
8.27353466916315
-1.68530831337671
2.92226751920748
7.55456809071859
-0.880958987489521
6.52957881340558
3.55736702381216
5.82389243329715
1.6244249759535
5.88887961379169
5.03836822353844
10.2454751319586
9.85678578188538
1.18648935863041
10.5663737635916
5.72867380836976
0.718601329463809
-1.54243654007075
1.61209561453086
23.1119850972244
-0.82528151904944
8.88984242333333
3.32200300086527
6.92968727292316
3.01283119782079
-2.38016999560546
1.51530406863856
6.82364754126627
17.3806826596073
5.48300289658732
5.77331661404207
14.3006568601276
11.2430208683442
5.26214650465852
10.7376692901761
4.56975128032752
9.21207080918111
6.59150991437127
14.289475069544
4.04345207090614
1.97385685128711
15.1490589166775
0.975179213742422
3.97534310978642
8.3394537414058
9.49345588836456
3.17364493886578
-1.44985343048563
5.18298834710583
0.864065642544915
20.7606501895789
0.69770794302292
2.08820768628709
1.23819887183856
5.06007315340821
4.10971214222343
7.25046181505036
2.9915773462003
6.6658175632972
8.89955426267022
8.97159152104109
2.74106077715601
6.8572790192211
1.03705725879195
13.7800165064413
-1.2690238745613
6.85623257598093
7.83345812146695
1.63778398486193
2.46890684707398
3.67564992412463
6.46356866805672
5.45767418957803
2.08210514725079
5.15437242498774
5.71716709514817
9.09184317228596
3.58947513997225
-0.108970632362798
3.57650279362406
5.8273265754666
-2.02783715982196
6.30205887595469
9.2489803497898
-1.65422484917315
0.27872605676373
7.52846459268949
12.6083655276029
2.39839766305715
-0.485057467354864
0.751348522077706
6.99589936780217
20.2131390037359
-1.54524684442902
1.23511286355699
1.59542729824818
3.48212679804772
10.4334336109131
5.40611344665137
-3.36268897745128
1.20542495215739
10.3607264932198
-0.464615644076389
11.7560543353278
6.66651734972731
6.95545212601553
-1.42521581029212
8.78763793422968
4.06917120984929
9.19928938705038
14.2925784376484
-1.08296750088095
4.76336744535411
6.62587871010339
15.0047951521591
4.75703567536095
0.329756500888038
-2.74615869337879
5.9795747523608
2.26883377756667
8.50152340760894
1.82238498516404
15.9108206501832
-1.48223456567223
10.8546677583712
6.74694414240582
3.56339391842346
6.32396970469358
4.00640427840847
0.584058579679095
2.09986156735226
9.59190139492205
1.80253903652704
14.0001026970716
23.3488526869669
8.51276163508101
6.12805011581781
2.6799437218225
7.60412077814374
2.6658475497253
9.76843379697561
1.16190974495373
13.1023695986419
3.4765384970043
7.56924545314143
6.00970417903898
7.12906938284084
8.34148968616375
7.21740938354662
2.4031999512315
9.67610103458367
7.27906887487916
9.66456722503801
2.55950304340229
2.72301723782073
2.96797965171959
4.77403817425352
4.6244979923249
0.738597305069334
7.73617864533367
11.7993583969629
4.58237367826905
4.57077119641531
8.98558872627757
14.757945940727
8.29042226182787
0.410306940335545
2.61948901401956
7.57123291315099
3.74082665460924
1.1743265120997
6.12607486183708
9.76251264249936
2.27581218515525
4.47584004978751
-1.58256337494993
2.49457040974039
12.5200708746058
2.83551293221649
4.2279617826955
-1.15914592321872
4.71832513810978
19.470869163085
6.3361248078478
3.83560072130149
3.05152766220499
-1.15156137534518
-1.23395038485455
1.24871136092838
7.55728840909012
0.040585525408801
11.3207824755823
4.14949197952888
4.59106814921017
5.95521919358202
9.88733497645296
4.78949026439102
7.70235113360093
0.751693303351772
-0.0586480479072407
3.33811623585996
7.16058419735066
4.96381384673532
6.50582020802165
0.416716126010783
3.54338583482854
1.01445063075664
6.88653434031744
1.31025232892978
-1.4787553610887
6.66937046685507
7.23071878377732
15.2092339781963
5.57395926128504
-2.62018369590362
9.86339094709194
0.450039904897039
-0.514170639869349
0.223334352360553
2.82243782904857
11.81075504205
1.66731167965361
5.20915951360291
4.50587945175982
0.415333398863936
-1.78157879075684
-2.04187927386772
0.963583737565273
-0.0516920948772395
0.290939795784425
5.02066302720834
0.263174610126839
4.54229583939298
10.715512057786
3.09252936804967
-1.60213933128489
17.8358396672005
10.8111722327014
15.1378821624019
6.23910080642543
5.46018999373143
5.04209655072646
12.737138224159
1.4175323611189
3.07488590967307
0.937459450557412
0.998953907325927
10.5961861928746
6.27294000636607
7.97796228089067
22.7363942179159
15.3998195186915
6.76800723225199
3.6172004409151
1.31958363361696
2.99355692141751
5.20336405531816
4.51846243186606
4.53676398019206
5.41958128032013
11.138754674188
-1.62691209629838
-1.05651595554082
10.9345148953829
4.29189260998214
9.47203548970572
7.97185194305587
6.65843962414999
-2.50780819944225
0.703665130632089
3.36130365998326
1.83450863592668
4.9519755799322
10.3990860695427
1.40435138560895
3.13711992127821
5.49206023444538
-2.06561812291261
8.10091603594344
11.9732206544248
2.55619064375867
4.24008405475217
14.3031350006009
4.48340750437649
11.086678113615
11.1439716414177
0.342751081647407
0.572466163008812
4.48073773987414
0.958895793679744
11.6182330874645
3.35491534305936
13.1827872242585
6.39094631141643
4.49010172452768
0.596397761970252
-1.78278646095782
4.96302696045484
14.8477744392325
-0.15868236013273
5.21424667014549
8.34077465865857
10.4177390008741
-1.29856552024489
0.0122070452484877
13.5051803584244
2.9352475446218
6.5036372165049
0.437119403993393
14.1205987082639
-1.49736211147786
6.75441297799307
2.74463538851944
14.6089940447245
1.61505371987289
0.14526407277242
7.92730241011418
8.12843528428698
15.4641824905804
8.39843601316181
7.89407658256721
4.35066988595736
16.1812381281502
-1.6090821082048
-1.23675223029795
25.5559841814886
-0.610036701285026
0.0240628663592588
7.69409411017409
19.976651173332
17.8656209817872
6.32656116907788
6.59210568182186
4.29697547227113
-0.703543015689661
3.74442046783417
2.01695096674962
14.9485877420934
3.71212397509714
6.12396490645665
9.63722783143828
5.59649357427065
6.54746403061222
5.46103224201772
7.19974322600558
1.20621393058059
8.68068118714052
5.56279089517705
6.18866262348877
13.0818977516531
6.02192698950023
6.24471993202303
6.26855155734575
0.828170025632403
8.99362469163634
7.901593015598
1.89760650823621
4.61634773863273
7.97079553222159
4.60477027045499
2.27841775743036
8.51254617489622
0.254132577989253
6.78945566144728
7.7849965233944
11.924485631621
-0.691959699133918
-2.41401105884574
5.23875806050683
1.86132220469005
10.3435696656376
9.6439231983943
12.007868490767
3.86035075737595
3.52847506130627
6.48001837339882
8.48101112672214
-2.02739395142578
5.32725853963143
11.192209750527
8.70026973489837
12.1523879925463
7.00691385789276
4.4627890625294
6.68490769016319
9.38827991746371
12.1937045900698
4.751189782084
12.0503084586795
2.98423141762191
3.0852508598299
7.52726648998555
2.96460806975267
2.32439641529095
3.89577263886781
7.83711729015192
2.74577084759892
9.05601354604505
7.44523413839647
18.8514089937706
12.4224307327357
11.2628581982858
4.93291559066472
3.16004474274791
4.88177075651504
12.0159409505241
-1.81549616311895
-0.149255158938672
-0.000118302173973461
1.90841845466082
5.23151158281257
-0.286081149024426
3.69532884985176
-0.212349021472164
2.37166569884675
9.88199324715049
5.90091015743155
3.26584129729349
5.12161990186212
4.01902116958547
3.18271651195994
8.77546039664981
6.5015793543156
0.653910815218751
7.88003327215677
0.342431440869063
11.3349435000652
2.06295282323561
4.27057803582784
20.667207764885
4.30008889557519
13.2535034704219
6.50659275631688
5.95327686692769
5.40921796019438
6.40006307798319
-0.36535407914198
8.14013197709596
2.21003927288609
13.0358863429348
13.9082744677429
3.56723962164449
-1.64143741605437
10.7391501087737
3.36289274054673
9.98776612244444
9.01412039731815
2.6332321525266
9.42627131213783
7.54380348881398
7.63307839047638
0.467319369907614
5.72311148119798
-1.3274910201709
-2.57272543252554
7.47977235545341
1.30143706884371
7.2359155373839
12.3673812812236
2.25486970042471
3.43273652766595
0.432386371989992
7.7966167054276
16.5446063110572
3.22953413338689
4.56181413362845
2.12895064185784
-0.61554221614108
5.69654851997791
8.33158222131067
4.6757353946964
-2.59589937803912
7.96189843069851
7.79359041128589
12.166796795913
-0.0573959098095429
-2.46605451008884
-1.28412449213317
4.26833183689484
5.78090586249141
1.57030779409183
4.83969332079312
0.302110822721374
4.27274403257763
13.6461486356758
20.0119501001788
-3.31217641517708
13.2651156546693
4.02810659388285
6.53116621528216
1.9918878709633
13.315377012585
10.6083014943625
17.9676154395513
4.28925501355764
8.7215921321515
-0.129147892906417
3.06239026167611
1.45588836722504
15.5967424453371
1.58473556890704
6.35374908336132
0.708846913466004
1.92952194799
1.97521705096915
-0.173582781379196
1.46514765168433
5.38269017514233
6.53914398628626
0.686112892296251
1.56999101442261
-1.39311514876272
12.4897920766039
-2.23966723201954
11.438717510522
7.32422474644898
8.70017529662277
9.90580975187027
3.724655728843
3.58669627854886
-1.85018138589544
7.41414150906098
6.98802000133037
4.17066817819136
1.25599935142475
0.0819445153092602
2.73484496995536
-1.89255931950345
1.71259082359109
2.63142568936416
-0.649589680843405
0.626475035945646
-0.22614415890655
4.36254568254492
3.15507311657609
3.48738553643761
2.5213031754779
12.1722332051519
4.87681693889897
5.32364773760708
12.6202248585844
5.56966891259447
15.7979082276752
2.48732337404556
5.64700270757453
2.02528749282567
7.24045994684036
5.32633703155602
-2.32540217329688
0.920684838010288
2.93761860970142
9.88834805361478
5.08092051213987
6.55214831761168
6.15129981594748
1.93925468360874
9.74656529937295
0.170790685453312
2.99672036960737
-2.03662798212827
1.56029352457699
4.48804282594733
16.9770887841419
2.30543637094559
7.23556577493412
3.71339568300857
-0.706069232614368
3.62168339026903
10.7361794486227
-1.25309647114932
6.92809764771403
6.1675269005118
2.58470747108015
5.9580337795735
4.45054128244817
3.45300412570475
5.91166502689362
9.06782500548297
10.4073848290971
1.0766051717834
9.89032277661897
3.5217293532794
3.57849244603699
15.8640696713624
19.7549455625104
10.1531742487329
1.03301281648055
0.679412902490981
2.83755474778218
19.0348693160465
-2.47915744258228
-1.50067205163839
20.0746939119173
19.0782812075056
0.0907586729797458
4.91860314320138
7.16572453336789
1.89411938159753
13.125381259161
3.478572069189
8.33370107191342
-2.79251680344726
3.08872292878334
0.7225866781788
1.33561179695312
0.126187440525541
-3.16124907948267
5.40833638411664
0.181733280599587
0.294918037726916
7.0441986284344
22.6121927880328
-2.2003043889523
9.17482256661208
3.7384630306974
12.0416257971771
-3.01599832302384
-9.48279838439703e-05
2.38038932138261
0.825414531795673
3.0037590304986
3.43579695640835
5.63817296768843
0.686384318543105
12.7668245761655
13.4815468867557
-2.55823784156019
10.6419067002294
3.60603376922541
3.32105854652764
1.88996108171705
5.61837423911982
4.79600248019608
6.83807224926636
2.22539296512957
9.11354999821776
2.55915160141114
6.61332261457142
7.04815588759891
3.45701775332248
3.0715316334738
6.61121148203779
-0.254665343005513
6.34492232865034
-1.81373045052737
18.6715623196566
-0.562752949230003
2.92985308385312
1.27864133921651
-0.873110141460529
3.10965907926686
4.39262376193744
13.5298131265787
5.86269274774975
4.98194353982137
6.39182125715797
3.89946070205531
3.27075685194541
0.335936932358322
0.897021405192845
13.186329696602
8.4453315635028
5.11009886261877
6.19781339342273
-3.20326511988139
3.40733860327805
-0.0475912139152115
7.68466735253389
5.42861702145456
4.77559967408263
0.205196747667856
2.71081818868345
-0.0455553904370163
7.60026522029159
7.50919536251797
19.6946078032565
5.99288397750092
-2.03489652089456
9.13424281245852
2.90859876328477
13.7002581613929
8.89349675200685
2.27845216942808
0.715034309883777
-0.203837498935513
3.43180979033434
15.3026489188122
20.9034363588457
1.31168782007501
2.51100971611697
2.08855404496353
12.5480737643468
0.872911259986267
2.7743324565796
5.8362153975429
3.78985134281731
2.78430741621241
12.2181829810246
-2.58527849294614
1.50918603091452
0.650416757654398
3.10608706453525
4.7530387517761
3.95046068799797
0.550666112782324
5.10087491182014
1.41004184491214
9.42006436286579
6.75637752504826
-2.23549632687593
7.11631683666121
1.37969495284426
13.5888361969592
4.572734841434
5.29484045409504
1.53197713363329
3.56528264848725
11.0362432888396
2.39490573066541
-0.593117876844417
4.51202722614642
12.3616745953835
-3.35644528243495
-2.12268057425899
2.550270965962
6.5714221809302
17.066462477226
4.16969173840323
0.0151280250971695
6.31117988234382
0.505937686688185
5.60814903884238
5.47129161756015
7.65672767385774
4.00106297707987
-0.120803924748657
0.31251442245059
7.16438863088626
3.94527485245749
1.11552018840109
16.8087660239443
3.45230003622066
7.73644963835432
8.1147388784151
4.97016558079827
-2.22166358481263
2.5914289686192
7.0803335333685
-1.79797152781202
4.6020719475589
5.3613771161248
12.4106293290578
0.935719858029643
-1.45152700915708
2.75968249101766
0.846106036666015
14.9155067969216
1.89375262960198
12.7909894595117
0.917934989065998
2.95594939015598
4.93813129695991
-2.66539784264739
9.47813575228611
5.97878424829719
7.78948043054345
4.90932038023777
10.0333429078976
0.051043128947299
-1.0373917043828
5.89211794156347
-0.369087621907511
-1.8492121031976
1.76577139127437
10.6293014538338
-1.38146365519162
12.0130975396988
-1.43033987099727
-0.600219291514918
4.02074260482686
17.1293570074687
-1.73922267745422
8.15456978609632
19.7149102598694
0.305692658999419
11.8237929283397
-0.712614560040265
0.720684494941452
13.5518683320929
0.797591456203349
6.65488891327607
8.05197279188303
6.64654640826029
2.19167322849364
8.41178332224433
8.57560911167627
1.00036519355433
4.42076903653538
7.02357023592992
0.649404091532688
2.4446798114792
-1.02721878676334
24.7890497464066
-1.16754353331316
9.09958636484726
15.2099819973411
13.9769904421341
2.63818964957011
3.58812747518652
-2.61315682408906
6.21443756292524
1.70203321295003
-3.14889973106381
10.6272438168213
5.1418247689445
5.73931613324623
-0.401610801949118
-0.834995553813769
2.11199128116982
9.80375086453705
-0.222769137172918
3.79739986745005
-3.23712867520044
2.8793603401981
23.0091540560265
-1.0546070860679
12.6675740495616
5.3516866956885
12.2981192332281
8.27757198936388
11.4217488322498
-0.712264180966486
-1.90611342013733
5.1599110935723
0.959420694664232
6.81865207208784
5.17819255060363
-2.19809884090466
8.82953615946155
11.0467836782765
6.7936048065867
3.46037982508835
5.18244779954568
9.41509025070525
12.1996942906964
-2.05281277633981
-1.22751546904374
5.18141715932302
1.63699092105094
5.08392360229232
6.93170556272969
11.0870422507273
15.1431217985927
4.5144326929543
4.01851129059673
7.50366736041303
5.19342965515011
3.78443784422575
10.6561500556072
-0.902565364209181
5.72840992120643
3.49234863657557
-0.592116639750543
13.9553017761297
-1.53345923577695
4.38923267907012
4.01264602837716
8.27349962231358
-1.63441590412401
15.5312214892427
10.3744311373943
2.56079938878986
8.38453403984465
3.82606387806345
5.92870855176795
5.2581502162227
17.0915906568034
1.03169746562128
7.27028021763863
11.2672945882066
2.6498180174699
2.95186650265703
9.16648765205775
2.39379434997488
2.80647045917362
-0.251725054660483
18.7147825239698
13.5634923181414
1.75457586969821
4.8438870764561
6.10399719377915
3.53782161322488
8.08820479700057
9.73361516460614
3.03236054216393
0.277484246248605
8.68476661811121
-0.0915910479794775
0.91155535581413
6.33918406747671
1.65738674256556
4.36885342240623
4.76919322707442
7.78145892595626
-3.48498491440205
-0.407567913431308
0.526114707474449
0.71674894440423
0.323691493908427
0.293937980213741
1.43375775075151
-0.0277476914409363
16.6012222507725
-1.10567502329309
9.76055189964598
13.3722525982757
-1.90999260904641
3.73721786655881
0.254868058549732
2.14787836480161
1.56978209774149
1.95988228472618
-2.74781576048451
10.1710010574833
9.43760801572944
1.2560026167904
7.5079045982676
2.64904311131659
13.2018094098552
-0.546436818812595
-1.57205631040142
8.33114972040835
0.16858375084314
