6.4042456406563e-05
4.63591846105199e-05
6.10322433159388e-05
4.41425573262911e-05
5.34479993775124e-05
7.15064227784508e-05
3.66481510999388e-05
3.81746587111956e-05
3.27770418311398e-05
5.93479888643351e-05
2.9422688191047e-05
4.36547619857412e-05
5.53209426150807e-05
4.79690126082054e-05
6.2634844583522e-05
3.49975182494465e-05
4.48614955844152e-05
3.76826278448683e-05
3.74507497830667e-05
4.40376718014275e-05
4.46896183949193e-05
4.9892478300597e-05
4.21554019879169e-05
4.75602462789682e-05
5.1720580700539e-05
5.12527653529824e-05
4.54085275403694e-05
5.5674043947668e-05
6.10672805756467e-05
5.59195145181228e-05
6.51675967345219e-05
2.80477734801748e-05
5.13910938603683e-05
3.89562688907738e-05
5.40780151179772e-05
6.97778739555639e-05
6.09808518502127e-05
4.91068651340061e-05
4.4076329531502e-05
5.49637643751196e-05
2.93107670816275e-05
5.12759545567e-05
5.48040160496837e-05
4.37873272984204e-05
4.28825419486205e-05
4.45643469008282e-05
3.85480323237059e-05
4.26062687191646e-05
5.03545362226558e-05
5.66642934578563e-05
4.22111421042068e-05
3.94114768648338e-05
5.11809465345224e-05
3.59438603402171e-05
4.13038203793352e-05
5.85789597511259e-05
4.2602558108186e-05
4.54559772375512e-05
5.06589807631322e-05
4.25538486832737e-05
5.42990132952671e-05
5.12393512377478e-05
4.88357818362787e-05
3.46276576881186e-05
5.30829185238166e-05
4.29359907003614e-05
5.95393786654524e-05
3.76932463930704e-05
5.76414787711611e-05
6.06498696539226e-05
5.15940549726651e-05
5.58029234947439e-05
3.65463797476571e-05
4.24923458373717e-05
3.53109313193076e-05
4.86173081195447e-05
5.24101724941598e-05
4.26362323732285e-05
3.39177015467948e-05
2.50961267837054e-05
4.99072434075627e-05
3.84516047312538e-05
3.74906840395753e-05
5.16970338369311e-05
5.19900933141561e-05
3.88126453471483e-05
2.87808153766216e-05
5.30116080245333e-05
4.4783050230606e-05
3.97544276803571e-05
4.63385034692285e-05
5.36346648749607e-05
5.64536757780448e-05
5.60138452624455e-05
3.49214512605979e-05
3.05175624073794e-05
3.89945758730181e-05
6.28036537540619e-05
3.47663548010345e-05
4.81654629607261e-05
5.34710707719489e-05
3.52294860076384e-05
3.98116162165214e-05
3.62642403542213e-05
4.24493691718084e-05
3.78909378219857e-05
5.41417139229091e-05
4.95534800891306e-05
4.99020580830443e-05
4.15943826174985e-05
4.22851151985544e-05
4.14561395179069e-05
3.75823337221508e-05
5.04829656356887e-05
5.80271427139454e-05
5.06547856560822e-05
4.62626906453585e-05
3.72841260829567e-05
5.14386516490279e-05
5.06356958955354e-05
5.51534439018645e-05
5.5175074891006e-05
4.63887656682214e-05
5.09578166992989e-05
5.40589492258012e-05
5.90031888685906e-05
4.71753730374578e-05
4.69216213109597e-05
4.64083206376728e-05
4.85771751246551e-05
4.79369898502657e-05
2.85290811001307e-05
5.1954937382054e-05
5.10317453572328e-05
4.79551369717992e-05
5.50767701304448e-05
4.24297993263531e-05
5.14396349172271e-05
4.89866606406862e-05
5.07085598761114e-05
5.69891515800726e-05
3.97281820456991e-05
4.30878302353654e-05
5.52029122820642e-05
4.50225008554782e-05
4.63290215531198e-05
5.11911547103539e-05
4.11890339899856e-05
6.03632672339751e-05
5.10847796288056e-05
4.03032539103316e-05
4.58317385136229e-05
4.4638619490858e-05
4.47528806980775e-05
3.26982415713079e-05
4.38078468045307e-05
6.01788171154062e-05
5.17978358566202e-05
4.08161084770427e-05
4.6156154800735e-05
6.41195308523865e-05
4.64091279763316e-05
4.30028422448896e-05
5.43089354647303e-05
3.10133451716052e-05
4.02617114451839e-05
7.70077116953208e-05
4.00509409531475e-05
4.25226133993996e-05
4.83646443274962e-05
4.75648642421945e-05
4.75575149086072e-05
3.6249225847259e-05
4.67044717069007e-05
6.39403199839194e-05
3.71144456395625e-05
3.46362814903777e-05
3.19017492904191e-05
6.98669323283634e-05
4.60895427793211e-05
4.7633872691343e-05
4.38414108233804e-05
4.4893638649901e-05
4.39535982454537e-05
6.26546918811489e-05
2.72058209444842e-05
5.04997895371798e-05
6.99166104747077e-05
5.53074780369505e-05
3.41852701433968e-05
4.88449681756775e-05
4.93834005300158e-05
3.48327596616472e-05
4.81663487866679e-05
5.68508018555692e-05
3.66340753028882e-05
5.15090612027183e-05
4.57830849555169e-05
4.0247923440132e-05
6.10863022307723e-05
3.33505504007165e-05
2.99166195406059e-05
5.31660318009807e-05
4.63590085789307e-05
3.62471340146888e-05
4.42926481950546e-05
7.1803362271828e-05
4.13079150137174e-05
4.22300465696832e-05
3.50834412679395e-05
6.54734720102979e-05
4.17305544846576e-05
4.39264223849317e-05
5.38192453516867e-05
5.07877421926563e-05
4.60250715596477e-05
5.04824368273828e-05
3.70011037678387e-05
4.31673409237162e-05
3.62951415059389e-05
4.11737417126432e-05
3.89676123440914e-05
5.59128015318222e-05
3.87437876611621e-05
4.61850390048891e-05
4.99739056147262e-05
4.45359882250705e-05
3.87032039837137e-05
3.93075424742071e-05
4.30172461721216e-05
4.25645310041543e-05
4.71864994336312e-05
5.76278782358043e-05
5.92096290288429e-05
5.26467876974011e-05
4.67329461670616e-05
5.05871148058859e-05
5.69413257366262e-05
4.97877316011363e-05
4.32136503247318e-05
5.79579216905061e-05
6.30442071125349e-05
4.98662104095056e-05
5.82918478221355e-05
3.71241206486039e-05
5.27130406858671e-05
4.78185029814886e-05
5.40981593858738e-05
5.18875836893013e-05
2.9108154179191e-05
4.53183183373046e-05
4.70250535449914e-05
4.64164780706839e-05
5.82985665071411e-05
4.48951504770499e-05
5.04116500160253e-05
5.29037820129478e-05
4.83669385293749e-05
3.46873630881096e-05
4.12696502738947e-05
4.18434043693733e-05
5.11962518494791e-05
3.83761765088507e-05
4.05018077895485e-05
5.14569465791513e-05
5.23072290852458e-05
5.30024503820186e-05
5.11091046824646e-05
4.00301037232645e-05
4.09813936103753e-05
4.39450363657599e-05
4.84891991143381e-05
5.24833609180135e-05
5.23478099455804e-05
3.87415763946873e-05
3.94203778346228e-05
5.17046140127296e-05
4.59977076550772e-05
4.87551041199859e-05
3.80129291599036e-05
5.29081169596513e-05
5.23445851424006e-05
3.02904864262437e-05
3.84352820294846e-05
4.70852943445108e-05
6.30710196961968e-05
4.66157092869242e-05
5.00394326513057e-05
4.88883574083879e-05
4.73135145583033e-05
3.90212206649797e-05
5.42023393889933e-05
4.50457498172772e-05
4.45457555509427e-05
4.79386487032482e-05
4.31290548993517e-05
3.87206384373693e-05
7.09737434763035e-05
5.48878076834323e-05
5.81781837588895e-05
4.71992340557053e-05
4.25077150833061e-05
4.69949167013024e-05
3.69068539876877e-05
4.11481766035685e-05
3.28036257997655e-05
3.75360510783704e-05
4.53867252064472e-05
4.37956892404944e-05
3.87760323092307e-05
5.95063051726317e-05
5.69093978722443e-05
5.13750343045888e-05
6.55123280097043e-05
4.46553252592465e-05
5.06581386005908e-05
4.57316646501577e-05
3.87088021761676e-05
4.41620209595294e-05
4.39266354734099e-05
4.18917242613049e-05
3.50588799319986e-05
6.05964128203319e-05
4.82271135960611e-05
5.85661684353006e-05
4.24603395924983e-05
5.31658935517306e-05
3.57098806819024e-05
5.63086303223073e-05
5.64328860956121e-05
5.01909864016522e-05
4.91869574250254e-05
3.34441029310428e-05
3.99710338222579e-05
4.49830339052282e-05
5.99150224685519e-05
4.287065740567e-05
5.3926413601284e-05
4.40716384451833e-05
5.44868382588007e-05
3.19138567096141e-05
3.99099772570454e-05
4.85410104428075e-05
5.44327431122875e-05
5.95027610112578e-05
4.21492935085714e-05
4.27318088946473e-05
4.55813950379246e-05
7.54455354111743e-05
3.97508123995831e-05
4.13414181973711e-05
3.22471802758522e-05
3.54942820054392e-05
6.0774767982137e-05
4.71725600265502e-05
7.13532906691782e-05
4.38717068392093e-05
4.49270932345902e-05
3.35827088967718e-05
6.0223653811936e-05
4.31104784201622e-05
5.62156428722129e-05
4.28858376070644e-05
5.66531639061746e-05
5.00973426260553e-05
4.60076381776608e-05
4.62094689606196e-05
5.73199758844253e-05
3.85695626632652e-05
3.52338639836203e-05
3.88248033879695e-05
4.67917662015352e-05
4.36612568046217e-05
4.42030424732489e-05
4.32939682395732e-05
5.84742291181858e-05
4.46713165491384e-05
5.97093465186964e-05
4.32373827699272e-05
4.22337483503449e-05
3.27197250161274e-05
4.51766227206148e-05
3.78648970156033e-05
4.56263122666884e-05
5.02336961328837e-05
5.29735639740996e-05
3.47853946823075e-05
3.92048242554652e-05
3.78531089963657e-05
3.61129993991349e-05
4.75287343211615e-05
5.59342078913074e-05
2.53813398518053e-05
3.72718612193986e-05
4.00372360147605e-05
4.73580510191971e-05
3.48704577301187e-05
2.70333487276401e-05
4.50925142668531e-05
4.18976079748536e-05
5.57466031394915e-05
4.83711408705676e-05
6.3145443418889e-05
4.00647474693541e-05
4.24575877964227e-05
4.29030271395875e-05
4.02822601535765e-05
4.19614595079781e-05
4.86546387590879e-05
5.76942396571225e-05
5.49294088814241e-05
4.61531584192366e-05
4.88444415380371e-05
5.13839660705896e-05
4.16185197103983e-05
3.40549698081897e-05
4.48817433938499e-05
4.21142719265956e-05
4.04218180130571e-05
4.68378205745836e-05
6.47484871380635e-05
5.62162143175027e-05
5.35170894111276e-05
4.16445203602264e-05
5.22468625713703e-05
3.06362471820538e-05
3.92994655445823e-05
4.67853496786022e-05
4.55276060185993e-05
5.27310682427492e-05
4.25196353371552e-05
4.71007389261909e-05
4.99112750390721e-05
5.87978061252493e-05
5.58468839584551e-05
5.31163465514714e-05
5.59969246037805e-05
4.73003199309434e-05
2.96120190652161e-05
3.80772238352095e-05
3.72227193769036e-05
3.83826889353333e-05
4.29216643463327e-05
4.92039204957211e-05
5.35145646351072e-05
5.39731389077344e-05
5.03495923473675e-05
4.61109367522914e-05
4.29761607498968e-05
4.62622802126806e-05
5.55377886129837e-05
5.36329293974383e-05
5.57180580209392e-05
3.7087922333605e-05
4.40167433223741e-05
3.72898714385408e-05
5.62813310699295e-05
4.14069462433426e-05
4.15537035381495e-05
5.36530591845408e-05
5.21846507241504e-05
4.84752064771067e-05
4.1226783639276e-05
4.91094898481706e-05
3.85315052223856e-05
3.92109503772269e-05
3.26755555955082e-05
3.92148945950312e-05
5.44503876070617e-05
4.21582422275342e-05
4.46629454447e-05
6.97463113482582e-05
4.18908795475077e-05
5.14196854351227e-05
5.99455872774497e-05
5.48516725778398e-05
4.21195196213816e-05
6.91287009356439e-05
4.44949566216172e-05
4.62972131580986e-05
5.24153246218034e-05
3.82114134570038e-05
3.67805209232076e-05
5.09128626254697e-05
4.70997582737783e-05
4.6515318451488e-05
6.5264756328754e-05
4.91568864518993e-05
4.00587778393028e-05
4.75674678943256e-05
5.85532543923981e-05
3.17380590600491e-05
5.63051502105434e-05
3.99627654109208e-05
5.39711093195355e-05
4.94305550736676e-05
3.01735804771632e-05
3.48548002477341e-05
3.97889728408727e-05
5.48344254389238e-05
4.19681306779972e-05
4.68834335321901e-05
4.04017052897665e-05
4.94869916845523e-05
4.56364709429944e-05
6.30726060525238e-05
3.46340521497946e-05
4.55318144059361e-05
3.91127591296881e-05
4.17888994911452e-05
4.42199955034644e-05
4.32316274404876e-05
4.7310902842745e-05
4.59909643204471e-05
7.0951332963303e-05
4.75866366779148e-05
5.62341271045311e-05
4.18193131321866e-05
4.60926578495897e-05
3.77544543513986e-05
5.29668142101099e-05
4.13650021807834e-05
5.3782691060062e-05
4.87934184677379e-05
3.67227351682793e-05
4.99210089607183e-05
5.57247114045018e-05
5.67695817600538e-05
4.02633615043212e-05
4.0066072662621e-05
3.78296115287989e-05
4.86910010141455e-05
5.06464547068398e-05
3.91757436167118e-05
4.39358173196721e-05
3.76243794705123e-05
4.62508330252559e-05
3.24889316005274e-05
5.46986888324025e-05
3.81772418798234e-05
4.2262310698861e-05
3.31856377459117e-05
4.61858345906952e-05
6.53738917188345e-05
5.3135636067907e-05
4.53795097918055e-05
5.17475288420653e-05
5.48730642456176e-05
4.24208233690464e-05
5.1156675514923e-05
4.73437114455163e-05
3.87851953770548e-05
4.08414546678704e-05
3.76382502221314e-05
4.2423176576307e-05
4.0635358441094e-05
4.50589848939932e-05
3.59638266319527e-05
5.71403169657458e-05
4.15068900242968e-05
3.3156111091368e-05
4.98270896098029e-05
3.86951537711201e-05
5.74782287929057e-05
4.26364346317279e-05
5.40585598987114e-05
4.7335141254255e-05
6.35182874711145e-05
4.61456484231143e-05
4.669971909336e-05
3.51245898540361e-05
4.44252755302943e-05
4.09040288568691e-05
6.74953884522115e-05
3.89718970374325e-05
4.04166227759917e-05
4.87733284436817e-05
5.61803811590137e-05
5.82270579046354e-05
3.74746564609988e-05
5.05411242844521e-05
4.71498425919434e-05
3.82280488459464e-05
3.01427523249947e-05
3.73155411470046e-05
4.30634845841348e-05
4.80700570717574e-05
6.12036128222255e-05
4.12128379557641e-05
3.28473067173945e-05
3.13163672836412e-05
4.58427060416839e-05
7.18352726849818e-05
3.97950901253778e-05
6.54257736657465e-05
4.18955736052615e-05
4.98421607028459e-05
4.94679099837882e-05
6.1345274162147e-05
5.26611959332039e-05
5.12353464252778e-05
5.02743483269377e-05
4.3894854843415e-05
4.96854074954742e-05
3.59833937864734e-05
6.16062214285313e-05
4.40013714571193e-05
2.8966245383145e-05
4.95532962586403e-05
3.73416476144773e-05
4.03680556779855e-05
3.47707702734404e-05
5.32882535190737e-05
4.62914939389005e-05
4.57715416641399e-05
4.79588022476064e-05
5.04915043945425e-05
3.55085081305751e-05
3.66265313315274e-05
3.80788220118926e-05
3.57707418054879e-05
4.52578880392717e-05
5.62946296602144e-05
5.65239420549101e-05
4.35107719042128e-05
4.5909678642548e-05
5.26015815756662e-05
5.53102550239406e-05
4.54305712453638e-05
4.01764660587772e-05
3.44055970175508e-05
3.89243924657353e-05
5.23154085575764e-05
5.72727563086423e-05
3.88957706740666e-05
3.36853411442928e-05
4.11664930173769e-05
3.74124454201565e-05
5.08958844989129e-05
5.14712952346924e-05
3.82613180198312e-05
5.08920716113449e-05
5.63517056540439e-05
3.83102676764271e-05
3.72281928875477e-05
4.10714656643903e-05
4.30693523312664e-05
3.60437893494529e-05
6.54761693271663e-05
4.77897347984357e-05
2.8271597601878e-05
3.52414427063958e-05
3.81192591756138e-05
5.65145614747615e-05
4.09381956682923e-05
5.55040801691004e-05
4.0333999908741e-05
5.9587533454969e-05
5.38820751973069e-05
3.87966474809501e-05
2.38992757206719e-05
4.44421284154922e-05
5.10859542818738e-05
4.79923503814804e-05
6.48862114143185e-05
3.99210286112701e-05
5.05224257453823e-05
4.03212801223615e-05
4.8500401184677e-05
4.34943119412792e-05
5.1101457801074e-05
4.48024858911479e-05
5.63961952890406e-05
4.69505174794632e-05
5.43940159937871e-05
5.06132145146569e-05
5.11570425453333e-05
4.99480806866365e-05
2.71648527076e-05
6.24652112639198e-05
5.88570462727426e-05
3.72668385873438e-05
4.34397477608418e-05
7.22102304505357e-05
5.86521298513424e-05
6.02534462729525e-05
3.60420884263263e-05
4.37577254690618e-05
5.26695691644066e-05
5.47478273779388e-05
6.74564583048489e-05
2.70618236485584e-05
4.31351846054115e-05
5.17030041727387e-05
4.39082158758321e-05
4.20475811097352e-05
4.69580681106992e-05
4.96014370315853e-05
4.31529747136303e-05
4.46218790128395e-05
5.15180184224072e-05
6.79569173056847e-05
5.7970891787869e-05
4.75805085277719e-05
5.07291401259415e-05
5.44008359242263e-05
4.62463130701585e-05
4.85010503011197e-05
4.07866877616338e-05
4.37033704547041e-05
4.67494731117936e-05
5.6843930276831e-05
3.61161541445306e-05
4.40724966333305e-05
4.52150796023548e-05
6.60641453616007e-05
6.38854156004392e-05
7.33708197829186e-05
5.05855459744548e-05
2.90174976804217e-05
4.19727177110631e-05
5.6453145310443e-05
4.91969825562081e-05
5.4671470610221e-05
5.046027720455e-05
4.77952546093917e-05
5.79293213419042e-05
4.30623331201635e-05
4.96202155140353e-05
5.84274823526885e-05
4.18326673738331e-05
5.93213076455394e-05
4.62508984239961e-05
4.89410556740872e-05
5.56505446437491e-05
4.95537893286972e-05
6.85932471322452e-05
4.16410351578628e-05
4.25127616056779e-05
4.76995716214718e-05
4.00442713482255e-05
4.86106807161429e-05
2.73755341357457e-05
3.88707313214493e-05
6.96245269788519e-05
5.23080877094424e-05
5.83552745878483e-05
4.24567023061885e-05
5.15153387515689e-05
5.01518003833993e-05
5.55638489822042e-05
5.54309069416763e-05
4.85486566850256e-05
3.20631219445121e-05
3.68050005160928e-05
5.51370376759261e-05
5.45386498614581e-05
4.30640783392153e-05
4.07739821339683e-05
5.94944352154994e-05
5.08738113720578e-05
5.11216416589387e-05
4.81741513452922e-05
6.19071918003316e-05
4.00074711778309e-05
4.46690691823825e-05
3.67202488370378e-05
4.76235036701383e-05
4.4308537750485e-05
5.81047414744975e-05
5.73940656925272e-05
4.37337327858018e-05
3.9742845222721e-05
6.24854994805473e-05
4.35210423169231e-05
5.16708582211084e-05
5.77910777284621e-05
5.25899735590502e-05
4.20251023005349e-05
4.17218423152596e-05
5.86135748415422e-05
3.40382031087563e-05
3.62242925040498e-05
5.12088369400189e-05
3.98015048612346e-05
6.45499265463621e-05
5.74669255762026e-05
3.16922322618221e-05
4.20469414413769e-05
4.48822354038515e-05
4.87411016179511e-05
4.6335998265058e-05
4.26959831570704e-05
3.80949493603397e-05
3.60278973462976e-05
5.2673884384046e-05
5.10713337590104e-05
6.07700046676477e-05
4.65701737721522e-05
6.30215418360111e-05
3.47800226803252e-05
4.63986500997565e-05
4.70103128044487e-05
6.68408379399711e-05
4.99430702055353e-05
5.88252778134826e-05
4.82126659319097e-05
5.17557231497173e-05
4.43357580682049e-05
4.2463204592041e-05
3.55350978505447e-05
4.034922419184e-05
6.07370944804501e-05
4.66549848131942e-05
6.05123732465368e-05
6.77573796623598e-05
4.82998708927796e-05
3.87448741489942e-05
3.11278681880599e-05
4.44324282512454e-05
5.13321689070635e-05
4.13769316015949e-05
5.97382751493876e-05
3.37986312948833e-05
5.8528731035234e-05
3.6334304769104e-05
4.26374816404861e-05
6.22506523214432e-05
5.75004571871037e-05
5.20914332285471e-05
5.3967007985964e-05
3.66742415297288e-05
4.05406057790876e-05
4.86132440293921e-05
4.2615099685179e-05
3.85755940637787e-05
3.68539201775392e-05
3.99971035711311e-05
4.89655121450174e-05
4.32529600329712e-05
3.08191442554569e-05
3.75046029816571e-05
7.32355366921682e-05
3.76288161766328e-05
5.07256164442714e-05
3.92971038299821e-05
4.61509747546707e-05
4.48829329160197e-05
5.06539637426674e-05
5.37150183613148e-05
3.41431443858987e-05
5.51995797543375e-05
4.17678210303572e-05
4.9577126429227e-05
4.863000964787e-05
4.46303356509563e-05
5.66488026876103e-05
4.68931824792062e-05
3.76500780713902e-05
5.0028332788881e-05
5.13929714129902e-05
4.91365099853957e-05
4.13372129508858e-05
3.76051193176375e-05
4.28291069763077e-05
4.33118354162339e-05
5.53431821979558e-05
5.7111477891387e-05
5.12604130807134e-05
2.8254573225872e-05
6.54436770403578e-05
4.08324407291258e-05
3.14558978205957e-05
4.00336901812986e-05
7.03368896747438e-05
4.62659590048122e-05
5.92200138421735e-05
3.32551812133674e-05
3.83107322179174e-05
6.27513400320083e-05
4.83051266725004e-05
4.26073311125912e-05
4.4781543543536e-05
5.04594495796817e-05
6.7561803816383e-05
4.09152833976976e-05
4.17793649951859e-05
5.37425930652638e-05
6.61674906033069e-05
6.77018052830658e-05
4.34100800859607e-05
3.05538687521457e-05
4.56155653414107e-05
4.46693432566925e-05
4.28178713213289e-05
3.10970398734656e-05
3.59176918443537e-05
3.68969488360146e-05
4.79611407903236e-05
5.2696548521611e-05
4.68235368353917e-05
4.21515808880157e-05
4.40676778524035e-05
5.23073995566357e-05
5.78671872707638e-05
3.79109282812852e-05
4.86824104945074e-05
5.3844314580932e-05
4.35379112162949e-05
3.44694853537685e-05
4.50046805816507e-05
3.95792432782528e-05
6.23247247543421e-05
5.63996007245704e-05
4.81721931171478e-05
4.0088447491668e-05
5.7327513016902e-05
6.08129518155321e-05
3.98260546576534e-05
3.68458744229702e-05
4.50329253067556e-05
3.96232551036654e-05
3.69846358248426e-05
6.1038335022466e-05
5.09661535829667e-05
4.59618197636536e-05
5.86872087740308e-05
3.89822811568989e-05
3.58194567524325e-05
4.77025519160369e-05
2.34008503638545e-05
6.48319313838897e-05
5.04338368288853e-05
3.8493061116826e-05
3.71442851885532e-05
5.89157418408936e-05
3.78076982641472e-05
4.0972114245897e-05
4.65692390117683e-05
3.75447091678945e-05
3.19915475645235e-05
5.51419536169299e-05
4.67620797752363e-05
3.97460410106891e-05
4.78990678550991e-05
5.13582043384072e-05
4.02116929416982e-05
4.63364812455217e-05
5.04644690219504e-05
4.39671638034818e-05
5.28824917547549e-05
5.40346614989681e-05
5.2198868214632e-05
4.31407525810572e-05
4.36720664077243e-05
5.0973069144544e-05
4.33741716149149e-05
4.6809219388057e-05
3.00036647984439e-05
4.65498908698577e-05
4.57735173501632e-05
4.09237471531962e-05
5.29116180298222e-05
5.60825486393569e-05
6.54609094350607e-05
5.8086668323748e-05
3.90043182833238e-05
4.8745742496062e-05
5.44813024780845e-05
5.28971497983052e-05
4.38130840409883e-05
6.64149835548392e-05
4.18189222074999e-05
5.50304695034076e-05
4.51265988592091e-05
4.28183930790662e-05
4.76733770999985e-05
5.52634657645828e-05
3.98058367964735e-05
3.51649662992404e-05
5.38734542329593e-05
4.72625658357383e-05
4.73862998937966e-05
5.590603426569e-05
5.01896568170175e-05
4.21214749812216e-05
5.86876853979335e-05
5.75679272459897e-05
3.99447084050665e-05
5.55037031730802e-05
3.4199560351949e-05
3.71969922615195e-05
5.4338523725655e-05
4.61485255416555e-05
5.20418532708967e-05
2.54941282664925e-05
5.34288404593924e-05
6.26416192146154e-05
4.27787332203924e-05
5.17187393916487e-05
