0.428458567030817
0.491228806191058
0.20453280882122
0.209124472448811
0.403756257182274
0.193999617722278
0.210878390626391
0.643423950854797
0.557412759662088
0.281088075330428
0.636043079944174
0.542493211016258
0.412034582909293
0.543535754943529
0.271151969745319
0.620739693643139
0.322286476304299
0.59582058795058
0.53202243238162
0.134773070279774
0.278704922423322
0.189997095290874
0.269246440645362
0.395628336948266
0.35303007327266
-0.0494877291068302
0.59746457051726
0.14666387080688
0.429596492414202
0.399273877652265
0.498804225996632
0.584169879771429
0.41660332645019
0.46822688422556
0.307812895655407
0.0583493468718392
0.541990737368338
0.369153145131482
0.345987745671325
0.40767433781599
0.635934941879745
0.299059238332009
0.506544037704123
0.426453605113087
0.130627653882502
0.345809852239616
0.162700517286041
0.532494771640316
0.411309416909235
0.173671633779513
0.0137692486494173
0.410784886913465
0.158681414781559
0.348468644802604
0.369065869022129
0.393808495307204
0.358081322486987
0.163844311153991
0.318037081937092
0.499063301449807
0.303795585887476
0.0944255253107073
0.20635815093614
0.670963616909409
0.36768450299466
0.465664860055281
0.397448130940263
0.392900651180809
0.223206127217916
0.224238409659168
0.401547989840322
0.227873353399329
0.552223122563266
0.550723048938368
0.411892440731593
0.40727766697585
0.628167350837636
0.274765735761138
0.43919393084042
0.748938749187427
0.298066245312813
0.361104425846285
0.549585534977687
0.0129472381001272
0.442069711798159
0.418581554239626
0.479469592899551
0.12284004341907
0.448887294662889
0.460479676085484
0.462068583823368
0.317173763350416
0.275884872090314
0.246021395960233
0.534369766864878
0.582245491325288
0.35146554983403
0.422797490232938
0.487141069768795
0.503298027362187
0.352065340442687
0.423519730677392
0.454900246422772
0.4530031949493
0.400453200283036
0.541631314326113
0.282596920960472
0.492636985577792
0.329408311934867
0.393445199851952
0.510807448089067
0.461364527191556
0.557837423512454
0.476697466231401
0.0990495247370233
0.325443932010431
0.44728152664345
0.529367265791335
0.431889111901951
0.375361911102277
0.297502861746755
0.515955210258354
0.236454352818749
0.470604713085522
0.432863445221569
0.207905837595253
0.158122362304736
0.394091377249907
0.300789039912562
0.44719680313017
0.107172409004593
0.553167901174762
0.246481205741977
0.383817579764269
0.365688590001002
0.473496845994446
0.177520000829867
0.416699961745327
0.450851898179658
0.454418455108306
0.51030704049974
0.415422622866799
0.470567626658275
0.405232181066927
0.195853432098416
0.374790517438077
0.0675685256336551
0.526181249113786
0.108723226285949
0.254993724016375
0.581037018576262
-0.00117650315903006
0.200452783919696
0.484659014326311
0.591907831601286
0.429482236886097
0.366911640081544
0.0488873235264876
0.433932399357926
0.198222671701796
0.276830720137908
0.0989038951942162
0.491428886754465
0.511949820426636
0.30787000496311
0.214269731422346
0.147113503057916
0.239331921330523
0.424987473949242
0.439939492447192
0.57065260923631
0.411122338889279
0.561473299063676
0.437791400859111
0.510632543354983
0.284550624181138
0.824537385406704
0.606535255809089
0.425187232436618
0.548899086339984
0.225138204461573
0.439150659546361
0.361149497094026
0.383621105140931
0.080987056197132
0.410948676900618
0.323317695900008
0.186116174935472
0.17830324560628
0.550723037626149
0.267083853251226
0.0897811431697772
0.553041244086157
0.233829724267334
0.522542062158085
0.383209218099624
0.363404568734961
0.449437542653405
0.490110551919644
0.195347220131647
0.611967722382525
0.397716427441472
0.439201966168545
0.180390577834314
0.354973551208356
0.646000542241302
0.206149703391643
0.556283198624686
0.109143441189899
0.516020929960932
0.459210457340825
0.498854191696458
0.550941934854787
0.438293888780579
0.25378524187683
0.454500742451651
0.296243985056414
0.263913865827735
0.537335540773094
0.30229592643093
0.577035746908117
0.370030086025204
0.343357655074826
0.287434916093059
0.628733404262536
0.357154087862669
0.369028281891132
0.146454435879138
0.45755101752111
0.141579718133876
0.256457060148634
0.40975420811144
0.478514363027354
0.216534941283076
0.274252135766906
0.46698435361847
0.469794572082439
0.41060697170417
0.370070575005907
0.47097322375857
0.263657085102206
0.321746817183917
0.117177521510425
0.275933622706364
0.29651837134102
0.0749189870244419
0.3102599605716
0.484466000548751
0.439153866699799
0.559715565454704
0.312939857300912
0.348611301201121
0.281345221654703
0.159244292999713
0.11477713258577
0.15973528242822
0.520890169710992
0.117823800497589
0.264312447384273
0.448624271551541
0.51397515744962
0.504148300161478
0.481186877470187
0.392874234558269
0.479961064335738
0.329073935719239
0.325674121809881
0.493931014920413
0.716546735034098
0.274218621665213
0.835995062850904
0.246461961484171
0.468289164291899
0.398142520509481
0.337197601580375
0.265249684496996
0.339610804605038
0.348448824537771
0.381622238127364
0.560492620785998
0.445664745277864
0.148502725314724
0.522225560068085
0.155838166010692
0.124203195951803
0.306358052187306
0.151737039487839
0.523417354892456
0.319573513734883
0.35278647320248
0.510840180405228
0.254862564901654
-0.0739827463303789
0.432492431561617
0.191837259068721
0.246761628224587
0.278058496641357
0.246590521619605
0.129882185702593
0.433795395103279
0.402697561022447
0.309471724849255
0.382441296147054
0.475824860547869
0.368743865529047
0.655687502917328
0.593349769287696
0.470967244285956
0.537949714532144
0.750656519187327
0.16499193001951
0.485061934770615
0.459766397130226
0.15665081484248
0.319288768146989
0.524937025886101
0.354175712439386
0.540948786895466
0.135001130702613
0.3053112600532
0.377116629220906
0.283171397903445
0.335493135193102
0.282312669548834
0.288960480007954
0.509662046870536
0.291698144401625
0.522113512105635
0.0613193162246729
0.0708432357821999
0.118002380267578
0.494030941691608
0.218217399429508
0.360228616408314
0.456343828360598
0.385403714438589
0.36046780625159
0.448779790806202
0.223503628497893
0.243623314519263
0.458474312608009
0.442950220276462
0.499432975389086
0.286613341503422
0.124258152717405
0.577571659908523
0.387963265912723
0.127012592499241
0.154330250013721
0.365158767654306
0.512105324209528
0.647395839396549
0.377105904246046
0.228520959684316
0.297392064310834
0.26667075184505
0.175616431118048
0.532957287935999
0.322696785409757
0.472338993771567
0.261381761004409
0.295018617325276
0.376432225657991
0.0427093608920147
0.465353560684506
0.438873837946897
0.307291950688614
0.431934627741754
0.444151167441743
0.558292889792208
0.17858702302281
0.197998887887305
0.309434085308125
0.247774326923518
0.546561618458717
0.359827253608625
0.512796685797021
0.116595214233355
0.473911445757762
0.180090510583243
0.58345308086005
0.150865473980356
0.39423656281001
0.342213519258466
0.396790753722068
0.395003011033414
0.428145427887757
0.227811772794992
0.518950314580319
0.572517863666208
0.383726726697922
0.223303009169568
0.576789687618539
0.2510692197279
0.228091183331694
0.223914755520262
0.493012748806575
0.579613007473449
0.329789867940315
0.36826221160147
0.460270349546073
0.513017489936059
0.0880645452319317
0.462203745151808
0.308359223714801
0.412039633369704
0.44020112611079
0.501801590577277
0.501440282628431
0.494384044526931
0.558215525136205
0.535695108141165
0.482171804392177
0.289955478410847
0.445778279303594
0.475931632435826
0.637343475355644
0.186911863974583
0.286697044804548
0.139879213338902
0.468889809262342
0.505365138622834
0.12785682433587
0.322040269999649
0.199432605762112
0.648432423295392
0.437374584321267
0.409751176304309
0.519651069925487
0.135113414178859
0.277620853528026
0.577104580380105
0.363381189677237
0.211814005931027
0.0877893412280445
0.29347563550423
0.553914856060888
0.359005481080935
0.521495482927866
0.589969026871117
0.377886223532248
0.307116928949138
0.335501657685663
0.445445121369653
0.11060692851158
0.182767523025043
0.37876912471106
0.507721596938799
0.392650746789453
0.50888752596124
0.528089385330091
0.294943680991588
0.426553664869858
0.440163720665338
0.517305844403652
0.62803123617902
0.172244901173214
0.366947300659608
0.573534012116669
0.418252512150001
0.215604353354202
0.399502449007186
0.388849694617087
0.171345968339252
0.410514811709226
0.585546619057178
0.510335151869658
0.708960388552599
0.171711853314194
0.551623286796281
0.372671337062651
0.329659470546882
0.50250027718892
0.230041621982713
0.195143569721765
0.152655768000095
0.180870346983512
0.303195687625343
0.11594439541646
0.228207337672457
0.267720504924138
0.392702941229977
0.384051245708149
0.45953324528961
0.301332185667937
0.460825989653148
0.379467924307888
0.439775282047946
0.514412754328357
0.526132141727924
0.286456669881269
0.635533781672606
0.421000157620943
0.593507012718499
0.348449698299656
0.480057629966977
0.666797750274965
0.28342937683469
0.412178733272462
0.273666727726161
0.322533139612284
0.438772447607413
0.380486319560845
0.17650585625399
0.239831620091232
0.22354828377352
0.304262320250008
0.276592832504655
0.559492724802128
0.0535076456297006
0.516672233888546
0.333661228893619
0.412646628041707
0.611275951884813
0.318801571904855
0.344571142650154
0.403700430705056
0.572879722338686
0.0403044172444945
0.401559926410166
0.088286294763262
0.176215273633872
0.282861133574412
0.423078221323111
0.339035660420309
0.429092748411924
0.303820520229323
0.169637415167149
0.599231471597949
0.473482157456907
0.506043930560963
0.100157318243202
0.402690207541838
0.263257240920158
0.24331354799367
0.59534892666241
0.475307275925406
0.283884935699884
0.321749600206441
0.462400290065017
0.373410153816733
0.392740125164528
0.298630319742896
0.0428843133551358
0.209613750843909
0.469290801817197
0.236339117084671
0.587805684709719
0.575381588711944
0.287750108055364
0.223650641514809
0.207894634082286
0.290618244691389
-0.0786541530975887
0.218795952900637
0.497355365247948
0.247699416997172
0.413907252102215
0.319398024391549
0.483384654754568
0.331523202285585
0.142215445017546
0.474489136092568
0.265315386606449
0.39224231817329
0.489255241731479
0.504950333266018
0.422531253399811
0.37790304790354
0.244895808101022
0.160704742606957
0.384038651515327
0.103439654696182
0.532206145855119
0.480664589521097
0.490263042118399
0.380526526873225
0.521631902100097
0.0015987766717893
0.44066695630645
0.2085103813058
0.468565446226551
0.468228657170328
0.40958508153749
0.377846108536695
0.347431773750658
0.259049448550414
-0.0219177021816952
0.436198577440384
0.667449618822973
0.51081620217591
0.401640085050026
0.343728006188407
0.47068443238388
0.270112539703273
0.122012213717194
0.164331560605476
0.184817523862942
0.386456799564346
0.197024513714414
0.299042308126331
0.368823598680348
0.592396654488002
0.396398723591328
0.533540630383558
0.415822207482357
0.56943168315626
0.576068608228942
0.364283158404679
0.288318823655629
0.498433106247113
0.567343518126172
0.31042046546386
0.35324955982074
0.457744833402529
0.0933057258099101
0.141250421966808
0.278743999976284
0.561860361251389
0.409093908076695
0.630571472662274
0.473120173049055
0.159902447835183
0.504246544149478
0.457597412198865
0.490999939985716
0.128522384928001
0.189810638223998
0.440145112698293
0.38201468079224
0.280406207987081
0.386558397317973
0.41349451046292
0.024960310676072
0.272302674438917
0.443375190988729
0.091908679413995
0.525816798111106
0.401595233208125
0.436995747087547
0.393384951193069
0.360250861814228
0.419141967489327
0.496819523363638
0.468411424363505
0.632431947056896
0.311069617069536
0.574379046246905
0.0968969563235718
0.354538275224902
0.311639122816229
0.467372897204447
0.592759439180929
0.531460393865814
0.334659056182998
0.420561149078847
0.561292754262618
0.230635146546181
0.342052959125357
0.659914191799892
0.634258519582959
0.314573178886814
0.282499486231325
0.335255962133208
0.486257044509667
0.614683285099077
0.39890162038734
0.625501354688331
0.123154514642666
0.3242107855157
0.198082390103404
0.398324980381221
0.40507843456024
-0.0822762957030257
0.26931260487123
0.286962252630863
0.269386178282969
0.449036731436735
0.491475814554753
0.0958669239135931
0.291981796911737
0.322439620849745
0.187620372566718
0.25179790525941
0.281720915320502
0.42369460246528
0.308931570354905
0.370795904294836
0.643279937955897
0.435850027484544
0.447097189841532
0.64644436812803
0.548134762828868
0.0730889631042334
0.351689861830066
0.457668302408223
0.226456934545175
0.28250375517732
0.550771268981529
0.542830282566353
0.12443408659828
0.427627978422247
0.0966105319423739
0.0478673875563427
0.58031335597447
0.425288573723469
0.459771007080353
0.31959626302204
0.278895839897718
0.36881213206271
0.48505596936111
0.300281308484161
0.505175873754801
0.180884396767091
0.226389970094665
0.407384177042258
0.423955812448618
0.43386982125643
0.252339218137088
0.546539954652984
0.212217409556583
0.157707126438927
0.454195410204426
0.261328531884225
0.49450606189244
0.123516092220408
0.254812422378834
0.258133390018255
0.372276406906746
0.437772106993584
0.521996526286276
0.0618526500952453
0.480861920502608
0.311116017421518
0.293574131541618
0.479615654322464
0.394143676479199
0.50472936525394
0.481480785327224
0.291113654935311
0.499089684108121
0.234679026454471
0.529662294175489
0.542539555846643
0.30812301428307
0.285784768986844
0.347807398524377
0.57511523431701
0.258915332728272
0.343139668730735
0.39197265186154
0.459813285187984
0.216027802970302
0.631719868889464
0.475495119487531
0.427269369841585
0.122320477611722
0.0961826610441306
0.711624285151242
0.294467076596598
0.289490485152374
0.724277557817638
0.203872514536702
0.284525608114238
0.451978889383759
0.035518248819836
0.294826093342671
0.366499897262317
0.544957664038697
0.42959160885664
0.45637311980535
0.573055191934061
0.382736176067586
0.333635575636587
0.53006618465449
0.354033857638502
0.29203470883868
0.443734383289589
0.365600589356035
0.475720014925022
0.187630214651499
0.607591964671276
0.383752931657904
0.289269369052775
0.271075211797205
0.26134753782905
0.073153653609152
0.107734345116866
0.481605246442281
-0.161639667736056
0.296734520549761
0.245057129161866
0.130693180933668
0.69974601828296
0.413652347572202
0.139187226702162
0.400253884748794
0.289201921018655
0.419726711294881
0.323499585285229
0.512697208873392
0.290541968289596
0.236780834455317
0.111951220393419
0.392331834330944
0.497832837336253
0.433031423437705
0.294968562357345
0.222782876192048
0.00976182447115845
0.589648951937203
0.389906967172945
0.19865771868586
0.416500785510267
0.328549313817194
0.226460562372096
0.248894767933397
0.352908721696581
0.733953270652799
0.199277315840142
0.142681432352274
0.135326245169317
0.104974238531009
0.800467266287103
0.425679281417378
0.524911469317229
0.199274620703726
0.433166784143792
0.367130781462612
0.0278648424579612
0.483985733090642
0.373863377040118
0.512421929764219
0.382548987418609
0.543882725742586
0.410840202382037
0.342672262832598
0.541035469437382
0.184989067679129
0.109759356950449
0.64236394812447
0.448078649069772
0.313884397002273
0.605633591613011
0.189273180359179
0.24997094981154
0.399894163180925
0.518399168614948
0.392346813870523
0.369172387552574
0.515623506541667
0.385366666694602
0.573462501328045
0.371746664563021
0.406576845927798
0.397399854216583
0.229092882103533
0.418531719284692
0.232700072673901
0.46107327082818
0.295615593168519
0.477631633589921
0.363411865349691
0.289112278075099
0.404308963957194
0.416880211700006
0.286441419160548
0.328210057494593
0.409366590000092
0.504299417161868
0.160249666052752
0.43739990356988
0.639983305632397
0.516805678307383
0.242200729647415
0.314153942535287
0.0436368175739753
0.518677519488386
0.189482603774591
0.126416877859183
0.475228590194542
0.289410672664448
0.409278339564743
0.48353516132071
0.213197315464951
0.250906039192809
0.51644653415082
0.313325795247971
0.569376229049676
0.318070433080802
0.498161788890139
0.542233709272261
0.169174798415786
0.325613362996487
0.447767052414766
0.505819512306279
0.225097131286263
0.512448820547442
0.363561089521495
0.24538625747494
0.493669174515152
0.227082629308205
0.329344969381897
0.471612079610724
0.167119122893522
0.530019643448606
0.32383930164236
0.325685047623825
0.0291841582687945
0.415537683657154
0.465884351132629
0.400949047884744
0.196349437169325
0.02626170518646
0.438237730919204
0.202950911868643
0.453902856361363
0.47483413784175
0.509688657729633
0.459399154643461
0.329902872421597
0.177272281531123
0.32612531044144
0.446954924250356
0.130766880098359
0.379647806104667
0.308955612905675
0.351575756284095
0.564144186411223
0.403899890018988
0.786857037130531
0.0828257164705301
0.47966324781128
0.306478952766642
0.551362456759021
0.225413778710533
0.46526454438426
0.535972364175061
0.284276791434938
0.423651458128042
0.464171728331204
0.495900084549108
0.286218605003482
0.512678991386025
0.406118244410792
0.190554934905753
0.461244513121077
0.648200590194789
0.382573131819869
0.212249524967089
0.56154628337081
0.352667064807916
0.411754764621172
0.623041362090465
0.413819685090116
0.432125309631314
0.421899028619815
0.224596432645867
0.519888430609608
0.461359117458555
0.452627386316033
0.334087708140309
0.338083211280669
0.468156924774039
0.369616006589121
0.420595460580368
0.393001189742002
0.328289239742331
0.412898925811612
0.441179648252226
0.513011993828682
0.178079744555003
0.229897449211319
0.143644669009124
0.333130383029691
0.58151127190395
0.346136077434287
0.351073945617961
0.459758800057434
0.441371453174671
0.15061736535919
0.309120207695836
0.380802277064937
0.375247585765742
0.322781015719886
0.453061968334932
0.3429387275065
0.360405656199945
0.242258116493153
0.378282586347157
0.48345227352664
0.425920964903011
0.490515052041671
0.463923690482078
0.396869810408549
0.492010548232795
0.327270093940124
0.335212091014866
0.542459524531587
0.241934369294045
