0.0891646549074959
0.266534242062708
0.144883536469459
0.160766651364774
0.205141492476197
0.119976861968221
0.143219042833776
0.203813885073723
0.304634478771877
0.131394922561177
0.381488963061241
0.170409355809901
0.109993983332102
0.175743300736802
0.0804316446373192
0.334545329545888
0.088072502446436
0.36218543033871
0.209135717636165
0.220104520831384
0.193638102060821
0.145248057652771
0.213577105020444
0.125921149854647
0.175156978500129
0.0493587091526558
0.26431611322467
0.174778665583514
0.14308826203313
0.0967539378404014
0.161005008269777
0.359806417686594
0.283597009927395
0.306318598060356
0.133520626748947
0.217329003147394
0.221681559310399
0.173115833208887
0.145943441550079
0.144071562020055
0.323667761681419
0.0314400644164523
0.205689841160137
0.170318082788279
0.0983247046415707
0.163210759561201
0.215545912394128
0.308930382848957
0.362216557781546
0.0514412006627413
0.00586417709203643
0.340968608727682
0.0939420169667521
0.325742708955431
0.232824455874749
0.126186715791122
0.248667861689753
0.128272389836575
0.129039355148524
0.194454182313173
0.043275860887594
0.136043979102384
0.0631402787469409
0.298497158243277
0.128378463299567
0.154453871876725
0.108123657824565
0.248723150845494
0.0476910269806119
0.146636715564993
0.235751898688161
0.065755333772084
0.216871352712364
0.159443703515747
0.203602016904846
0.119855269812146
0.204833341643576
0.188566856666382
0.283181076617107
0.276516478695063
0.110629954040387
0.288637021719339
0.201794446774293
0.100666809075357
0.0509250012407672
0.11959685992083
0.472326465947544
0.0669929984216334
0.259666892360101
0.154720082623846
0.224296320381561
0.148474821647689
0.0318046648838742
0.117565577810733
0.22233538383647
0.395176084079327
0.19711181538306
0.202642427820536
0.349155132387969
0.300005713996763
0.192878719404953
0.291532382343967
0.179462557456843
0.265325072443615
0.21802526411754
0.348981832868224
0.169115765191241
0.127147526561794
0.362170334167288
0.106144085693568
0.167767275387933
0.249901356312938
0.270230682188659
0.151728991289977
0.0530147997884067
0.191356088955673
0.103776204344183
0.44194252982455
0.1002193140672
0.129520756494811
0.111724253885084
0.188986084033638
0.170425551952116
0.230198182385776
0.148043803319877
0.219407533936869
0.259838062954919
0.261106480502552
0.142946971674046
0.22295784911759
0.107460022187119
0.341036916406011
0.0570832474431766
0.222938488625676
0.240809876927785
0.120135174373155
0.137375359788888
0.161807597964884
0.215639565084047
0.196627476029858
0.129394267935082
0.190804946669871
0.201575732949312
0.263219006403416
0.160086045555817
0.0827705270512811
0.159826585138325
0.203667131954303
0.0398927640366463
0.212617522724262
0.265970420123677
0.0483955534317228
0.0911983981824764
0.235276761794674
0.322395376958694
0.135925977823126
0.0745203602966753
0.101367741431786
0.22551823709821
0.434620079496272
0.050861494600893
0.111658984194085
0.119247389674129
0.157936552854401
0.286381818686149
0.195640620780091
0.00888837326475744
0.111030833896282
0.285145388764241
0.0749706909662071
0.308504191509902
0.219420539733828
0.224772029010621
0.0535701478794
0.257863142233131
0.169624410082892
0.265101462458985
0.349029934639873
0.0612510489283041
0.183236454801119
0.218664895945039
0.359975717025545
0.183113313164318
0.0923019312007869
0.0233309281274978
0.206548578320813
0.133256319623332
0.252790260701335
0.123993924408599
0.373634490239733
0.0522844121775195
0.293503198564411
0.22091385953752
0.15956431258145
0.213028182325672
0.168382526925189
0.0977812669033029
0.129762257787587
0.271939215013392
0.123579893940463
0.344480948593499
0.475294012852191
0.252990169978921
0.209348578326878
0.14169890769601
0.236653046681733
0.141410793637225
0.274992943332171
0.110109316658161
0.330318675410605
0.157824504829493
0.236018926941074
0.207117570313836
0.227970008778358
0.249937716369291
0.229592138667805
0.136024770566508
0.273397335218609
0.230722331638794
0.273197772179772
0.139234080847686
0.142578695667518
0.147564997346137
0.183443939450968
0.180531425604332
0.10109487489416
0.239049419484451
0.309216790207327
0.179709119217484
0.179482482914283
0.261352688145476
0.356202986520929
0.249025167679512
0.0940411076348367
0.140462581418152
0.236055078034456
0.163107318763903
0.110372362663564
0.20931139322792
0.274890724727637
0.13340031934267
0.17762579805336
0.0500178209066813
0.137902294533748
0.320969381794634
0.144872199067227
0.172757907082006
0.0595468273346238
0.182360058408803
0.424539251143253
0.2132559046972
0.16499365926504
0.149259008285538
0.0597166432430928
0.0578703325904163
0.111946559136212
0.23580139704141
0.0860308454016019
0.301300531179035
0.171210902274448
0.17987891105361
0.206088326962756
0.277042521618522
0.183744300810728
0.238436290113278
0.10137511834427
0.0838688536421153
0.155044310756501
0.228549086303328
0.187125199110135
0.21642822633085
0.0941793461045257
0.159163847976178
0.106979480508568
0.22349891345557
0.113246836480986
0.0523629159842302
0.219473563757601
0.229836234908664
0.363083523625175
0.198848690908006
0.0262559650555642
0.276630248989936
0.0948977602819297
0.0738786224667288
0.0899990343780735
0.144605946097257
0.309404207898242
0.120753537457482
0.19185981662667
0.178213769410941
0.0941495241186452
0.0455056843315678
0.0395717119099998
0.105897273410895
0.0840205688203044
0.0914626422727878
0.188224723055283
0.0908618315992895
0.178925995975014
0.291158529413774
0.150089122834951
0.049574936519543
0.401695216213735
0.292771166014989
0.36200057668991
0.211436350018975
0.19667559668248
0.18863888414179
0.324469742326059
0.11550896780176
0.149732015280845
0.105340962407892
0.106649922284608
0.289141782042786
0.212071436118281
0.243417439326083
0.467586509229783
0.365967144455269
0.221304474948912
0.160640311811169
0.113443828023564
0.148083957406103
0.191748296010705
0.178459935386456
0.178817844429446
0.195898507486979
0.298265799479171
0.0490141840963279
0.0618420856602728
0.294845059470621
0.17401614615363
0.269858397983716
0.243307360484535
0.21927039894739
0.0288578391207212
0.100346927930175
0.155510666438438
0.124246754385072
0.186896047084529
0.285797984036822
0.115231341986876
0.150990977252823
0.197284940274691
0.0390287141342305
0.245629073519614
0.312070430372871
0.139166192438957
0.17299663581199
0.349193533279898
0.177773958025366
0.297395166890178
0.298352958930964
0.0925827248049418
0.0975322112129957
0.177721690890504
0.105797470140381
0.306231349784576
0.155382207491122
0.331599691065174
0.214282151314441
0.177904999061932
0.0980462908624155
0.0454782383572406
0.187109969443469
0.357578451260809
0.0816842399766919
0.191957694879982
0.249924946851469
0.286115103164138
0.056419792413502
0.0854130877820547
0.336710708635935
0.14690040522378
0.216387498355154
0.0946192799667699
0.346358906537133
0.0519430028170287
0.221052391654989
0.143019912176903
0.353915723873491
0.119658865481557
0.0883059367664723
0.242504308381852
0.246123190692037
0.366938025086272
0.250954010379151
0.241904823165297
0.175171268190858
0.377654396708414
0.0494178142671043
0.0578074804521413
0.502155722984832
0.0717623126715372
0.0856712222729214
0.238286555171928
0.431427636557721
0.402119311147317
0.213076738196012
0.218036356303748
0.174116101110144
0.0696934370619606
0.163178926080596
0.128042657860163
0.359118617272201
0.162535193232509
0.209271670381643
0.272724515020771
0.199278418338756
0.217204768049154
0.19669170601078
0.229268019395737
0.111047533203597
0.255970816048464
0.198635625649207
0.210488787888071
0.329992176473481
0.207348280829701
0.21154184387117
0.211989103618526
0.103009912502485
0.26149400186866
0.242040481778732
0.12556143722459
0.180372389298544
0.243288327428379
0.180146424524235
0.133454079296603
0.252986337805523
0.090666085373352
0.221702035233754
0.239933381673063
0.311271722705757
0.069949973956652
0.0310242371926073
0.19242913445103
0.12480567285656
0.28485331393781
0.272840443309805
0.312637702811476
0.165485572337368
0.158865282661464
0.215946707266252
0.252425243572809
0.0399028955921414
0.194129019256539
0.299158356488693
0.256317745881958
0.314998811044394
0.225721318129002
0.177370215602387
0.219762253535314
0.26840091122836
0.315672334908218
0.182999604479295
0.313331914720541
0.147894780539944
0.149941822373252
0.235254946793868
0.147496564730997
0.134402194007947
0.166189086849745
0.240876017016319
0.143043080097913
0.262590200427777
0.233759824427852
0.415988850688791
0.319388958643098
0.300336255397325
0.186526969234872
0.151454264619598
0.185535771964117
0.312769802127052
0.0447345649376273
0.0818903394032642
0.0851446531238584
0.125786512607404
0.192289788043577
0.0788944796943404
0.162200237544531
0.0805100866283077
0.135375840962401
0.276950567124733
0.205061077766064
0.153589032291811
0.190173672473225
0.16863230910058
0.151912189420376
0.257647934858338
0.216349102973537
0.0992805434946905
0.241651300641657
0.0925758188844924
0.301536070046893
0.128997174473047
0.173596861339401
0.440699570439559
0.174177320892206
0.332724143234582
0.216442639222993
0.206051610975332
0.195700074406257
0.214452685334043
0.0771542966813434
0.246333110638054
0.132042142229192
0.329257774184205
0.343046162717667
0.159641263016087
0.048685237383975
0.291557360761194
0.155542617299521
0.278769205121009
0.261854299702392
0.140743791164192
0.269062385101323
0.235555996761608
0.23717916779339
0.0952700570853389
0.201688728335054
0.0557697226519838
0.0273556341455558
0.234389674216161
0.113060698857495
0.229931523092348
0.318496296037438
0.132968098482807
0.156945738454446
0.0945172457429366
0.240143640977056
0.383015472052491
0.152857030665623
0.179307477899146
0.130364773173374
0.0716406278783324
0.201183675514114
0.249760761790851
0.181530517043639
0.0268188192162579
0.243128011863238
0.240088887842039
0.315233771867943
0.0838961656797218
0.0298228062462725
0.0567441716034022
0.173552663352315
0.20278649443973
0.11872046857472
0.184719397229717
0.0917042600270543
0.173639478968277
0.338933232645045
0.431905292812347
0.0100796469456326
0.332908606547224
0.16881213079845
0.21690095072217
0.127522170425568
0.33370643667243
0.289346806317727
0.403569466690596
0.173964272809439
0.256695199786163
0.082329774091702
0.149479009802157
0.116316350113668
0.368932938761071
0.119023152360177
0.213585973407628
0.100457916483967
0.126225663186985
0.12717579404953
0.0813583895196007
0.116511144790355
0.195191906903884
0.217049683855393
0.0999708749483979
0.118713821610407
0.0542932292411033
0.320479675988408
0.0350381609806233
0.303259711279893
0.231548968221885
0.256316073688268
0.277360463046152
0.162785034596524
0.160030472181952
0.0439453439923289
0.233192366272904
0.225372927621536
0.17162866843861
0.11210064398246
0.0869304224303844
0.142820122373917
0.0429801995253686
0.121700920194177
0.140706832876595
0.0708877445897956
0.0986919717545762
0.0802080253637945
0.175404461369367
0.15135381457405
0.158041979381407
0.138450840323697
0.315322401118617
0.185439701839965
0.194059734359607
0.322586681793745
0.198766848193355
0.37194830929159
0.137753528060799
0.200240786054693
0.128215714377026
0.230014840167454
0.194111337714172
0.0330663647000086
0.104983568215678
0.146948564689132
0.277059959782041
0.189388543619404
0.217292068836585
0.209786133599931
0.126428121027801
0.274615349440992
0.0888598746349899
0.148148121471747
0.0396917874781528
0.118510315646944
0.177864697830099
0.389336088029298
0.134011349300754
0.229925110183572
0.162560550245344
0.0696374792791767
0.160729897672532
0.291507250838718
0.0574407562099562
0.224266960822923
0.210091380991508
0.139750476180246
0.20614152833926
0.177130290413785
0.157352466141377
0.205264610381793
0.262797549506406
0.285939088925078
0.108300057423908
0.277093949610652
0.15873017540155
0.159866385459567
0.372936882988333
0.428418375254273
0.281604034373252
0.107374069799634
0.0998272876396301
0.144913769800948
0.418534308032179
0.0295200884035257
0.0518682853036374
0.432753336049829
0.419135010043112
0.0871220199255011
0.186249712711277
0.228643497595646
0.125488832353559
0.33068549108673
0.157865280617939
0.249798609524122
0.0222523202978256
0.150012092341482
0.100752142083166
0.113782093643591
0.0878917462255585
0.0136305497266408
0.195683192048889
0.0890972303205007
0.0915486948981796
0.226408365578586
0.466009738105339
0.0359421097343131
0.264673227486405
0.163060219829948
0.313189945128554
0.0170358700499968
0.085145164444447
0.135555409331384
0.102951061747374
0.148290868950364
0.157007167346544
0.200072633479717
0.0999766913958246
0.324947050502839
0.336337369590386
0.027691082804294
0.289915189537962
0.160417118950199
0.154701074593484
0.125402245217816
0.199695460186853
0.183870853695475
0.222602423334663
0.132359378475489
0.263599697941714
0.139226878215246
0.218431277260464
0.226481250302121
0.15743298785146
0.149664107004668
0.218391990675318
0.0795832047556965
0.213420682618335
0.0447747241939536
0.413482715878348
0.072806738001211
0.146790826465852
0.112579177040174
0.0659299065668297
0.150435688534714
0.175994779731115
0.337099610088596
0.204337403175814
0.187476008404732
0.214298519251129
0.166262301428269
0.153688087908633
0.0924354919857921
0.10447916039062
0.331656064631398
0.251789898963839
0.189951498171108
0.210660784280838
0.0126433098411752
0.156435778842105
0.0841100007083418
0.238115571982192
0.196071480614979
0.183474297270815
0.0896059676591944
0.142329618433749
0.0841543946400501
0.236582968981436
0.234925833011087
0.427596643368004
0.206799972382568
0.0397313756257341
0.26396242273892
0.146358946214063
0.339784351156657
0.259731304331911
0.133454789285634
0.100590426329697
0.0806964072508018
0.156927136109646
0.364498556903068
0.443836520157279
0.1132771437316
0.138239663940609
0.12952793498852
0.321421964700949
0.103964938107942
0.143625645527599
0.203835648911769
0.164083615591718
0.14382900946414
0.316071057756199
0.0270648844242394
0.11743702637426
0.0992056078677253
0.150363431742232
0.183035570567347
0.16727408250667
0.0970636647878676
0.189773577501956
0.115351208629244
0.268954355864249
0.221088826023695
0.0351339839437005
0.227735560136526
0.114711779044761
0.338030537156042
0.17952084404444
0.193506760225326
0.117915815108737
0.159602105925829
0.296550951742305
0.135854134644075
0.072136158570322
0.178334050044968
0.31840369147067
0.00903570037875561
0.0377222225952625
0.139044853917385
0.217651172283634
0.39063416568337
0.171609409770344
0.0854766924734864
0.212788497505786
0.0961015592157682
0.199500596605352
0.196887906843794
0.237608574649558
0.168276760212166
0.0825120657729912
0.0919292213383721
0.228618962513037
0.167171257595155
0.109125877596083
0.386883828913616
0.157338339849892
0.239054329285176
0.245877307680303
0.187248122304858
0.0354517112072944
0.139888135761537
0.227073642687766
0.0451330693737556
0.180093750696025
0.194783400349163
0.319197689732903
0.105303905874687
0.0529770644126109
0.143326882595542
0.103392888439076
0.358613633619513
0.125481195922324
0.32533533345356
0.104924967250983
0.147320795325133
0.186627982877429
0.0252071385719111
0.269964439222558
0.206533644214278
0.240014521820773
0.186069839238363
0.2795514325558
0.086258386765127
0.0622691685982511
0.204894649048249
0.0770722577051451
0.0439674077196781
0.122812322216942
0.28970204341212
0.0545555475283612
0.312723274891323
0.0534546750258314
0.0719792608803525
0.168666383298571
0.391546001303543
0.0464677864868453
0.246592144651401
0.427873271605372
0.091781717834651
0.309618553423015
0.069492479235589
0.10071141415653
0.337447623570856
0.102356611051193
0.219204392702311
0.244749481110183
0.219049287030038
0.131662512743087
0.251192014186129
0.25410713604633
0.106679940177327
0.176546781736813
0.226028321021134
0.0991838884628573
0.136877624868363
0.0624962710583044
0.492981407224695
0.0593587714159631
0.263354828099294
0.363094866992867
0.344120122574802
0.140845208038523
0.160059094589434
0.0264188651063864
0.210973153620878
0.121480112926635
0.0139205313785177
0.289667244098712
0.190563160525821
0.20199667740916
0.0763573012762434
0.0667771815015379
0.130013548517205
0.275602332874137
0.0802819347249944
0.164233838649397
0.0118469076845523
0.145764474594866
0.471032949314725
0.0618847232854384
0.323349941301207
0.194597595882229
0.317371503556123
0.248795365114906
0.302978160079354
0.0695002418307334
0.0426713034290023
0.190911650662742
0.105808645494488
0.222242883107508
0.191263748168213
0.0359927340240916
0.258603111589345
0.296727468326932
0.221778918845992
0.157500432074669
0.191345681495488
0.268867772094014
0.315769921231889
0.0393216592439835
0.0580146673689872
0.191325837641092
0.120118560193947
0.189446502005844
0.224333595552441
0.297401258400653
0.362080164222219
0.178381107987222
0.168622216254847
0.234825128012436
0.191557094925367
0.163975865024767
0.29015595800379
0.0652745996000761
0.201789431610309
0.158141466883957
0.0721582776327182
0.343781340832768
0.0511278399202853
0.175928246806571
0.168506106989119
0.24872252394285
0.0488442638032932
0.367947691476439
0.285378608523282
0.139260648293325
0.25070603559607
0.164804034770779
0.205587047155621
0.192801918383405
0.390998634122445
0.107346114212676
0.23056134056364
0.300410155808394
0.14108304577912
0.14723790098033
0.26452728715374
0.135831267793527
0.144280684432423
0.079647637994765
0.414085962507014
0.33763096723613
0.122578467869454
0.18480080001468
0.208895651574339
0.159052445389853
0.245400729703425
0.27439165236064
0.148870675522674
0.09117152732424
0.256043185859028
0.0831499977483409
0.104788998579421
0.213313208667934
0.1205457399103
0.175528293359511
0.183349739470732
0.239869359697673
0.00599824076547324
0.0762262862115142
0.0965356924895553
0.100627143644683
0.0921708456619053
0.0915274962102489
0.11585059732333
0.0845426243027401
0.383846606000764
0.0607433721096432
0.274856872678587
0.334608107847349
0.0425828788960492
0.163035406904532
0.0906820089816969
0.130756594749655
0.118709437900843
0.126857055979271
0.0232923938865296
0.281908891276115
0.269259654263494
0.112100713013157
0.234902320021849
0.14106719848943
0.331902347158518
0.0731668634317057
0.0502554465178677
0.24975303605779
0.088811996551651
