0.14214167676865
0.30522193965629
0.169631776609727
0.277439363584265
0.270480514597222
0.152770814904749
0.180236052256393
0.236949366811585
0.336917043342422
0.162394802657909
0.466586566796891
0.274072878966936
0.203631226207249
0.209320924953176
0.100682224294021
0.447940141015171
0.0991730045122502
0.397209684902523
0.232560296982935
0.433136570900237
0.44053825335912
0.343690986959771
0.258336959885855
0.125944406402514
0.269098779309104
0.0516877835951139
0.324255684942311
0.285582893352705
0.174209573488765
0.212707981587864
0.163906093840693
0.363257388176571
0.293021799689074
0.381279460683649
0.188939107195232
0.218037864353126
0.225487339364459
0.341304681353777
0.16496261366506
0.174016364578045
0.347849422095407
0.0942511938803217
0.309293375254731
0.187205784852805
0.166290210912108
0.193790579842382
0.401764930676911
0.323485895139309
0.371803252442917
0.0983023419720299
0.106890912714596
0.400713212843682
0.155343095649732
0.380221156211529
0.292024531330225
0.166153560791764
0.265912578366587
0.128334381325465
0.132028915500281
0.27023318269139
0.254401235686255
0.171436894332312
0.0828600527707319
0.301933977917205
0.201550652696646
0.18288118333463
0.143688272330226
0.284675021605646
0.0805545887279607
0.192521641214712
0.236014745786243
0.171218284450805
0.254648849434008
0.296008415434213
0.287291314937028
0.189053830824094
0.220689448665886
0.190551202400351
0.475038534973241
0.38461830928347
0.169004948311092
0.327983345780681
0.208839665857282
0.1511906733686
0.258774133653355
0.152488284352118
0.593375300144399
0.230332736276953
0.398246373418851
0.292076242850563
0.288819280961376
0.22512409347708
0.128777343928321
0.128002048901796
0.230296046280324
0.395199303485587
0.311806933131418
0.273225344269397
0.450142162341911
0.328576165460758
0.280009366699897
0.392192085764075
0.24304943210336
0.28919842884467
0.306899811334656
0.360075934433185
0.224066752430129
0.15879744763004
0.468015085704843
0.273476140428669
0.218144093581756
0.362350465300737
0.401674146706106
0.156568540271358
0.0911656255190726
0.191399831736513
0.114720509558397
0.477287555484146
0.136032311308599
0.215504473536207
0.138526758563605
0.217561377598671
0.273218536681899
0.275335646817527
0.154780378090142
0.330488960115996
0.259838098496664
0.302576344630333
0.142993549084317
0.25823086961465
0.137480923932662
0.352816319568828
0.0637492690951186
0.259226506783235
0.319954431291437
0.120172247334428
0.137379203010807
0.169812366769845
0.237687372701003
0.268136480498182
0.130211082975975
0.199108683763871
0.331773912354788
0.307422090105769
0.205271083818981
0.0922219169445389
0.202790317302636
0.302379912645302
0.0815866113858236
0.251829977176729
0.27129854072686
0.0667716612370688
0.103503474736111
0.295378765710792
0.350846686481986
0.162004534415539
0.17169681363372
0.169035079698285
0.389684748444142
0.4479216108478
0.0637629075099035
0.12526813437696
0.246133193011174
0.224546434943901
0.333434659084242
0.199359043647009
0.0143488284709369
0.129859038487601
0.310488064010317
0.182592322635118
0.364358708119641
0.327901071726924
0.321395095046258
0.0850933980068521
0.269999559613345
0.268514859003643
0.310867729774168
0.349100152934693
0.0840506298193417
0.29038953678898
0.363864974221775
0.394032992091227
0.22729347582912
0.149609006181181
0.0445517527629402
0.231109819974884
0.178094516190095
0.261211768548181
0.134081141633334
0.447142318829286
0.138734197264678
0.338491852682877
0.398498534958618
0.29888941211428
0.25758853888235
0.311627405504466
0.24553805542572
0.255691885894273
0.336710813248775
0.178438643923268
0.350883185878791
0.556256991969087
0.308452271917037
0.476283162714384
0.378145668181516
0.252914784948521
0.142069304804824
0.325028591226645
0.184319995171488
0.381868907167418
0.203213177426068
0.317717668879958
0.207250585929563
0.261194397358712
0.346719238158425
0.328125636501814
0.251788203645088
0.443562516034204
0.31695425168686
0.382592182311329
0.296428424960754
0.249520586057258
0.151684659761976
0.183509973278256
0.242831056958883
0.161133724443326
0.353573922924336
0.457525728991659
0.265768677504369
0.230566852214021
0.471326959590004
0.397233199358982
0.252945443236891
0.228396388310844
0.141304180836895
0.31033662277146
0.267259372797858
0.133113741865307
0.32266575540984
0.284217731077879
0.134977724660821
0.238437657954933
0.0510666309664567
0.208330977819375
0.493454848830948
0.190041033946614
0.23640178598149
0.227902656570954
0.215558568990038
0.519274209349512
0.305743335397662
0.252397824918687
0.191221414313897
0.10344110883643
0.181775942513822
0.112419699930945
0.258781378950836
0.28710150560893
0.403162382577133
0.303189994948967
0.249210663586014
0.222508965215994
0.338851731729044
0.269398368926328
0.363652006457506
0.143632693834779
0.393074736820259
0.263624721754751
0.360951999362364
0.321412456237158
0.307428502969624
0.150637682398333
0.18874304211269
0.175752945101297
0.269991763933142
0.178183385389325
0.0857842303099478
0.288944583783563
0.294590047484244
0.378441161053509
0.201183481123093
0.0548220744767511
0.445572738125155
0.125428585068218
0.134042616281046
0.0946228118382368
0.262838306758255
0.357829174567317
0.21403762009054
0.197947468784606
0.205692916426208
0.112034702717246
0.112019711333675
0.195783536652765
0.113664701782317
0.266838380997354
0.195736076556193
0.213994215034981
0.214115043279544
0.191014224050623
0.437014068807072
0.164022230479426
0.175686604000522
0.47823023648795
0.325975849694726
0.372706325386866
0.255338190578431
0.267804341813928
0.296107549449363
0.396230113846211
0.31444634089614
0.171432363419663
0.160892454034693
0.116319563961885
0.325210578421896
0.248448667114218
0.282427241836008
0.470752219501991
0.377262234887228
0.380989113668243
0.162241183012946
0.206123141490075
0.287345726111792
0.194545979686428
0.197607406269365
0.212316584949001
0.31341465381248
0.301054520003905
0.0772100475872212
0.272869492815736
0.308367120360309
0.180790670000476
0.377032474272544
0.283611607584661
0.269401621951756
0.229344856037382
0.142322598150848
0.219970900136799
0.227766947214241
0.206311972164158
0.361976126301106
0.149911617051754
0.166768657046813
0.242404032592775
0.140933995807454
0.280766615530068
0.32735435350303
0.244366720971735
0.177906750798977
0.458559056213966
0.281533221087404
0.351416083149835
0.347991694855805
0.105395294735615
0.124176082650016
0.188043323698767
0.306672390217577
0.36432531234759
0.2674986398344
0.331799258559462
0.225379805839742
0.297618979011611
0.239155168110308
0.253472621738781
0.217151829439097
0.3657969030547
0.144699485765031
0.193008823338171
0.366905855808485
0.291536341580725
0.259078920648207
0.0886021648058494
0.360547086859598
0.158677452437357
0.246634175426313
0.0967215150279114
0.453732049443565
0.0707249032670864
0.319036674323462
0.333392899463565
0.427491454936526
0.165313116880288
0.217579524149942
0.262695513024342
0.268315487783152
0.457309263027961
0.420322053629496
0.248020330334363
0.277420551473998
0.439234358376379
0.12248294887998
0.301751817510827
0.502748541654114
0.363771460731166
0.248916746333955
0.420422593613508
0.498874821404698
0.472212153510821
0.233736464016678
0.243544927959231
0.185575246880497
0.165692627820258
0.187835103578449
0.12810348144487
0.362628199907799
0.426706811131617
0.218646990164151
0.304700641887675
0.219397532288701
0.245615873481431
0.215813071803138
0.253063780418479
0.135875455334473
0.26482138288963
0.201587393546489
0.263647296742435
0.352933717313454
0.356404620885169
0.347104237798082
0.292718155977201
0.145337871170655
0.296133576359921
0.282485058274427
0.195017734960292
0.216297586123233
0.354774001595664
0.380404361494871
0.1460360023214
0.253357070611129
0.105678911302598
0.221864261205672
0.34899107803722
0.353304233196915
0.0723655366526763
0.114192194820705
0.300908345263207
0.148506717944592
0.401675159834966
0.379833736633751
0.353099424974777
0.199053758356194
0.200986308660958
0.374873005210542
0.34946165564892
0.0790583991023969
0.261760406230002
0.306379960558395
0.350634460848097
0.332443006509175
0.231709875707084
0.19265205453024
0.281026400465612
0.273400509388865
0.386219527149302
0.211451675270309
0.365761600378243
0.151099978966788
0.345342634228395
0.29697099256696
0.185634759996745
0.341934128254128
0.272763531386598
0.391374261349671
0.169750869674508
0.283242116105185
0.246203801285098
0.435831976665064
0.325998390231882
0.304394174781096
0.229046151853491
0.161578444655206
0.193762041779381
0.362769893766599
0.0670104470693059
0.0895676030768688
0.118129448458362
0.152992099718456
0.235065395810199
0.236913434671403
0.355884222813997
0.322930412036109
0.16186218842156
0.354458668727769
0.298314546902202
0.241231817204243
0.224156357060205
0.217046991102719
0.191260804439199
0.266913800008721
0.240210766037689
0.31319138600893
0.30967830457507
0.1535119964475
0.30500794489242
0.129658599882079
0.285354429452377
0.505938559869966
0.202245368247886
0.368701704536674
0.25632739297204
0.231861491506221
0.207622468645518
0.298620624969358
0.0831190471345754
0.270475991911475
0.205151903068972
0.478908083252976
0.394551766465627
0.231859926413121
0.260938227617797
0.319399544688894
0.432692013602124
0.296570069542236
0.377621925682205
0.161318782482666
0.269831240899767
0.368864470480224
0.317022681617082
0.133392537580278
0.207859065663585
0.131191259472446
0.0393729997876776
0.237364395725752
0.227200181154507
0.246827349423726
0.346047055917542
0.173775440412233
0.229003045834329
0.290537415858188
0.245079528004777
0.444718179741471
0.336558955541176
0.367844166099206
0.142786984309759
0.110297253241036
0.391832029122304
0.272110525655197
0.334147164354728
0.0699993408357928
0.327382476114359
0.315725727769709
0.444034142347963
0.182234042189081
0.123883150438544
0.156015570195171
0.225060354711357
0.207732811774999
0.122594877897233
0.235228811676048
0.0995671792189479
0.248217695718743
0.359334620439495
0.432796743101143
0.0100798737572545
0.5225189232007
0.261339699406411
0.226962211619524
0.23843779026112
0.35482422966031
0.358027937174007
0.471722365534116
0.270956993167198
0.296541484616273
0.104291189372647
0.283585871046382
0.151879604098444
0.374202322237563
0.213289618054377
0.278680706360035
0.19452430061639
0.213488889619513
0.345313960780836
0.126761314539759
0.12060502623495
0.252721946469209
0.286439419277111
0.15678522822838
0.208113004719409
0.0826088209669642
0.393585074901636
0.0798006422591065
0.310007820865621
0.252718695324706
0.312641778299458
0.390201576733996
0.262248466254672
0.269027234853018
0.145340067722545
0.27766573841697
0.226590763462392
0.244669331805552
0.158126161145926
0.0950373698052084
0.19246915382917
0.302449561232529
0.137892877509128
0.167113372273549
0.0739926419800607
0.110940475573694
0.0974273169255777
0.177253531938718
0.230289665544981
0.260268362537334
0.139288033717544
0.323778233296448
0.186928261808077
0.207011613061436
0.379898944066792
0.200677713147097
0.385381045809011
0.174218184048443
0.272078599983876
0.251019766299165
0.231461131947137
0.265871724722327
0.0555842623524843
0.116402125683242
0.296391161481756
0.292474125369953
0.417708033899036
0.281573302518972
0.357471119151535
0.1368491784344
0.308562250771408
0.191931286967168
0.198679523862539
0.0506051051469745
0.328492795403558
0.195299505957816
0.468909854983445
0.233486129043843
0.287021612316235
0.270850618183547
0.183721387385757
0.234451447322912
0.397747753988394
0.25066798057583
0.314647264378746
0.216141880137886
0.147659689505728
0.371164692633171
0.233229829507634
0.183330095121723
0.302040444001145
0.40052313202685
0.309211943263451
0.165054230753311
0.462018376377306
0.176085513620867
0.21269355491729
0.551680202008031
0.494943442852474
0.352663785214698
0.19656471272102
0.290237794781505
0.18403463625022
0.419669094656379
0.0591193987723281
0.163593231713637
0.451294540505917
0.566754582809716
0.103162163625527
0.268050844290916
0.228938389005065
0.130935871021541
0.382413158653247
0.258526751131278
0.251333374001872
0.0977934942423377
0.207113284995618
0.132393398667058
0.280755390526503
0.21263431649528
0.0193500697361207
0.245659379058271
0.146722512658359
0.0933384301219985
0.2357192932166
0.531266049782529
0.0573972362663812
0.286517378676508
0.167076003026674
0.313827586697662
0.0672058701840715
0.183349330785294
0.203958832264955
0.390091519525298
0.167905377539503
0.175485148085154
0.248336138790931
0.143790436885125
0.398400947723337
0.431792265052971
0.0341243662573708
0.356556854706939
0.234747172133808
0.155416891816034
0.201862876996962
0.238341805866799
0.251037475148484
0.310459818578548
0.160465443552567
0.342550682688749
0.194009726592747
0.229426491951794
0.262894970384377
0.182397553870318
0.381886103843518
0.286470610234822
0.143759920354676
0.232053448686268
0.0525234115949147
0.438947998455143
0.0929779918891279
0.195437313844271
0.114664537855352
0.0820863343575412
0.171780705904937
0.180889101603121
0.3475527384297
0.231744031968354
0.222683504033463
0.30430648869504
0.189457766246058
0.153717342120852
0.0925502787907686
0.111259153757471
0.517790099653134
0.273580983747572
0.191497186196233
0.299172207456821
0.199096597896545
0.172334559032029
0.279673764406713
0.252951274696508
0.22721468112785
0.22657886094269
0.256912154900156
0.197555831448471
0.123579906233901
0.361897820973209
0.300533061527114
0.536006717313211
0.231840445835205
0.0941576426821658
0.30458947840234
0.166290662826987
0.380195909919554
0.262977496386996
0.179423499832821
0.124065733419108
0.0903159474037001
0.199333318771341
0.439730687418282
0.453174264256187
0.309007156934702
0.142653264116456
0.29395055463374
0.363077079424608
0.139520891240926
0.205694200360762
0.24323549641129
0.217584938380947
0.292099308307212
0.316529521519672
0.063770852991461
0.17800878232719
0.164819578845907
0.151634759194449
0.252762497218303
0.168607593732737
0.21844974290129
0.227303958618358
0.158683616195865
0.296111119767663
0.258169456667469
0.0626323452020698
0.245178788679626
0.239771053694846
0.349171002190832
0.188308792346762
0.241168583563639
0.342220468373588
0.338972278050132
0.444290281930903
0.274904938293389
0.0739841458444804
0.462017415280555
0.322609743110061
0.0446704829274923
0.0562223720746341
0.143832132148726
0.370157228648413
0.398079526609023
0.376109926494835
0.239515043265741
0.276995331257017
0.114284871841469
0.251843053413418
0.205508981758238
0.240250537713132
0.343572787371459
0.202038852434877
0.0920569697619199
0.264114399965577
0.184144093486456
0.204477601960134
0.386970057521872
0.198325475090126
0.299861194453475
0.32866658043694
0.218620823584863
0.122988451657239
0.18158228178553
0.317347011685597
0.0667023889825682
0.188876649793823
0.220577161731073
0.379932810611727
0.130948973029552
0.158566869352443
0.171422896559397
0.1203383752793
0.360973080105417
0.135241612760491
0.336274962661441
0.189033287932151
0.175105073674451
0.23132222292024
0.118543200008811
0.303330989999365
0.228227743327405
0.24010470148711
0.231257583874805
0.385096357977828
0.092843040025882
0.14245768817058
0.238019380529985
0.241605540173532
0.0598582428472192
0.273983228439822
0.294068606635485
0.0557078885042273
0.333843551295819
0.0917040244465483
0.0723882297424886
0.274838027527276
0.450046095243017
0.187218320128607
0.254571121482727
0.44833481906276
0.0918360274001268
0.331696974316125
0.0864675003486697
0.10074541717503
0.432096068211326
0.130735956406147
0.270056726278259
0.379216189961493
0.275925666338215
0.13856961917316
0.285111701302652
0.392322559715732
0.205762113343168
0.286173429316688
0.295071628504282
0.222201410778988
0.267114704312255
0.106855035442161
0.552213849133841
0.0771919861584824
0.325097385664469
0.36373531147397
0.45042213058949
0.155519413402812
0.265071989604749
0.243521286248987
0.396341367611438
0.148972624066557
0.0173871194968912
0.304380718221655
0.190814697855563
0.20632414062647
0.323917485354845
0.120274208153056
0.196559367467865
0.345642900518645
0.196040548276554
0.170212102195358
0.0355480693530564
0.27906524960283
0.495690724565538
0.116913013617643
0.368962504835369
0.330049068365493
0.419415619163938
0.417904681302082
0.343025490513973
0.0836357651545754
0.136528137166679
0.220950566376204
0.129881226647831
0.264735131412616
0.194493855940379
0.0414288183570599
0.272222099271478
0.308345135629349
0.300199508302882
0.26185274831857
0.240500852400654
0.276233507350251
0.350443803317783
0.106376290157268
0.107513148153723
0.293207438485636
0.121715741458343
0.240737247135358
0.289768119806829
0.302544525171391
0.436913734860551
0.40124783696628
0.2040121357953
0.324551512675338
0.258528407231236
0.250882807839923
0.309471551864236
0.248783894423708
0.40600831225645
0.285641038261471
0.0721692588819867
0.354547185489733
0.136679778365025
0.227013954605237
0.184324978511043
0.3672608783592
0.0780023959747856
0.433970490540913
0.293416422258121
0.175071452333276
0.393678366804195
0.406680132076055
0.226151144387527
0.292493451409958
0.39107680911307
0.128954395207492
0.438435478467498
0.366714916187009
0.188013827135389
0.192417948138024
0.41341697212304
0.187213224475804
0.227465764667459
0.122560598041916
0.423890784376279
0.419547887343976
0.149847318784743
0.218125582070044
0.222787745067514
0.181075948596035
0.318595089527698
0.39690853705448
0.251706214233049
0.201541492186993
0.295619494194212
0.291916241419266
0.206783803470231
0.215839573513337
0.138748184984604
0.259571937783482
0.193174031692201
0.351370654859045
0.0951269651258865
0.203480222314721
0.102046153421081
0.269554578455932
0.192761778027338
0.109242884369889
0.165107861523631
0.314452031965198
0.404947460041991
0.133941002835941
0.352250079552229
0.401516487551654
0.245490805745388
0.305089569319578
0.187630373933538
0.18734553655706
0.207755433516063
0.244575863361383
0.181000426899904
0.447449194998614
0.418690334810574
0.274856753935361
0.297825394972664
0.141067520992232
0.332837431645088
0.0732642947059275
0.0779144473507211
0.294460019349274
0.146277813697257
