1.56734284022526e-05
2.55703076212048e-05
1.91422502448339e-05
2.3257101821508e-05
2.58590262283186e-05
2.22262347817071e-05
1.76018953425632e-05
1.79688458806614e-05
2.53629152477303e-05
1.76490345416287e-05
3.0826789037905e-05
2.160589734034e-05
1.64953162337866e-05
2.40160780303143e-05
1.60027184415886e-05
2.48694293970453e-05
1.27642353149942e-05
3.38174915481773e-05
2.22564378502783e-05
2.35640795660127e-05
2.11977276640296e-05
1.78436242575962e-05
2.14722705633284e-05
1.61946401980835e-05
2.24431868696813e-05
9.96039832134066e-06
2.69613522003221e-05
2.45499435689802e-05
2.17966665233499e-05
1.6076195466803e-05
2.03438530178782e-05
3.18688798614539e-05
3.69945584902575e-05
3.05035526970347e-05
1.9863472817275e-05
3.06751869941268e-05
3.07311071045145e-05
2.4988113122963e-05
1.75076773276903e-05
2.00697475378833e-05
3.26151557679406e-05
6.8302589952297e-06
2.34181432641279e-05
1.86180738258394e-05
1.58761710370108e-05
2.07481702504342e-05
2.18704358567711e-05
2.43512070497427e-05
3.54296364515596e-05
1.41844151801122e-05
2.90020260896606e-06
2.96659726550694e-05
1.73142275764352e-05
3.03036677795748e-05
2.60413020630372e-05
2.12242693461962e-05
2.79045210022459e-05
1.8585432445186e-05
2.04115077278325e-05
1.88264805815695e-05
1.09017414198061e-05
1.80723781423743e-05
1.34976912698537e-05
3.15505372764867e-05
1.8814595249735e-05
1.82505462865112e-05
1.77941221499469e-05
3.24183807954002e-05
1.13817908745638e-05
2.30306811183398e-05
2.77118989189031e-05
1.4012264923215e-05
2.37520907718024e-05
1.72893882991586e-05
1.86125381240791e-05
1.61483817938352e-05
2.18484727468693e-05
2.40908961006026e-05
2.41204353150166e-05
2.17007081644534e-05
1.68762936010475e-05
3.63451732882376e-05
2.1356620314729e-05
1.50937748117465e-05
1.21187814765913e-05
1.31306683993164e-05
3.8811355949793e-05
1.13546982429481e-05
2.45575152554806e-05
1.64398527501276e-05
2.81294861206711e-05
1.96393091772865e-05
8.37818578717908e-06
1.68403774312737e-05
2.32657515676179e-05
3.54416164441775e-05
1.90456749323065e-05
2.73427880313975e-05
2.97540397067489e-05
2.46525511118682e-05
2.76263990777411e-05
2.57275146567841e-05
1.65146062522404e-05
2.83185207918033e-05
2.95725417299079e-05
3.28333006116771e-05
2.39770843720591e-05
1.74550919076126e-05
4.17307037383581e-05
1.51094038342084e-05
1.64575560728894e-05
3.17669865822359e-05
3.02517105406064e-05
2.08033856409959e-05
1.30437526802345e-05
2.08258206351246e-05
1.16803624200864e-05
3.11538781350245e-05
1.38701913635698e-05
2.16628625567695e-05
1.73811175105537e-05
2.53974803567367e-05
2.35697503333434e-05
2.93855534621988e-05
2.09891597198616e-05
2.7319525340328e-05
2.57687639345478e-05
2.89497111433879e-05
1.97677608902153e-05
2.56233845157392e-05
1.56085582765172e-05
2.81707602760792e-05
1.06626606224419e-05
2.46172976119878e-05
2.73085690057782e-05
1.52602814464456e-05
1.91887956570098e-05
2.26838781008394e-05
2.38395912284294e-05
2.05973922609064e-05
1.65499300822607e-05
2.30327130862561e-05
2.04990843920303e-05
3.23377892235855e-05
1.61749935514163e-05
1.44649033175273e-05
2.41697762230502e-05
2.46445652462107e-05
1.16414602801799e-05
2.1542087416343e-05
2.62287059429453e-05
8.82365747318031e-06
1.22592931211983e-05
2.41471044014775e-05
2.80896268149937e-05
1.63490767073407e-05
1.34516315710537e-05
1.78857095934239e-05
3.25040253930678e-05
3.84805026852967e-05
9.87373896559789e-06
1.71734709790205e-05
1.82308850386136e-05
2.08162568773206e-05
2.49933165431814e-05
2.72608669686345e-05
3.91780508973512e-06
1.41004339263508e-05
2.91574023796662e-05
1.27671619096641e-05
3.00057285082194e-05
2.75828556740494e-05
2.13210792187542e-05
1.03289344348197e-05
3.05172858291879e-05
1.76931474042251e-05
2.23054746027627e-05
2.97493683159734e-05
1.00803340177507e-05
2.54911701063575e-05
2.36217718808757e-05
3.36122033049508e-05
2.06060434193694e-05
1.17525974375426e-05
9.08257916042631e-06
1.83324250385015e-05
2.09359240503903e-05
3.45051295719766e-05
2.00851716500197e-05
3.3147976619688e-05
1.00512102123034e-05
2.96580984239393e-05
2.37028032544448e-05
1.98538882928701e-05
2.21230922678513e-05
1.49027664793846e-05
1.99951608611568e-05
1.54492507498662e-05
3.22250623023623e-05
2.10811749819377e-05
3.18768751279217e-05
4.36234490849135e-05
3.11652856368578e-05
2.79025929683458e-05
1.44410986173669e-05
2.27312121731951e-05
2.64514504075702e-05
2.52300409049542e-05
1.68579385379011e-05
3.09445368278126e-05
2.09709707759725e-05
2.53780432427611e-05
2.30243694990243e-05
2.5163013105461e-05
2.73816937610142e-05
2.62449070735517e-05
1.88339518079463e-05
2.68979329235676e-05
2.34379120078802e-05
2.44025869453938e-05
1.29435128371686e-05
2.13140621633358e-05
2.37524244583724e-05
1.87135492251333e-05
1.69799946080214e-05
1.80676236180445e-05
2.51146510501728e-05
3.72660473090935e-05
2.07607425515343e-05
1.8804886804001e-05
3.25619045114909e-05
4.04535336939692e-05
3.18651399375829e-05
1.44856190908246e-05
1.90784384794705e-05
2.45701588905196e-05
2.04209759284765e-05
1.77296103484365e-05
2.3584935892183e-05
3.132347627354e-05
1.88307615869109e-05
2.69517320087579e-05
9.53873726731046e-06
2.53110221483453e-05
3.18785136081152e-05
2.03390621766533e-05
3.01326007985216e-05
1.35769788723265e-05
1.91737424829661e-05
3.40676308637131e-05
2.43379364415514e-05
2.17155176742477e-05
1.8642863518446e-05
1.47126565718118e-05
1.08899710946638e-05
1.38074898299504e-05
2.52783621693486e-05
1.06207298055346e-05
2.54567805161238e-05
1.80297916427143e-05
1.75706831644398e-05
2.4026946649944e-05
2.66001070801599e-05
2.50681367788301e-05
2.41855318240005e-05
1.26269089213158e-05
1.49280607743539e-05
1.94021748356853e-05
2.21435313608607e-05
2.40077428841055e-05
2.26155355681623e-05
1.54363377857739e-05
2.40217156224039e-05
1.69387141153846e-05
2.66872411266157e-05
1.55488597917585e-05
1.07658280441913e-05
2.05544347197899e-05
2.25668801048363e-05
3.61910761170746e-05
2.42358647194835e-05
5.95914383926409e-06
2.76182709279476e-05
1.39038186801807e-05
1.28454495602015e-05
1.6536078313245e-05
2.17851781365675e-05
3.20318809016121e-05
1.7211725828824e-05
2.25775829309127e-05
1.6893755138708e-05
1.42504103328409e-05
8.06119322659363e-06
8.89874464184265e-06
1.46384937295036e-05
1.67332577243848e-05
1.47583711370899e-05
2.58809678402511e-05
1.7866424707495e-05
2.09576597399631e-05
3.39227750409845e-05
2.46996057421177e-05
8.71214462805873e-06
3.90914255047479e-05
3.04035097631313e-05
3.29429945382968e-05
2.38835036564352e-05
2.58273746746263e-05
2.13745497642244e-05
3.3442524587853e-05
2.02832716410831e-05
2.13955076529027e-05
1.67089010090185e-05
1.67394867858022e-05
3.0612810666264e-05
2.83738616943353e-05
2.44153382633969e-05
4.59715756109227e-05
3.4455489242858e-05
2.32905134037632e-05
2.30771780168776e-05
1.57392670979118e-05
1.97918185306014e-05
2.31024444164675e-05
2.75781699699688e-05
1.74962657352598e-05
2.66008870212546e-05
2.53333136608585e-05
1.44656723558054e-05
1.34902196502455e-05
3.64630834043765e-05
2.06406280303375e-05
2.23273595013787e-05
2.89146681381468e-05
2.18141659880211e-05
8.06245252982063e-06
1.24280389279436e-05
2.43004762922725e-05
1.74615372817745e-05
2.76703359948033e-05
2.90236151670122e-05
1.52045858205213e-05
1.94496050083621e-05
2.04469967412493e-05
8.26782373949698e-06
2.97923897460326e-05
3.00704039213093e-05
1.58785389284387e-05
2.59516754424595e-05
3.37598223295267e-05
1.71431905869872e-05
2.09039868053522e-05
2.84496534293007e-05
1.48302145067963e-05
1.23169788722696e-05
2.35183295963465e-05
1.66989263750733e-05
3.32755750955149e-05
1.97376961383831e-05
4.67148663433287e-05
2.79568291567155e-05
2.65209635974551e-05
1.21076194231469e-05
1.05506640473397e-05
2.31702299782555e-05
3.70149279658581e-05
1.32365642327719e-05
2.58529361452884e-05
2.87234170440968e-05
2.27506412559075e-05
8.6750567208479e-06
1.32613226946306e-05
3.54424895782715e-05
1.76664475892081e-05
1.94345976675371e-05
1.46228147964319e-05
3.12335152792394e-05
1.22704105677998e-05
2.55261626372254e-05
1.56464160740802e-05
3.07763584489816e-05
1.69844832269116e-05
1.42566414637226e-05
2.96994614619233e-05
2.79842315799089e-05
4.13628012880062e-05
2.92192835077422e-05
2.49425548634308e-05
1.44343696646051e-05
3.24549027760224e-05
9.01146613642262e-06
1.06351493747594e-05
4.31646509026375e-05
1.02465724835159e-05
1.14568598460984e-05
2.37958766171198e-05
4.14122414773297e-05
2.69361612929918e-05
2.22313164995924e-05
2.4378338308004e-05
2.15478369821268e-05
1.17892662695956e-05
2.50233358260021e-05
1.50584028274221e-05
4.19316075765904e-05
1.79483907665167e-05
2.13219532102498e-05
2.3800211761902e-05
2.23407754773367e-05
2.70654041327832e-05
2.00782014572083e-05
2.23947378259237e-05
1.37673270014086e-05
3.0377498593926e-05
1.77059560986271e-05
2.04110110924253e-05
3.21906421784997e-05
2.68600510078516e-05
2.31686880665766e-05
2.34487932271459e-05
1.68318941407366e-05
2.98140417241658e-05
2.40580853716084e-05
1.66973116057069e-05
3.39686296503708e-05
2.32128560387299e-05
1.87216902456158e-05
1.83671137582818e-05
2.55455743247596e-05
1.66912474025155e-05
2.46725581303355e-05
3.09355149251126e-05
3.59326066965008e-05
1.26147134295535e-05
8.02606437671332e-06
2.25502024242362e-05
1.58014558712296e-05
3.33599246287896e-05
2.40012368133932e-05
2.7798318096483e-05
1.71255101327206e-05
2.19391518115235e-05
2.61597034950853e-05
2.93509972710937e-05
9.02696602740959e-06
2.79587655861954e-05
3.35438407424569e-05
2.4372685856139e-05
3.36546229897303e-05
2.3648156859915e-05
2.0656980392118e-05
2.9783390984598e-05
3.43275030390587e-05
3.17828394652739e-05
1.80807759437992e-05
2.57853420869933e-05
2.1200037326569e-05
1.93583028582868e-05
2.26184836475012e-05
2.23760551755992e-05
1.96623671451386e-05
2.38797740232297e-05
2.66015989409854e-05
2.04140505163752e-05
2.65264294311655e-05
2.65732177155814e-05
3.61528721495745e-05
3.26713628919217e-05
3.27389804874997e-05
2.34680401387493e-05
1.7796041760729e-05
3.29135248339578e-05
3.49937990974003e-05
1.00312567578701e-05
1.25904184611828e-05
1.59982627646379e-05
1.76580760213062e-05
2.05017355555937e-05
1.18582698600768e-05
2.42001045662952e-05
1.08032630470964e-05
1.81238227620127e-05
2.8587989987897e-05
2.49719458996841e-05
2.05624395608256e-05
1.92266161900393e-05
2.43134614034966e-05
1.63596651584416e-05
2.24147543842213e-05
2.58926056817062e-05
1.70517662500795e-05
2.24139929035487e-05
1.57421881339438e-05
2.84817604145903e-05
1.80783607678363e-05
1.86585916740974e-05
3.81486098237575e-05
2.23739104045339e-05
3.44842656854477e-05
3.17715033414462e-05
2.8126218396599e-05
2.3444585782395e-05
2.66396362097046e-05
1.4413524055758e-05
2.95341655983472e-05
1.91810831473601e-05
3.21466920249163e-05
3.56769940828099e-05
1.97249916925068e-05
8.23349324892758e-06
2.98754800560384e-05
2.14359760448945e-05
3.33045541276837e-05
2.73395711334627e-05
1.64932261993625e-05
2.41284235703292e-05
2.85144483953699e-05
2.75251747810962e-05
1.32180475961106e-05
2.11517189725625e-05
1.2112430657384e-05
7.89661257863571e-06
2.67692004515724e-05
1.4000777861266e-05
2.42581240668438e-05
3.02544986436837e-05
2.07039731720001e-05
2.06996224734827e-05
1.48256226469466e-05
2.84230947396299e-05
3.67543958892326e-05
2.20227497795854e-05
2.15488333041525e-05
1.50887845044839e-05
1.55302274341971e-05
2.10312499602825e-05
2.45179188904101e-05
1.70514210781199e-05
7.45126634761489e-06
2.31577082681903e-05
2.21099087760884e-05
2.93816320834322e-05
1.46368517326901e-05
8.96505163368566e-06
1.11104050376644e-05
2.15614126616516e-05
2.54416891208781e-05
1.59281509305796e-05
2.01802520317338e-05
1.1292471655381e-05
1.97553520957375e-05
3.13208622291994e-05
3.60417442520027e-05
4.18940688680992e-06
3.14091537332304e-05
1.98053190083704e-05
3.14442151584787e-05
1.8566634910346e-05
4.01651061109584e-05
2.76312212183461e-05
3.61019125372954e-05
2.28940650781687e-05
2.58915551502809e-05
1.35841085521899e-05
1.87630518926556e-05
1.69942241240135e-05
3.96328403899057e-05
1.43782397045989e-05
2.05368960486296e-05
1.06036797509693e-05
1.23794391770157e-05
1.75793953033526e-05
1.09936730148047e-05
1.53428870622154e-05
1.82925236149958e-05
2.87178036245468e-05
1.61858121443484e-05
1.70406083742906e-05
1.09186468181901e-05
2.98243267494458e-05
7.70227255754995e-06
3.00001394656221e-05
2.09952111660722e-05
2.28872325190853e-05
2.35948778911005e-05
1.76298328063363e-05
2.4031835065689e-05
1.11379737881632e-05
2.75765646083369e-05
2.20941209659209e-05
1.57019223110414e-05
1.42267925070026e-05
1.61640672147876e-05
1.81729206472977e-05
9.50405501245634e-06
1.79262502846575e-05
1.60925074372584e-05
1.24426337475679e-05
1.66106249747256e-05
1.50106855366119e-05
1.89349400103778e-05
2.24993719706171e-05
2.04001963207036e-05
1.79444843161117e-05
2.8645025829925e-05
2.33199031489099e-05
2.59703582509041e-05
2.80432043946369e-05
2.60797183115894e-05
3.51794831120337e-05
1.59584465765343e-05
2.24643555608459e-05
1.827832180089e-05
2.55235140907894e-05
2.26790574255394e-05
8.68338214115453e-06
1.77940255456644e-05
1.71749746964198e-05
2.67940671062358e-05
2.63675143960866e-05
2.0621034596917e-05
2.2662514123977e-05
2.63081896273952e-05
2.85114895630111e-05
1.27733117982804e-05
1.74066791707981e-05
7.74854957696294e-06
1.81532458962356e-05
2.12643266799844e-05
3.42346802350692e-05
1.59042262381293e-05
2.44894588769685e-05
2.28316336018491e-05
1.33417714942643e-05
1.59356074990531e-05
2.81937888186674e-05
1.01678921502996e-05
2.09100333716115e-05
2.23787944295116e-05
1.98042924009534e-05
2.19930906938242e-05
2.55122670026325e-05
2.29818765739667e-05
2.33570662080407e-05
2.50189515921587e-05
2.88717592324774e-05
1.48639381611046e-05
2.77110456757805e-05
2.25639985329708e-05
1.91225006579847e-05
3.04139553840796e-05
4.57644707136688e-05
3.30458922900453e-05
1.44941073044592e-05
1.44824281368194e-05
1.971292624738e-05
3.90752124163763e-05
8.07214190476895e-06
9.51237653805663e-06
4.05487478447279e-05
3.62845608656991e-05
1.27165439355694e-05
2.68798504064592e-05
2.11240539672694e-05
1.81948247829329e-05
2.89456565730375e-05
1.96688116363523e-05
2.63850427235377e-05
5.85488807739559e-06
1.83134340663199e-05
1.60110092414341e-05
1.79727097831717e-05
1.52883523463863e-05
4.48009859879427e-06
2.79669096935935e-05
1.53767124078291e-05
1.49703680882402e-05
2.22795210870759e-05
3.24270049747664e-05
1.04843550835117e-05
2.87979327437445e-05
1.94006235856243e-05
3.11004606374952e-05
6.07987580413027e-06
1.66865089048262e-05
1.9710932707269e-05
1.18880571073508e-05
1.95043880107517e-05
1.66174799397627e-05
2.65083959115258e-05
1.57421561197975e-05
2.60774427275873e-05
3.11725127664121e-05
6.41020768616177e-06
3.08875475349344e-05
1.74677746557164e-05
2.11185819720563e-05
2.06961842128721e-05
1.95264922419843e-05
2.24590346581792e-05
2.83832696442893e-05
2.28220822775526e-05
3.13224302834966e-05
2.04296823185472e-05
2.18750444709824e-05
3.1942402437393e-05
2.16730843009703e-05
2.18969207159953e-05
2.45164474890604e-05
1.0775525418324e-05
2.60600849207922e-05
7.87663765433504e-06
3.82263994085646e-05
1.14551267271145e-05
1.5782004603073e-05
1.64393024499095e-05
1.05878821985851e-05
2.46904542396383e-05
2.93517883419623e-05
2.59438428865522e-05
2.63331595193395e-05
2.59697387158031e-05
2.48726001439002e-05
2.86648784834063e-05
2.23844137194261e-05
1.5615756315886e-05
1.56445502830053e-05
2.98654753373469e-05
2.83541245286075e-05
2.42645484237358e-05
2.21309834043824e-05
5.51120842963505e-06
1.54575228837419e-05
1.47457846468914e-05
3.43704091501124e-05
2.14323716184817e-05
2.2333207936182e-05
1.46452716131551e-05
1.58680594756573e-05
1.09625608097138e-05
2.24772238311916e-05
2.37592441957893e-05
3.41256770335724e-05
2.12395131329896e-05
1.00874745015236e-05
2.73648489949721e-05
2.34590162315844e-05
2.6386223349296e-05
3.86816857555901e-05
1.88541029476196e-05
1.55964286126586e-05
1.39165082008715e-05
1.97299141033768e-05
3.13946716930836e-05
4.209492919844e-05
1.98104720418169e-05
1.82067707609622e-05
1.76919353183948e-05
2.36500929915295e-05
1.64574928044248e-05
1.88228464844033e-05
1.78867327459702e-05
2.01219083974597e-05
2.04632583133189e-05
3.32196005286897e-05
8.28016817528472e-06
1.53310010875336e-05
1.43585535864881e-05
1.61725862324155e-05
2.35987452607554e-05
1.89757010263998e-05
1.42759799686984e-05
2.35360405953047e-05
1.73664802725756e-05
2.88532839197851e-05
3.02783868192475e-05
1.0452545660085e-05
2.4371976046253e-05
1.57460643638751e-05
3.12002894295555e-05
3.24732225839037e-05
1.59497897758976e-05
1.3612362428135e-05
1.98214807464104e-05
3.19843834252525e-05
2.29931735439621e-05
1.40887738141921e-05
1.9561173478436e-05
3.4224411780333e-05
3.51368405242708e-06
6.81190002789042e-06
2.16049010095275e-05
2.38864125615276e-05
3.29539430619509e-05
1.88503640521329e-05
1.5600141626051e-05
2.26273025375614e-05
1.62168710325411e-05
1.9821219106025e-05
2.3635634643395e-05
2.15410788155489e-05
2.31320154551684e-05
1.62348037623124e-05
1.88156408376097e-05
3.39195592120307e-05
1.97820141762861e-05
1.65278014047669e-05
4.07622770295143e-05
1.88729419257484e-05
2.33855995699555e-05
3.01872371070501e-05
2.08223349812346e-05
8.54161799621464e-06
1.7580843087886e-05
2.9041703304829e-05
1.09284052382754e-05
2.23356779654989e-05
2.0159568869347e-05
2.34287506477246e-05
1.65360720739368e-05
9.67287791018086e-06
2.04410879531551e-05
2.0374690870884e-05
3.44635261124359e-05
1.65279907436705e-05
3.07313566326192e-05
1.73506005117718e-05
2.06070737640947e-05
2.26338082379486e-05
7.28486535835707e-06
3.20050377853541e-05
1.99532146871247e-05
2.30056580756541e-05
2.08439235308575e-05
2.97487315814387e-05
1.32229037744346e-05
8.88608923046943e-06
2.09014726050551e-05
1.51438420101727e-05
7.66636384654947e-06
1.42151834599932e-05
2.88747638536555e-05
1.12578481326594e-05
2.75218708037046e-05
1.15358511964055e-05
1.20390708462789e-05
1.76274248796957e-05
3.3822698521071e-05
8.65347731171349e-06
3.24169246688161e-05
3.96977483214848e-05
1.53734724043105e-05
3.29937880047516e-05
1.38924339982993e-05
1.14321281555557e-05
3.678720540702e-05
1.89565389491281e-05
2.36137134481551e-05
2.53470655706689e-05
2.67153003693183e-05
1.77578672932812e-05
2.65911715610426e-05
2.63079134604308e-05
1.32922569030279e-05
2.10641085460577e-05
2.91683746210023e-05
1.52751467809508e-05
2.03806279591868e-05
9.63474682144971e-06
4.22580784194576e-05
1.29961815941173e-05
2.58103731383132e-05
2.95031471110947e-05
3.94606850125641e-05
1.99004907835593e-05
2.44063908916767e-05
6.50728465671558e-06
2.23798579931691e-05
1.51585033250687e-05
5.33243626357549e-06
3.06290810516472e-05
2.08851986490826e-05
1.70954450717374e-05
1.55953877323979e-05
1.15994577163993e-05
1.57177901148143e-05
2.79515883724656e-05
1.29822202174584e-05
1.99882478306141e-05
5.21869700798509e-06
1.98723783349976e-05
4.01475762317738e-05
1.01373949551257e-05
3.38711909136783e-05
2.4892160217575e-05
2.79078851449896e-05
2.48659306082867e-05
3.25459768264683e-05
1.20863332736664e-05
1.14122055153041e-05
1.94578515223363e-05
1.36686280313031e-05
2.35337850191536e-05
2.72573361478209e-05
6.56533245069593e-06
2.03052156318941e-05
2.91200996638476e-05
2.43149790736994e-05
1.74813473307982e-05
1.74399560436366e-05
2.47851079978868e-05
2.94517965958742e-05
1.01902559408523e-05
1.40035025735999e-05
1.80220231313094e-05
1.54055998999862e-05
2.38811975858609e-05
3.17428440627286e-05
2.95759638246254e-05
3.50352915751961e-05
2.03026359289618e-05
1.83384576943054e-05
2.04608973340773e-05
2.48004130669701e-05
2.34855543198935e-05
2.90562776080845e-05
1.3920956723122e-05
2.6000971462476e-05
1.61276594145565e-05
1.16962738827172e-05
2.16502623064077e-05
1.23655972417203e-05
2.33440602945747e-05
1.75991415005418e-05
2.80501094229498e-05
1.12418806135489e-05
3.71288400621618e-05
3.24507589926351e-05
2.02190120065783e-05
3.06193576466086e-05
1.61476914690034e-05
2.378508701937e-05
2.79136324254474e-05
3.4067757791325e-05
1.42106677687015e-05
2.66510059457474e-05
2.80806258337229e-05
1.5221585861257e-05
1.74263618861356e-05
2.40967657158423e-05
1.85624332606914e-05
1.73476000868744e-05
1.30575949064997e-05
3.93314791504393e-05
3.54775035240304e-05
1.66450994201717e-05
2.10098889604273e-05
3.03896689894842e-05
1.49518379500103e-05
2.87507906492793e-05
2.97609584603285e-05
1.81205574821029e-05
1.59261879902362e-05
2.70651266530816e-05
1.84306454511963e-05
1.46391269521867e-05
2.59793310795283e-05
1.67736242577479e-05
2.3494844629877e-05
2.50176064354134e-05
2.58794729093658e-05
3.05272228363051e-06
1.00516627334772e-05
1.60964495282155e-05
1.5999217269956e-05
1.09632211873278e-05
1.1216868013868e-05
1.52373169554551e-05
1.07384275741234e-05
3.06130086309743e-05
1.23829870372211e-05
3.17517357393066e-05
3.02943509592669e-05
8.03738002309922e-06
1.92915337228423e-05
1.36779747369724e-05
2.27124583118139e-05
1.61554214535644e-05
1.86444458063046e-05
6.39876721924876e-06
3.09578797781674e-05
2.38112900516121e-05
1.55832800645935e-05
2.91492552552434e-05
1.96070806273316e-05
3.13924461908079e-05
1.11419346594265e-05
1.14080679185556e-05
2.41992514526678e-05
1.4899908479687e-05
