-1.19993020680829
-0.954191618291976
-0.437176818367618
-1.2127418751271
-1.02881608992906
-0.429818116508957
-0.91265948447185
-0.541519322870224
-0.69194616134961
-0.852855854708868
-1.18502792447764
-1.25840690868147
-0.819887548125852
-0.579432289149304
-0.598708555719832
-1.58514495592933
-0.228847419895031
-0.192751109584231
-0.388044296292902
-1.46788188076197
-1.59550496142469
-1.92961803912146
-0.703131631285704
0.16330084689273
-1.18462832586591
0.353099497217604
-0.886083973043534
-1.04382540265779
-0.357471496844284
-0.940882057672388
-0.0521450047068548
-0.0577632960163651
-0.274658011487687
-1.62898653727921
-1.09437082166714
-0.0970802169219427
-0.644354553901952
-1.35818790241765
-0.878338444693623
-0.48129057472629
-0.372547863196807
-0.955474524800578
-1.06017425855784
-0.301496827997377
-1.40751571303135
-0.561842102402726
-1.72513193278572
-0.331598468909405
-1.01697283558855
-0.91532022390947
-1.0484861568079
-0.970352990223837
-1.1261219636694
-0.57718454640709
-1.30820880795944
-1.12425517640287
-0.760800525763104
0.0580220415598537
0.19719459451222
-1.80592301568682
-1.19129583691725
-0.807012224273899
-0.485749046355787
-0.143390342245116
-0.812318104886244
0.664355800309925
-0.389261097093675
-0.659096985942112
-0.978020048898081
-0.61822424847143
0.0853179335415482
-1.5099776674371
-0.862148102226426
-0.853945004814966
-0.931965054321439
-0.766592172959741
-0.171299073735038
0.15363166569474
-2.02984635934568
-1.03582265225139
-1.06078367861649
-0.833157554589972
0.133769089238959
-1.01832056164783
-1.35614274021446
-0.57878925547806
-0.795508461768888
-1.37396200495584
-1.61034934422783
-1.03276453557615
-0.664387587346677
-1.01527557691216
-0.969460655541644
-0.229295260308538
-0.371397712452
0.692520256274563
-2.04057744027704
-0.862588456168072
-2.44534533746487
-0.281217654495859
-0.818487828394237
-1.20668098115349
-0.813126355020251
-1.03934706786779
-1.0553523991463
-0.382786315326208
-1.27229024877711
-0.353553385737901
-1.53220425918268
-1.38901110828577
-0.692358616818082
-1.16828299362206
-0.892625439835431
-0.186615715584889
-0.964476475665425
0.103005511656452
-0.337282748838498
-0.758046434512391
-0.423425672597687
-0.913955994393628
-0.549618832074122
-0.35674722107807
-1.27056942380117
-0.866656956657236
0.00779140124542116
-0.791196257031271
0.0547813934680107
-0.375270792617542
0.0437766015871141
-0.967757874202861
-0.724109323833357
-0.427767703380445
-0.302499409113409
-0.530637389592868
-2.19724118583097
-0.221280045401976
0.0368397065791703
-0.350968357020882
-0.812979647001272
-0.684967744155983
0.353226948062357
-0.287014599094545
-0.995667277497257
-0.882114486503563
-1.01506611117632
-0.466419809446645
-1.08220295180092
-0.752710619167855
-0.759575915246872
-0.741607205604697
0.126669452381384
-0.359550292400121
-0.0686694898778915
-0.947436205651878
-0.506398022325889
-0.61109184415621
-1.26425452541965
-1.26676209920608
-1.38691541615107
0.147999401520236
-0.501060104003398
-0.252914435833655
-1.35339399594693
-0.77141277213143
-0.5423557758329
-0.414136293104721
-0.140848001469319
-0.462063170059483
-0.639282745280814
-0.927060428182144
-1.17331704143212
-0.78385315087403
-1.26222247364299
-0.788700891048326
-0.364202259102307
-1.24827284232641
-0.919138777055811
0.885622847071124
-0.696191790374551
-0.643632785066519
-1.56529253283737
-0.446759069771675
-1.16141496276934
-0.548733237340943
-0.58869295307377
-0.777444815731577
-0.71453206713152
-0.133593471898834
-0.216070327032232
-1.02427835999372
-0.886947858612365
-0.461068430835234
-1.56346150400277
-1.32632088000926
-0.715319056307278
-0.890498703772499
-1.22298417712465
-1.12511549759223
-1.1317335418935
-0.747948547858149
-0.0478186200577673
-1.49427534836515
-0.601573581231149
-1.3721523997568
-2.02859655976002
-0.535828495498824
0.00515031014331727
-1.10129808277532
-1.38608423013853
-1.00945886336815
-0.756218367418395
-1.02315263829844
0.0965954975323614
-0.49886639196868
-1.28590209001322
-0.631682808418126
-1.64258709328701
-1.37464490087382
-1.94792593718747
-1.79220419490826
-1.36318640510837
-1.43718908993103
-0.175191483946887
-0.0343228289045986
-0.905082523056104
-0.620885735389639
-1.58895989853894
-1.4866492452216
-0.651646437569205
-0.942091179054637
-1.35688914121693
-0.612281661241279
-0.565656400882606
-1.85466238879519
0.112796343668511
-1.01282045418284
-0.95343098229509
-0.581845131864338
-0.944226119293003
-0.0422240301677047
-0.201279482754691
-0.328276487422873
0.0170573480524585
-1.26299814316415
-1.15000797616043
-0.782917401307595
-0.668356702027443
-1.0664308596157
-0.906703676058342
-1.43799544554367
-1.18169165689386
-1.19091765741338
-0.95727720840269
-0.552956004663949
-1.26628301797884
0.0455928021763105
-0.814376802812853
-1.7233434243722
-1.14574405485145
-1.09341386732714
-1.59374323728475
-0.652480845789215
-0.658073354811918
-0.849932540721715
-1.40801180715349
-1.03673965704949
-1.77352338382873
-1.17236352723017
-0.820362660685462
-1.09798066828196
-0.448697124705103
-0.7281928948896
-0.268945903403109
-1.84564067333792
-0.759452840062607
-1.68553418048478
-0.541538236297753
-1.14034681067354
-1.12302042486837
-0.290190572701499
-0.0762943805495309
-0.838123164831044
-1.20612073521108
-0.909718623158245
-0.915760756830382
-0.151654957125257
-1.54047424705436
-0.627769287364095
-0.896026137202328
0.34767846358868
-0.80477161794231
-0.444533366039678
-1.04631357047161
-1.25818195405675
-0.252887239890225
-1.65816511908407
-0.907769277722491
-0.850760812441528
-1.10256493836046
-0.493760861338672
-1.92278697707233
-0.186581738072459
-0.949025423344972
-1.23219075234292
-0.498121696919848
-0.274362652376223
-0.443613329344737
-0.878927976700953
-1.03930346753012
-0.293374185428622
-1.80582023234429
-0.509394727039536
-0.551505647047362
-0.199453392465359
-0.351193224300422
-0.56430384576224
-0.565366401363791
0.428962947250162
-0.276845392109497
-1.41090121934326
-0.140212059180273
-1.11047553574157
-0.997981268631047
0.01959541276416
-0.609099057562528
-0.870341021751834
-1.01255333381748
-0.507050363812357
-0.557464789880698
-2.29691703072118
-0.443476392388754
-0.419598419264622
-1.54018024056873
-1.10501717634055
-0.532412487755525
-1.65488807013685
-1.33862389358659
-0.860018627291561
-1.41221967088178
-0.73639648851833
-1.16029587207852
-0.590978221893089
-0.314058442063433
-0.735618909926787
-1.40003083842086
-0.914050797347595
-0.267789132954833
-1.43555098890496
0.733577591615873
-1.42302572842228
-1.32505601763695
-0.905543113171347
-0.832620895644168
-0.302420586664826
0.728465987426059
-0.756583901423129
-1.76845130064522
-0.154932420478572
-1.0862566654989
-0.0966043277581997
-0.866990979535487
-0.932516895913299
-1.48540516854043
-1.57051127543076
-0.386858533227569
0.461178212570776
-1.07584338478961
-0.533612657521405
-1.66539085590749
-0.132873670912498
-1.71817428859469
-0.0912597827290184
-0.336186914424459
-0.169202920775675
-0.843246712371167
0.0553088776408554
-1.70004763487911
-0.405246568278976
-1.19561569211481
-1.76016407244555
-1.00107280554867
-1.03445590388547
-0.820996900135187
-0.416700129172251
-0.863501000656212
-0.488818927722977
-1.16777845897247
-0.0663227423788904
-1.20887497411494
-1.02326109412641
-0.762878379696653
-1.64797928488196
-0.134390711182649
-1.62704570570998
-1.28109592179809
-0.974875865102493
-0.776352045511843
-0.520943828010806
-0.984430336252877
-1.11120278844809
-0.514127747831298
-0.772516837771161
-0.422011683829197
-0.0693770541464898
-0.247842281129078
-1.95021015394801
-0.545127665024104
-0.340543655848216
-0.924411965298079
-1.03434469591127
-0.603728326803482
-0.918591022214391
-0.494364836562127
0.113325832543173
-0.445541602041318
-0.872878334096127
1.31823189497023
-1.79344379181091
-1.19893314413304
-0.830214888434249
-0.610372072125178
-1.05518337738476
-0.602052923886472
-0.936972957228294
-0.662761089980042
-1.04373579285584
-2.31150720656141
-0.409414235040112
0.360478352341693
-0.611359911929712
0.217090289017172
-0.746663563825599
-0.265756264143673
0.25536294150181
-1.29421658416622
-1.49002301972831
-0.76564571730274
-1.30802377213305
-1.21863749653813
-0.542193470659382
-0.28357465361617
-0.912667421835911
-1.72423230642449
-2.10879531105744
-0.702524602785262
-0.72412313156201
0.121795634445236
-1.00956759567166
-1.03740634646308
-0.114911321479662
-0.229174144264349
-0.955760440313608
0.0827019231140302
-1.12766705926272
-0.43404056904651
-0.589459842013439
0.0334188501882175
-1.87346707479986
-0.808235853750547
-0.472180571872381
-1.285643852906
-0.806641483033702
-1.51035942413167
-0.456854939245538
-0.0812607419856844
0.0345046476664288
-1.24949360375841
0.28930657736137
-0.531936645423243
-0.45512604285053
-0.405088969510024
0.332862027590366
-0.707539015330235
-0.382579878960136
-0.304999786722772
-0.543408576636463
-0.417135436445427
-0.957878761986223
-1.2600478238567
-1.68708269449561
-1.60949981711086
-0.723465073085139
-1.08611260155817
-1.2468088689996
-1.14868022085286
-0.485700969221781
-0.855300258850208
-0.658981890752114
-0.657011661822173
-0.96055957786284
-0.555342781705804
-0.901445746438123
-0.772998708831346
-0.5671755771678
0.181804000299379
-1.39503463027111
-0.91382075852218
-0.631192075201902
-0.0806060353728582
-0.838852701002713
-0.452059786428709
-0.410664206141711
-0.95504952698537
-0.374026013020516
-0.334970779989086
-1.01887877402936
-1.7435371041524
-0.734269907982757
-0.514520505515102
-1.69339276095953
-1.66775285785365
-1.32333036977971
-0.458937821674135
-1.0022514848314
-0.478173719883321
0.581334778762697
-1.23549071387795
-0.345888443403348
-0.959091572612977
-0.0437689720589585
-1.65965975491118
-0.330318739821483
-0.63741830840366
-1.15601308181816
-0.513242412796027
-0.620721248922411
-1.35412626448069
-1.81967396488171
-1.08906870888923
-0.332228349369821
-1.52200841982997
-1.68840433188368
-1.73751881674561
-0.715795963833794
-0.612857034672879
-1.15497608068325
-0.646908461904799
-1.85320562735635
-0.996496610794365
-0.554403596551009
-0.546660979147271
-0.998956700608163
-0.90425852611837
-1.31347418344555
-0.998929033830664
-1.40837342168116
-0.288462474801104
-0.115854185131945
-0.936768003432395
-0.00992767198927824
-1.47808695912937
-1.04822644849916
-0.0167830494013129
0.0107650073516996
-1.53209748624275
-1.06037094653829
-0.747979137904361
-0.855271119993256
-0.891477406253526
-1.06086264739422
-1.06569451193194
-1.2824565113886
-0.525112503410103
-0.622470262613139
-0.910457633901122
-0.727173289470638
-0.528535805258629
-0.98507627619375
-1.51927856541137
-0.949277480046661
-1.06422731044605
-1.72081257772182
-0.658178980594675
0.0477216079465548
-1.16050053742337
-0.44633000917906
-0.837547208787312
-0.909018079583827
-1.26566309722507
-0.856764531230399
-1.01976788329417
-0.280364447507267
-0.648621468458389
-0.931028834210046
-1.22685755199834
-1.76621910021289
-1.43308746166203
-1.40895884952754
-0.787551105171395
-0.409891874652464
-1.05205692441277
-0.809113667505935
-0.214750170866239
-0.761308653343262
-2.14930036457056
-0.205514133096106
-0.896108953768999
0.234208361621197
-0.61369515102104
-0.723376719498612
-0.337169336107889
-1.28338953056064
-0.835685679024999
0.0676852197923357
0.472262132900007
0.134136069640755
-0.376186698115247
-0.934646427107841
-0.31207234279423
-0.84113327689205
-0.675149991360605
-0.571724235230779
-1.7859578948023
0.0414003392701081
-0.556800316641861
-0.434233183957163
-0.338701803739455
-1.26581202302228
-0.631779689213897
-2.02758696161142
-0.510316568860282
-1.1247751268064
-0.212727479878433
-0.926058854211586
-0.911145024673762
-1.26791917850156
-0.386192402018376
-1.8178012301433
-0.819166381815927
-1.57600427937112
-1.18436597905977
-1.10238069462051
-1.16750713801147
-2.0313696764173
-1.02606753954714
-0.654506497042922
-1.78734809835093
-1.40063231022786
-0.525562224398022
-0.511956635122955
-1.31698511945034
-1.20894740587628
-0.479760597115851
-1.29480860862815
-1.56617469663865
-0.844377197227975
-0.547845603912394
-1.46892312808629
-0.785927928276322
-0.863487031220159
-1.15840718552208
-1.35036296019971
-0.638913966140501
-1.67923355095762
-1.72642626772785
-0.724822665743717
-1.13063330132765
-0.260968080849035
-1.08357285403495
-1.1955120599868
-2.13842531589305
-0.51338959838661
-0.796905360291668
-0.604475343570708
-0.607002453044402
-0.274881563023728
-1.4669798479503
0.361368186889787
-0.939876069700289
-0.923406251311907
-0.648610090607484
-1.26502013705326
-1.29867708464791
-0.338786362592832
-0.983694689754047
-0.919379286115771
-0.26282628256374
-0.4680839620999
-0.873614121647858
-0.670068556559618
-0.95492771383095
-0.322553891634181
0.192977694108689
-0.735059497458313
-0.775146726156241
-1.28950506870319
-2.11924261273669
-0.476631104253898
-0.424371681653533
-0.729171467188431
-1.65091286531282
-0.800051841015243
-1.34251905463406
-0.351281582439107
-1.01334783778145
-1.21382436736454
0.126048764410887
-0.858048765308518
-0.607238696447007
-0.906181644612189
-0.442983498564395
-0.724174288049105
-1.46268777040655
-1.57993606682953
0.155550239021788
-0.510136499729247
-0.38316886175174
-1.75023252291818
-0.601675350038247
-0.748220737402184
-0.598392487254617
0.327527633650082
-0.727009980129679
-0.839446156894353
-0.73977214580379
-0.0360936417848356
-0.42500703978314
-0.441773898286143
-0.164425922754744
-0.286190034527244
-0.758934545561295
-0.368473083508312
-1.52522813273286
-0.31681651597286
-0.0797951519872243
0.0637226514231798
-0.286664391449811
-1.28237200605168
-1.09250780979105
-0.519931929492009
-1.1888436382013
-1.56881624090835
-0.361695164900075
-1.39379364290673
0.118256283282021
-1.18919699412329
-0.822102863212616
-1.30807456029632
-0.545464930108694
-0.673531588511938
-1.11455153456127
-0.955844675615253
-0.815976604008927
-0.674232135871279
-1.03058011876798
-0.330471040147951
-0.296915140300257
-0.678299524429604
-0.342049903460154
-0.187239072315523
-0.434743954544815
-0.269850965093582
-1.39197253554183
-0.612124248647825
-0.658999135109133
-1.39864768630175
-0.0604107658889173
-1.76098810389924
-0.662828230065615
-1.01286290884069
-0.892010761015264
-0.65601994456007
-1.03295972848147
-1.53539880621745
-0.175336847833782
-0.767148082000877
-0.344236398187429
-0.998078332656685
-0.065558148259114
-1.51032890622858
0.319841776306484
-0.926016356762533
-0.963576461474871
-0.656496509433157
-0.348718127022332
-0.698391800626409
-0.423033611658273
-0.901078817574838
-0.950550677669748
-0.45721450368067
-0.296581857266442
-0.76476304480263
-2.22962712262104
-1.58297800599924
-1.23796309800819
-1.80451335511918
-0.01865296508987
-1.85084908377628
-0.802358293449735
-0.740714423842658
-0.494742894382469
-0.458416953089476
-1.27371490323151
-0.170594309921818
-1.84992929603755
-1.59286865712642
-0.337237029033794
-0.734229054077625
-0.545667770575582
-0.281694065929557
-0.139246843916434
-1.89815333529893
-1.3710225205664
0.226861849154494
-0.196723499968739
-0.306500382273153
-0.889188230409242
0.201676505224276
-0.897866275479592
-0.546100809725083
-0.767045482287287
-0.535042669700313
-1.27407335543094
-0.629971084782614
-1.32463511374457
-0.263867132212065
-0.439078061691449
-0.348427855232411
-0.731948189654051
-0.358041277014685
-1.11721596173723
-0.662364738331844
-0.561594015415077
0.813035113809961
-0.334102504195475
-0.397247935463784
-1.26303418386081
-0.727160786473053
-0.689887199640322
-1.78704997704713
-0.612682748475102
-0.363984584432732
-0.274665318725357
-1.08431199653533
-0.890523604321494
-0.234773606332875
-0.91220411740996
-0.987602649584485
-1.58629908798991
-0.519564057667498
-1.2521929317166
0.0533283610284798
0.295340739075152
-0.79827625520651
-0.718171151579475
-0.032736283223273
-1.13963551120016
-1.09483620967065
-1.18896506798779
-0.642827441705264
-0.873504455947611
-0.0423293402875368
-0.276535888411369
-0.15549736978064
-0.00916287911548801
-3.45653608068777
-0.464902468065572
-0.891954125264076
-1.66869130723119
-1.2355425836236
-0.315835032393327
-1.19704041432607
-0.971500420679563
-0.826841388055928
-1.22408670398555
-1.03817643785375
-1.55236388678675
-2.05101722866585
-0.558273962483288
-0.902892499194328
-0.546604150467807
-0.574882309914287
0.931441446436286
-1.71970104247762
0.248520734729427
-1.41231433400347
-1.3413498435918
-1.19394252856843
-0.662016115117657
-0.113817226137071
-0.559915122364835
0.238955931655365
-0.399702526314283
-1.53084399129803
-0.625166355590909
-0.641466968856218
-0.741878479073554
-1.28082306574333
-0.407355342840193
-0.416893236856298
-1.08464118832722
-0.695775000892638
-0.673572607689251
-0.613896994023102
-1.35516270156242
-1.14215458229542
-1.36151021801631
-0.667779088374218
-0.346495411746296
-1.23252131170906
-0.736367339089506
-0.826001509533836
-1.47019284123403
0.843176610972619
-0.329919687324815
-0.603615818041148
-0.337811921203835
-0.333165430378944
-2.0776803893848
-1.43926192127602
0.134706799370089
-1.64261866345989
-0.806830688530202
-0.77477512944979
-1.09022622134351
0.297318281911906
-2.05723071757019
-0.281057197090979
0.312764361022719
-1.05790643550363
-1.58681405892948
-1.11524982071016
-0.971904709189738
-1.14515110310588
-2.15674801102353
-0.917096377081318
-1.67519691318448
-1.09924507612851
-0.814026479292954
0.182921842210989
-0.630036720015727
-0.878983002237464
-0.703312238910781
0.948308043950427
-0.788781414578002
-0.672556950140529
-0.566656375639627
-0.0248529444155381
-0.856676319823325
-1.25383912854402
-1.20938285949885
-0.831747493460951
-1.87815340658818
-0.430140156362001
-0.37125522710981
-1.27201829893205
-1.03420002814045
-0.447261751656075
-0.464221330856249
-1.67473707872399
-0.736902597760455
-1.63691661684496
-0.786639796527171
-0.34863674968177
-1.11654301659965
-0.533681304745491
-1.02184760715395
-0.567562657648813
-0.313711504648617
-1.10443425752665
-0.811016681955585
-1.47011523798757
-1.24363390088537
-1.01669205542873
-1.37026688420453
-1.66837339839188
0.421827731419558
-0.715416955763987
-0.496741658846254
-0.150117170434871
-1.10760533346216
-1.23428752111235
-1.20292451612946
-0.40724794706344
-1.31165080877309
-0.977947601014325
-0.724166060050095
-1.45176092492246
-1.79735536326552
-0.151229713217894
-1.19591148957536
-0.598721684605725
-2.22592453888647
-1.74921802602027
-1.74994348495469
-0.799836171032609
-0.850162546004589
-1.55745085247503
-1.12759059277872
-1.33897054402468
-1.38903418648933
-1.17003992214676
-1.25094141543917
-1.18160423248234
0.13624570583237
0.209510964279227
0.105852641689158
-0.44076773655724
-1.13655262467599
-0.746090717304032
