-6.06566124489473
-3.39518069382757
-7.65737056652142
-6.7417114815762
-5.39364542583644
-6.18913421595062
-4.51718513479864
-2.78423071269935
-3.26116610014287
-2.16991536195565
-4.75874422540073
-5.26844234648161
0.123349170884467
-7.52562776514969
-3.66336157520709
-2.57255042642646
-4.90121010242729
-3.89596448066004
-7.00375846608949
-4.58542675290664
-1.12684047438961
-4.94227416224021
-0.151994535233825
-6.38714440903277
-2.58388539869338
-6.86875174034503
0.97945254118531
-4.80128971600789
-5.30591273914615
-6.09877982830221
-3.72452520759543
-6.17234561961959
-5.16174857380975
-2.80743390256248
-4.80583146239223
-3.21239483603858
-0.917397612312925
-3.97282004193403
3.22813285166922
-3.1741564644617
-5.86311350844335
-2.48267288613715
-3.46497396710038
-3.25162336089124
-5.28759398404509
-5.57122013688786
-2.3962787365017
-3.51806414192833
-2.02101824067358
-4.49770886726037
-1.71706387976883
-3.67297043495637
-4.05907130056585
-2.68738695657521
-3.26211092872836
-4.37856643761916
-6.07842152335797
-3.04647495102836
-3.12576728347631
-0.162750158924609
-5.62032374985574
-3.90631195624883
-3.38314033484494
-5.78990888231783
-4.0078883805545
-5.339706776198
1.40091040442348
-0.602021948710899
-4.50203056698956
-1.05275062250439
-3.82899600347446
-4.74342549023277
-4.75457535062742
0.15379300978384
0.596367060163175
-3.174156660476
-6.24243675330945
-5.83439965713478
-1.54183683135489
-3.79759198385
-4.00042877571832
-2.25480477542442
-6.93220288069278
-3.77170828873932
-3.77827509150666
-4.4490370455751
-5.42921659357671
-4.94055855053011
-5.82405129635299
-1.54268852909445
-4.99947368525318
-3.70832314818108
-5.13185948152386
-2.45225515631319
-3.63201431326161
-4.72903549912735
-5.61865925620077
-3.50953912353725
-4.95062028162647
-2.0416203491186
