-0.376134024140018
-0.380473013209999
-0.526596037596956
-0.378229627925403
-0.371047803699756
-0.296363168510996
-0.216072288904951
-0.402915565786838
-0.401379130668876
-0.328958895309345
-0.288932676516618
-0.332676850529698
-0.235821403209116
-0.320820020147885
-0.31093221168496
-0.281626112906531
-0.28342784637679
-0.315008485817369
-0.300511373347726
-0.301352851311946
-0.329250775032065
-0.188926941969299
-0.340363004043944
-0.306585953136567
-0.421202388893209
-0.406235163550433
-0.321907772848872
-0.28286842019285
-0.356451888615814
-0.381359120551102
-0.320111917145015
-0.294427922272923
-0.289651173201936
-0.345614277521566
-0.240250405352208
-0.29965639905766
-0.301135844476394
-0.36214232496486
-0.401096885927894
-0.225266419170571
-0.405815981743937
-0.265208314900028
-0.372582712134401
-0.362532248581408
-0.391213056138751
-0.308412753692593
-0.271410056663984
-0.327223566786617
-0.41023509415924
-0.31504231267288
-0.381856258641009
-0.340039655705436
-0.35847775075112
-0.352127390769761
-0.249693904884221
-0.27792901514847
-0.309572168529473
-0.327764176250574
-0.361608747308607
-0.425830711782368
-0.330490700674153
-0.431027134951923
-0.393590904577231
-0.356147997041683
-0.231707395378137
-0.455473038406288
-0.337549117534072
-0.290154621950719
-0.253401783372401
-0.26155187115572
-0.358498250000493
-0.450723088485986
-0.335255470618862
-0.24504959040404
-0.397852205057207
-0.303860767766739
-0.486698050780118
-0.377485274079918
-0.365536739040748
-0.293301025469539
-0.330128837830715
-0.425040088221946
-0.282254325589735
-0.326297441497764
-0.459215093086473
-0.277412910472439
-0.201002075355466
-0.232734698207382
-0.364723584212271
-0.398120920258352
-0.371800145595939
-0.424422994957686
-0.436761354894725
-0.387948140925687
-0.272730592621741
-0.33822310485337
-0.33953528835879
-0.372073515630981
-0.277858432792883
-0.396080298789055
-0.277195382366041
-0.272851601986564
-0.344420797851808
-0.379614858535378
-0.356884243890136
-0.4062645924826
-0.238844071241203
-0.385899214670374
-0.313052870116545
-0.465779617322124
-0.410405056530759
-0.406921665619195
-0.313987694196084
-0.278346709592814
-0.342881663107315
-0.312826385989621
-0.394847669849569
-0.324447775659062
-0.358333286213413
-0.438771113583107
-0.419886792976182
-0.383577834574356
-0.344693035343747
-0.251732157255064
-0.349040867009424
-0.311352332378762
-0.344164288946849
-0.514690026578856
-0.312421176578997
-0.283966185716674
-0.327098759821987
-0.352888860725169
-0.313338461129359
-0.289877417998649
-0.382968811137446
-0.438908892698758
-0.378351570642308
-0.379371179917541
-0.260615177560663
-0.303365558658253
-0.386549694408086
-0.243035541678518
-0.293217596900804
-0.296315066814053
-0.400694712593437
-0.347105382832798
-0.199856052758587
-0.382243376569459
-0.447583224460192
-0.423463875272984
-0.324312814998437
-0.437139576271505
-0.309728432835971
-0.486772243126701
-0.339587614781471
-0.320737004421728
-0.376806808545572
-0.359698313226727
-0.279256518825037
-0.346284631933769
-0.201267889819252
-0.293282623239276
-0.453135591073939
-0.367072574319368
-0.313016261606887
-0.318218268731785
-0.311826076178142
-0.378652544787152
-0.50609764082425
-0.402170921118578
-0.348883015432781
-0.318949147772757
-0.390230422307074
-0.294003682803086
-0.383191351233072
-0.370720305737696
-0.332527320375169
-0.351197704624054
-0.398151730148079
-0.304315250000818
-0.426683117948866
-0.239675356288774
-0.348618800566396
-0.324396980235948
-0.32737928848587
-0.368315369813433
-0.312275935292638
-0.330648078474744
-0.275936611097974
-0.294161287583971
-0.424162937778458
-0.237727942414698
-0.41643087422512
-0.235717595659241
-0.296659732883611
-0.27736033038816
-0.39703384016321
-0.371499954218745
-0.403898054996936
-0.386637136880911
-0.281127547562343
-0.300220535489852
-0.271778709485415
-0.444667454134661
-0.304063188466922
-0.416323978812491
-0.34562688557003
-0.246207828712357
-0.316323498703109
-0.411770153896419
-0.295643674578285
-0.39961587855243
-0.263261573717794
-0.296564285718106
-0.312634937359595
-0.261080312368023
-0.331328566274458
-0.446812776642311
-0.365042408419246
-0.329075053015494
-0.20530425243775
-0.417796645168052
-0.393037059429315
-0.349285740138147
-0.34232076731162
-0.454440350669425
-0.385628051481073
-0.406774973397234
-0.190200609581719
-0.28525265074307
-0.31052883306406
-0.380370576675446
-0.376413463317993
-0.344656801698042
-0.303498352483337
-0.308381003927501
-0.29242817686847
-0.241512978102281
-0.367920314599735
-0.413080745426071
-0.2652487814432
-0.319103646808204
-0.348287026543528
-0.344693186840052
-0.361150577052904
-0.233807182717127
-0.318739524849571
-0.303955939048119
-0.360429594756758
-0.377808331124221
-0.381104233583275
-0.271913404143147
-0.318820053250085
-0.198220204450629
-0.277754100731382
-0.433400728541043
-0.314322589939538
-0.336229157188638
-0.322868149382827
-0.29139748969459
-0.374718227948917
-0.3351235264582
-0.322269727975428
-0.251833019111309
-0.418503465013027
-0.505789092759638
-0.392307313225379
-0.354543047838779
-0.365365513627116
-0.383729940308876
-0.466222104905239
-0.261080823473986
-0.321489716478093
-0.288615050722002
-0.345379402193226
-0.251360873034805
-0.338035606331416
-0.382219409366542
-0.352548179807932
-0.394223722134385
-0.240370043556908
-0.364817767751645
-0.43943613603329
-0.255827642102863
-0.341696161603669
-0.31875361236012
-0.384024622261394
-0.341774259399104
-0.43090071077061
-0.384928498462652
-0.423894622699394
-0.425824463454657
-0.312944081121094
-0.327323832481906
-0.380587412139805
-0.394300362465399
-0.383341536853597
-0.30343478465831
-0.355068601291969
-0.314045490212957
-0.272467330322355
-0.375602952914469
-0.360571480382582
-0.261086906978721
-0.296559139665148
-0.477304032840069
-0.359267976455421
-0.412197866681685
-0.327568836548343
-0.269671873872567
-0.332184541515346
-0.305026991703797
-0.363107051048045
-0.382820182292106
-0.346273544459879
-0.431729220704953
-0.278699962960419
-0.331471868560479
-0.332326438696794
-0.366391663156263
-0.3205441009936
-0.392314031822337
-0.330198886958944
-0.293941743142333
-0.36004804063957
-0.483498799061145
-0.307159663260662
-0.359028551983539
-0.247824501961093
-0.443178443617859
-0.210432286867071
-0.386329565197325
-0.416868112651409
-0.30144793046251
-0.281840280944122
-0.333816597508657
-0.360329688799407
-0.359272955770397
-0.329301517492691
-0.265611060187606
-0.375951971550484
-0.31329580166399
-0.352472775100304
-0.34223257479206
-0.377818658388235
-0.313597751951136
-0.26713663778601
-0.375469318371592
-0.354953343259824
-0.331479465656863
-0.372838832113788
-0.272788182472465
-0.421091138488887
-0.339237259275061
-0.348458113523931
-0.330312399298174
-0.398260743343227
-0.302413837700822
-0.343819211710433
-0.276255931105796
-0.369556785030643
-0.326198327226415
-0.170290731386332
-0.31846897081982
-0.382485564258542
-0.283208799583799
-0.356401126723428
-0.372603591448584
-0.275217984144671
-0.273019658309083
-0.35218334437614
-0.353067355680521
-0.244591106828717
-0.363424621150483
-0.397029349970366
-0.325163380977667
-0.300604374213915
-0.335570459628983
-0.34879377768248
-0.313888205592767
-0.379274503884843
-0.454238321060526
-0.34834762684265
-0.272584064706192
-0.316670894793554
-0.338284033473325
-0.410289079692633
-0.451878816214901
-0.183144330195477
-0.324397775310198
-0.324700933857079
-0.435324394749135
-0.314529556461677
-0.461506537844156
-0.354513087942654
-0.227272154167457
-0.311018122216612
-0.426989075612364
-0.266084633242035
-0.424232128566866
-0.498271220373198
-0.380203230342004
-0.321995819068859
-0.301487307824632
-0.403442611332246
-0.346875625777243
-0.333584060832853
-0.345877387658677
-0.291308997640862
-0.364386098496082
-0.335423750984583
-0.186680932170323
-0.363811486236861
-0.289096927426879
-0.331898174789115
-0.253047132386238
-0.219665095418188
-0.297948217080712
-0.325151892730602
-0.316338957445909
-0.334670667336298
-0.297335105497795
-0.301259089829739
-0.338078195021241
-0.318999058392236
-0.440177366590435
-0.343937578750624
-0.337918683110315
-0.354949075787259
-0.307084223009009
-0.358828143902446
-0.296437962126957
-0.261205739327571
-0.31531494998697
-0.373000902651648
-0.351867184656772
-0.434872615108537
-0.268803879623724
-0.209675190923965
-0.329219872886859
-0.295507209165792
-0.434333876901703
-0.461812138939638
-0.276061441121379
-0.256764292396021
-0.352581697428649
-0.284869184312945
-0.36446842510241
-0.492011889374139
-0.439243148602115
-0.38628936059996
-0.534091734420883
-0.462793151006944
-0.344663625269402
-0.248847189507261
-0.402145776149868
-0.363850624285997
-0.396785936793796
-0.374464279243462
-0.498999852913016
-0.398863610438394
-0.28649898194763
-0.421323206455938
-0.221081790139697
-0.380572079831025
-0.422883492488386
-0.323867210024182
-0.369987412889939
-0.273694081983657
-0.452658468369703
-0.341747698887206
-0.376613450852144
-0.346271632544715
-0.338691690845486
-0.326307365398912
-0.38875891196095
-0.317169811973305
-0.301672172192208
-0.404002568083028
-0.20861293453836
-0.315308202928128
-0.323918959731303
-0.309242403777632
-0.329909613353817
-0.272279789644733
-0.335980530407299
-0.371157883167793
-0.313582525448021
-0.349802567322898
-0.385338232850719
-0.366080719398795
-0.304102356435132
-0.320799872595864
-0.35830564125703
-0.29828928858498
-0.402076725416777
-0.401259995196193
-0.31904391034224
-0.390378731398152
-0.201924987791485
-0.443458499338903
-0.374016047383568
-0.259619145194714
-0.299821904921424
-0.29654449816532
-0.402421692112949
-0.482155319512319
-0.232404726390126
-0.383144388950982
-0.373553316472029
-0.391928217157347
-0.302393428232302
-0.304811451112939
-0.25697878452138
-0.322846033780439
-0.34163762442861
-0.379089956497966
-0.466440297952913
-0.415980795547787
-0.222949991571751
-0.361450257278826
-0.349793420711004
-0.327507645188813
-0.409288388055757
-0.334830323763192
-0.439790191135233
-0.328748482357475
-0.428115761668495
-0.228722149895549
-0.332941130157206
-0.280437565750438
-0.298329463632597
-0.392138885924251
-0.40900847285546
-0.38527027220373
-0.376907875775401
-0.297918092191768
-0.305911150379475
-0.355769202348288
-0.331671740776053
-0.275390072522222
-0.388144703174876
-0.305572209377919
-0.42739785084621
-0.328745334326565
-0.211808312588071
-0.36117659837641
-0.297987610419986
-0.254232304829438
-0.488805768816568
-0.36276692355044
-0.356042335981966
-0.306394320695808
-0.352728448858504
-0.34936840170905
-0.428452306476403
-0.285748415834234
-0.362788710115524
-0.33327229439705
-0.239390420409848
-0.321218440813892
-0.46618643042622
-0.233511259604794
-0.337274592151289
-0.521699694915177
-0.312431944186919
-0.405715023646006
-0.428144086707617
-0.351609633958554
-0.388202667894571
-0.353491817473816
-0.317303118141464
-0.25991136555224
-0.366411725772677
-0.291221385186463
-0.355842287852292
-0.282255709460982
-0.387192359737342
-0.385262308361411
-0.399596228899832
-0.260879468964166
-0.298837559754285
-0.314813195864151
-0.387735160059216
-0.364489841213355
-0.270404844883436
-0.23182345788198
-0.31438434265638
-0.277875433763635
-0.295832326257632
-0.328679076478214
-0.299612683888821
-0.261964792307201
-0.429286096221418
-0.463506507430739
-0.389541286610882
-0.374293468807025
-0.429551341286762
-0.358394912548277
-0.41681286092564
-0.278882573109936
-0.339218004048963
-0.378101554978166
-0.437521593020266
-0.386231588051537
-0.427086140665275
-0.3828767273568
-0.286508665445457
-0.238672263217192
-0.358303503865196
-0.466113840478919
-0.300582190919924
-0.382989493069414
-0.337068996435375
-0.361785857186159
-0.196943364552224
-0.343646866090173
-0.366109099621638
-0.378643477091448
-0.316396408003155
-0.367938105056882
-0.298708492840485
-0.304679022564359
-0.334991906599779
-0.389389324710316
-0.335675827925312
-0.429224980500662
-0.314642879002641
-0.324180427816568
-0.462594104786553
-0.37820166842189
-0.415405293220456
-0.375942720953845
-0.399385142492876
-0.33101181414538
-0.314129215829987
-0.432006039766648
-0.244809604545549
-0.357609312621306
-0.343590297869476
-0.33552158018635
-0.350373689254172
-0.392629013727764
-0.456076849059496
-0.450637401895567
-0.348603081949213
-0.298048644319538
-0.261743680193571
-0.237571392042143
-0.308681978328344
-0.458381864171318
-0.348442393060699
-0.381360225380599
-0.331373455280989
-0.46265009348519
-0.325782555283813
-0.290787072450388
-0.388009673333501
-0.334802309377964
-0.384004795458078
-0.387621325063595
-0.283025469459436
-0.537581170384033
-0.245144267388494
-0.379595785097576
-0.409072559739482
-0.316948721612099
-0.287958456676068
-0.372310610401935
-0.259437424413131
-0.315716538725017
-0.519683177438071
-0.383924681115706
-0.354416478409271
-0.372544623704564
-0.323330845813879
-0.285643803540526
-0.257882541316407
-0.407839687429077
-0.343202182883407
-0.373725215981856
-0.280583191658217
-0.416239670704929
-0.306451858582325
-0.294446706689615
-0.324303941216399
-0.543521454607257
-0.353687134795726
-0.387563245278975
-0.475867441608803
-0.379347528592735
-0.363032876584493
-0.229219302170107
-0.320070628682932
-0.293630917257977
-0.434742901681678
-0.375299790533701
-0.441727559280859
-0.465703782807848
-0.245979557326042
-0.33514455585104
-0.373179821337575
-0.397559073173865
-0.347607838322353
-0.304562030516463
-0.445542357307568
-0.492824644248141
-0.260193790808092
-0.348079786877581
-0.34054042174794
-0.343341371391072
-0.36583464682384
-0.364153358972994
-0.262250107112503
-0.259800779737604
-0.218346793597175
-0.308642786184371
-0.429169029964411
-0.352570881803006
-0.280804476855906
-0.473929099353983
-0.316462983636662
-0.475518831908396
-0.30548309877014
-0.307671976833973
-0.498357987670636
-0.238781284566158
-0.32498895419412
-0.377894220967894
-0.369189396345112
-0.395802250682257
-0.319466299350237
-0.2528466627743
-0.300050725136904
-0.358995169485945
-0.357118362197711
-0.327037054535837
-0.271699176238855
-0.299050476097669
-0.418377013457188
-0.464645819255279
-0.269208832193398
-0.355014232217161
-0.210521546696833
-0.315585937207769
-0.317979140908351
-0.319430188584285
-0.389877257129195
-0.449893629647741
-0.365687922225571
-0.373316326684626
-0.344056396108296
-0.318694606210554
-0.414576400979265
-0.350505696851934
-0.346545431915007
-0.373786538215003
-0.429080729655035
-0.444484448461956
-0.275915910234038
-0.395831724381081
-0.297934240938435
-0.260764637142296
-0.389592316862975
-0.314592609159779
-0.458397487941281
-0.372647646854265
-0.296069829187174
-0.434110230088725
-0.49805576877045
-0.331628885953826
-0.372195317123463
-0.344913220015923
-0.416639078099885
-0.201912115183134
-0.355956818475673
-0.386026092215426
-0.284371432691991
-0.399545300912519
-0.324184695601901
-0.327324187110696
-0.282391467786768
-0.362011108475767
-0.314392780537002
-0.311352801885096
-0.349031706244495
-0.432425158424916
-0.376124882688447
-0.359385519578689
-0.334982435824176
-0.338975806294269
-0.364554580434921
-0.340058893055076
-0.348022094670326
-0.339999657663648
-0.286646533516044
-0.399850756874359
-0.422293855572013
-0.303760181685096
-0.394999752454392
-0.274057248386337
-0.278007105597142
-0.348065600793456
-0.379841851154863
-0.235268905400067
-0.465451692232158
-0.472074740882026
-0.285688126725636
-0.467610878179364
-0.388317340118074
-0.361640443726026
-0.214311864641664
-0.473959478668102
-0.333548254560473
-0.227836371696338
-0.330772872731737
-0.326203357880068
-0.360686342445469
-0.357042793890366
-0.384744917976288
-0.306251049022767
-0.341535538284722
-0.364137755822065
-0.367556033427976
-0.309937928885938
-0.339179870454193
-0.350794352134873
-0.398540972738596
-0.268950725097172
-0.371023477494518
-0.257539247297939
-0.431602614408175
-0.302029854281604
-0.357736525136104
-0.561464511983142
-0.307217098734189
-0.345742322050792
-0.255149788185364
-0.37026305132728
-0.410663595978963
-0.207771581868285
-0.35359844319861
-0.311907068582039
-0.397853874081601
-0.394282630990445
-0.345292413860252
-0.414395090820511
-0.249931385071818
-0.301919777984635
-0.284719872258824
-0.322620800546491
-0.384285052138959
-0.320192284340502
-0.357680707379766
-0.442044019227514
-0.384192902873434
-0.399840266700526
-0.486819788740888
-0.338772235630262
-0.426482668721817
-0.290311303289433
-0.352512929305361
-0.40856913624525
-0.377974829172407
-0.345186125188535
-0.323037686251055
-0.532059628527059
-0.291217316357218
-0.48681184281359
-0.282009584959291
-0.427031363831237
-0.376931059751186
-0.344828763477132
-0.218950303068053
-0.264335622602216
-0.400192285553653
-0.396584398119651
-0.324771806859588
-0.306232115752462
-0.392291059941339
-0.502107079012612
-0.345729522387103
-0.454440000521121
-0.389745756606884
-0.404224260363389
-0.358126555139511
-0.489526160394782
-0.310532955734139
-0.315935056277953
-0.321433414466247
-0.331543330874273
-0.352715838288589
-0.37079481417227
-0.360925857703384
-0.323912916454681
-0.437135686933136
-0.29003060305343
-0.295452168894982
-0.313279597348081
-0.357700742321995
-0.411399266877309
-0.250075257739914
-0.409877062169262
-0.294897884483815
-0.353036510411138
-0.275210037766847
-0.308716177465124
-0.32025450522346
-0.33436839899419
-0.234649844681797
-0.236792930705196
-0.296617918926217
-0.358943268194205
-0.362343112593214
-0.264464212826806
-0.41495836097781
-0.546878560096853
-0.398407109897097
-0.404435488266247
-0.36420293641115
-0.496018028183036
-0.449714294941009
-0.458172739152376
-0.38926242205575
-0.346212085279912
-0.551619854705781
-0.305366238191411
-0.338344487883182
-0.356864402995324
-0.338839675958994
-0.311619300139826
-0.281681838070197
-0.523295144146942
-0.362575112612849
-0.382099470336808
-0.299313203592883
-0.41812284236922
-0.329548904041914
-0.379888141406857
-0.387337018667293
-0.264461220568977
-0.406783721192258
-0.372787290272139
-0.322177366297462
-0.42595785994804
-0.443268906331047
-0.259936580522961
-0.400498078100945
-0.317062904901082
-0.339702997916049
-0.41565136971921
-0.433127871704853
-0.3229581636566
-0.36767158992706
-0.297311371834163
-0.319004005583704
-0.279014146017045
-0.298318357016496
-0.308390087496926
-0.444558441412845
-0.327108528250189
-0.443331736247873
-0.432884984422146
-0.263210760152651
-0.207495131656566
-0.324326061359267
-0.36608225625711
-0.421088033737553
-0.284313281098717
-0.249735359761522
-0.248376550538228
-0.448874309301777
-0.43800109976165
-0.277958918235008
-0.317288072445973
-0.430575316990027
-0.286285272515066
-0.382948711873798
-0.354499216564929
-0.321178184202228
-0.362613793714329
-0.440043625616378
-0.484690395042648
-0.482359164732787
-0.382026982064765
-0.512848286653504
-0.235554299630029
-0.233102590332477
-0.299978334375369
-0.258920202001009
-0.397602037684353
-0.248296405170247
-0.343553528139364
-0.363079740334867
-0.41544356440493
-0.232879035275154
-0.250609161956785
-0.370223860965117
-0.433927932762482
-0.407077501929323
