0.000186212195014967
0.000188363885266656
0.000260695513526763
0.000187230422737396
0.000183697758100599
0.000146725251428669
0.000106978174225944
0.000199472452461401
0.000198703716388825
0.000162841691606914
0.000143035883298676
0.000164696658643185
0.000116757724902891
0.000158817068247933
0.000153943755778043
0.000139434426558218
0.000140326347985723
0.000155950735461703
0.000148776591629964
0.00014919898765336
0.000163000320618054
9.35444088767027e-05
0.000168493249376871
0.000151776854028595
0.000208530563221249
0.000201108892335336
0.000159354075427811
0.000140042570337581
0.0001764706863052
0.000188796933367939
0.000158476675146896
0.000145763136327115
0.000143385581109736
0.000171111986601383
0.000118932383487734
0.000148338228626666
0.000149078968666791
0.0001792777494164
0.000198563962835919
0.00011151910923886
0.000200898621959407
0.000131298798941934
0.000184449718548527
0.000179472516386186
0.000193679675040617
0.000152678836181863
0.000134368032283555
0.000161998888309621
0.000203087293276103
0.000155963770345738
0.000189036332869137
0.000168355726742916
0.000177476658024467
0.000174320625501137
0.000123622738662571
0.000137604325931811
0.000153262131371123
0.000162258465057184
0.000179018809018642
0.000210807854636537
0.00016361019627978
0.000213376575915085
0.000194845969510797
0.000176301125984899
0.000114710134309502
0.000225486770808944
0.000167093607553509
0.000143646069731256
0.000125453174592712
0.000129474550143219
0.000177487463230191
0.000223135340138988
0.00016597562973169
0.000121304978818487
0.000196956057720978
0.000150433794389815
0.000240954804309874
0.000186876856035688
0.000180964206099927
0.000145210705784147
0.000163436241055864
0.000210417372923484
0.000139731845030132
0.000161555681032475
0.000227339196848202
0.000137345158552199
9.95151188021505e-05
0.000115212125696717
0.000180559998333962
0.000197087259630277
0.00018405968118501
0.000210121534213168
0.000216218132471248
0.000192053837744436
0.000135021862915819
0.000167429208799517
0.00016808402167834
0.00018420348486981
0.000137562472603253
0.000196081246897691
0.000137235295774083
0.000135095232004929
0.000170509053426619
0.000187929367853673
0.000176684598718651
0.000201121007754387
0.00011824420446626
0.000191037006890459
0.000154983011990867
0.000230585056196011
0.000203182136011171
0.00020145818766567
0.000155443854564578
0.000137801925818525
0.000169752587446021
0.000154875465385705
0.000195473930363446
0.000160608931862578
0.000177391354599121
0.000217212357501794
0.000207861809060835
0.000189889941897218
0.000170644352770957
0.000124629842138312
0.000172804484579352
0.000154136723790437
0.000170378470338346
0.000254794282080922
0.000154673103979124
0.000140584208250104
0.000161927577766706
0.000174710329274881
0.000155103731951671
0.000143522687922446
0.000189579385572871
0.000217287567700988
0.000187303913498846
0.000187823302988223
0.000129017030864038
0.000150183967153094
0.000191362957403514
0.000120314719993839
0.000145167088138849
0.000146696569581546
0.000198369251802326
0.000171835256745069
9.8953026505537e-05
0.000189226177448362
0.000221573638072263
0.000209634107151463
0.000160554844473492
0.000216419627496575
0.000153334059155836
0.000240984086688138
0.000168100536193085
0.000158783994681782
0.000186529285335775
0.000178065097562174
0.000138249182032942
0.000171443313363033
9.96457295192853e-05
0.000145205422660394
0.000224333567340013
0.000181720082852618
0.000154967012847573
0.000157543758752251
0.000154377444961185
0.000187441922574698
0.000250540997111028
0.000199108754854251
0.000172702311022629
0.000157896612382859
0.000193187624636649
0.00014553751546298
0.000189707469498696
0.000183532896092266
0.000164620944091005
0.000173869522158147
0.000197102053636404
0.000150651661124339
0.000211228818755677
0.000118657177892989
0.000172584045798277
0.000160597309494566
0.000162070251712331
0.000182333916104545
0.000154610382028807
0.000163687834848763
0.000136617415210947
0.000145634122704061
0.000209984897027275
0.000117694312271593
0.000206166538199288
0.000116710321752535
0.000146866353692147
0.000137308009398912
0.000196559798354208
0.000183926959059369
0.000199961911062898
0.000191420382248975
0.000139173301521701
0.000148628899249681
0.000134550869147032
0.000220137951717237
0.000150547121103619
0.000206104190998156
0.000171105218208398
0.000121890103249164
0.000156606767881055
0.000203859925214931
0.000146359850555186
0.000197831267186592
0.000130335667762166
0.000146814685920591
0.000154782871565552
0.000129262283555619
0.000164024845613713
0.000221196776002149
0.000180716041986539
0.000162909620256456
0.000101648378144812
0.000206828815056188
0.000194584283005296
0.000172911396460795
0.000169468714214732
0.000224961927954946
0.000190894824038727
0.000201371135185167
9.41729197344842e-05
0.000141211408538828
0.000153733395544955
0.000188312722224264
0.000186362998436042
0.000170624126526321
0.000150252566427393
0.00015266337454708
0.000144782847364619
0.000119556012439337
0.000182145009563819
0.000204493491696183
0.000131321264947594
0.000157976729984382
0.000172427900283994
0.000170640045913777
0.000178785888061649
0.000115762468986711
0.000157801908688071
0.000150464966693442
0.000178443042571653
0.000187046353184616
0.000188679018333567
0.000134616594042658
0.000157841924272376
9.81415236525168e-05
0.000137512672242268
0.000214565270467203
0.000155606158211788
0.000166460192362211
0.000159844667908151
0.000144267813756031
0.000185519287176733
0.000165905688335005
0.000159540473772878
0.000124681732737486
0.00020718076719243
0.000250385803512502
0.000194220472857702
0.000175518912833985
0.000180871858939924
0.000189987497429086
0.000230803706533616
0.000129255495339893
0.000159142334335828
0.000142894877186542
0.000170987169527739
0.000124450665395406
0.000167346844181381
0.000189223438470952
0.000174529441626551
0.000195146417462386
0.000119005808244564
0.000180613582610551
0.000217549092081699
0.000126649635262339
0.000169166978340663
0.000157809371878713
0.000190112488481164
0.0001691963390642
0.000213322583561994
0.000190566326946332
0.000209857583582245
0.000210801337398982
0.000154927480693075
0.00016203419278133
0.00018841610131579
0.00019519098786141
0.000189774598910426
0.000150216453130167
0.000175782912853182
0.000155472909906975
0.000134887845959589
0.000185945205426124
0.000178513651418127
0.000129257614268925
0.000146815557177867
0.000236289073679895
0.000177856054847976
0.000204058839983312
0.000162151813348607
0.000133503059383801
0.000164449046197874
0.0001509904885627
0.000179752006030397
0.000189508709631092
0.000171428659250274
0.000213712749824717
0.000137988599781809
0.000164104023680256
0.000164521987364498
0.000181381030377955
0.000158701541238286
0.000194231307054184
0.000163477399582332
0.000145526688352265
0.000178251603878002
0.000239357022202939
0.000152070843877526
0.000177740518698418
0.000122697904351386
0.000219399080697344
0.000104171254423534
0.000191253318771867
0.000206354998185053
0.000149237367012383
0.00013951977123863
0.000165253556365109
0.000178385502008948
0.000177851857835222
0.000163033514612387
0.000131498696515105
0.000186115604564101
0.000155119706905811
0.00017449514315209
0.00016941943583832
0.000187049585887767
0.000155251666793479
0.000132255280900948
0.000185877311622769
0.000175719216149441
0.000164109235856229
0.000184577251648356
0.000135049684231371
0.000208462643140819
0.000167956342691601
0.000172516724487288
0.000163519384672902
0.000197169183206348
0.000149710890270674
0.000170210868588853
0.000136766888848794
0.000182949115847614
0.000161477452825161
8.43078117539603e-05
0.000157667854102153
0.000189347027416126
0.000140214039840115
0.000176432962514441
0.000184447272010715
0.000136243174027561
0.000135178588508371
0.000174347324803749
0.000174784849850133
0.000121105163825723
0.000179912511675206
0.000196548669256142
0.000160970130584197
0.000148814892092167
0.000166125332289616
0.000172684696259853
0.000155391319803848
0.000187755183081415
0.000224879450204646
0.000172464406032965
0.000134945767052274
0.000156769971077564
0.000167467772079095
0.000203112159124425
0.00022369758292213
9.06720736400806e-05
0.000160596941939927
0.000160762405172596
0.000215504754542675
0.000155717886437021
0.000228465211944761
0.000175501669943973
0.000112525862978181
0.000153979856317378
0.00021139283705226
0.000131718765869322
0.000210012606563036
0.00024666950684589
0.00018822785793609
0.000159413332544117
0.000149253005817697
0.000199721086125145
0.000171722153885822
0.00016514833830788
0.000171216179930355
0.000144211973801883
0.000180393882034213
0.000166058423760009
9.24245139581183e-05
0.000180095576383184
0.000143139791410895
0.000164306585533741
0.000125281674899619
0.000108761984015291
0.000147487078333021
0.000160958605234188
0.000156603338679104
0.000165667322397393
0.000147194247645851
0.000149154223277855
0.000167377748931063
0.000157918935384459
0.00021790865054869
0.00017025843189803
0.000167277911444492
0.0001757248457118
0.000152021484427803
0.000177655215551873
0.000146757454215131
0.000129322914470637
0.000156097107764674
0.000184660668634816
0.000174200107708706
0.000215301620636073
0.000133077634802216
0.000103817167579755
0.000162980886399762
0.000146299587781488
0.000215017335718369
0.000228626055154001
0.00013667350227278
0.00012710999720589
0.000174556114770753
0.00014103053731089
0.00018042856045637
0.000243567830755699
0.000217446274761283
0.000191232731010152
0.000264395624950468
0.000229111383754569
0.000170624890289133
0.000123195700947017
0.000199082215329238
0.000180121981675238
0.000196437344112246
0.000185377570639152
0.000247023639929962
0.000197461347919738
0.000141846086563478
0.000208577458867612
0.000109464369318604
0.000188413518184981
0.00020934591251455
0.0001603230028859
0.000183172518206951
0.000135508795712445
0.000224087517893022
0.000169192493476105
0.000186442054355613
0.000171422533509594
0.000167672510900441
0.000161538972614582
0.000192455237057724
0.000157029373618431
0.000149356744025027
0.000200002614985261
0.000103280484752994
0.000156093414225974
0.000160375977694948
0.000153091915693527
0.000163329124601632
0.000134796719460751
0.000166341606558066
0.000183731321453072
0.000155237266897088
0.000173157787354477
0.00019077534762231
0.000181237288119537
0.000150556897719956
0.000158814640524671
0.000177393655752734
0.000147689275234551
0.000199051960075028
0.000198638080314954
0.000157934161749728
0.00019326148611729
9.99641259810559e-05
0.000219541535213337
0.000185159959722764
0.000128541064100396
0.000148442093684851
0.000146808621262066
0.000199227058285229
0.000238688628885413
0.000115063226547412
0.000189685943563026
0.000184928066720395
0.000194029404010764
0.000149697791930767
0.000150897482771498
0.0001272251807481
0.000159839402119517
0.000169118715298291
0.000187675844856795
0.000230905905716955
0.000205940809763923
0.000110370905720464
0.000178930474681199
0.000173175278269746
0.000162138649829151
0.000202615545151508
0.000165755558847187
0.000217719042241416
0.000162737999905206
0.000211947238848406
0.000113233279637776
0.000164818245156576
0.000138825610017213
0.000147689252197239
0.000194129924338481
0.000202480115411164
0.000190717350189643
0.000186586012234066
0.000147491096797679
0.000151441768084724
0.000176136172484403
0.000164188075399951
0.000136334999839941
0.000192154301020855
0.000151287747384608
0.000211583238003297
0.000162745065822997
0.000104854054752581
0.000178805848872568
0.000147526162144078
0.000125859237303824
0.000241979934626649
0.000179596475879555
0.000176265654738104
0.000151690222444496
0.000174624931142393
0.000172966936925857
0.000212106295503668
0.00014146373210603
0.000179620730076086
0.000164989625310957
0.000118515770045317
0.000159018736791072
0.000230793307082616
0.00011560930190825
0.000166968209497583
0.00025827709737014
0.000154666421734466
0.000200848738580872
0.000211951124620548
0.000174058093318501
0.00019218971292484
0.000175004250410867
0.000157074362681828
0.000128677106320597
0.000181387642150451
0.000144177993799806
0.000176159153057586
0.000139734323736117
0.000191688510416509
0.000190723663411054
0.000197828122249726
0.000129152107716311
0.000147940270473225
0.000155852058928748
0.000191949227166153
0.000180452736788289
0.000133872235550526
0.000114766762459989
0.000155636673984331
0.000137554950565168
0.000146466348142122
0.000162717509433024
0.000148327803435156
0.000129686439834304
0.000212519406215256
0.00022946759979982
0.000192841954780112
0.00018530351111419
0.00021264706711003
0.000177433139054467
0.000206341696782324
0.000138048969219808
0.000167939858071703
0.000187196870450908
0.000216592720884583
0.000191211129782127
0.000211432549181901
0.000189542502999515
0.00014184495651464
0.000118170020848077
0.000177378514169267
0.0002307523845989
0.0001488104631273
0.000189587671648489
0.000166871471672719
0.000179097806880845
9.75143190430507e-05
0.000170128271485659
0.000181251499683141
0.000187453282195457
0.000156633198749352
0.000182145176102588
0.000147875965082271
0.000150841297903205
0.000165846510784584
0.000192780972275664
0.000166184602306499
0.000212488861581467
0.000155771500966554
0.000160486900371837
0.000229007519824451
0.000187245963569763
0.000205652612133876
0.000186120458187006
0.000197719228125987
0.000163873273174386
0.000155514583853443
0.000213877104776936
0.000121203979306019
0.00017703544557708
0.000170096156118402
0.00016610095539904
0.000173460235731041
0.000194372491805553
0.000225777138993288
0.000223087343637528
0.000172590343810786
0.000147559602359827
0.000129582345403157
0.000117615086413276
0.000152826830491008
0.000226920069542649
0.000172510113413468
0.000188801397795286
0.000164046450889977
0.000229043994775376
0.000161281970461751
0.000143950500308855
0.000192081147120781
0.000165757077839204
0.000190116861405056
0.000191888758495381
0.000140123909980165
0.000266133145034467
0.000121358584631427
0.000187918111779073
0.00020251492705426
0.000156915317926446
0.000142568923485095
0.00018430814538651
0.000128437133119428
0.000156306932485168
0.000257269731781672
0.000190048720933298
0.0001754609099917
0.000184433097288287
0.000160080384287719
0.000141422098917958
0.000127663914441938
0.000201908052449079
0.000169902870698398
0.000185012456296519
0.000138903872579995
0.000206059548354109
0.000151702220892079
0.000145769211384268
0.000160552729214225
0.000269077319431786
0.000175100968155938
0.000191861332064204
0.000235583966922161
0.000187806030132264
0.000179730233244824
0.000113477755449854
0.000158464494368931
0.000145371180553403
0.00021520361457659
0.000185805651566445
0.00021867513560313
0.000230542519514138
0.000121775954004765
0.000165915168263612
0.000184745053358159
0.000196823792381965
0.000172094390645086
0.000150783486121836
0.000220576311839819
0.00024398114345047
0.000128804302184427
0.000172319829021066
0.000168581833249172
0.000169964339218537
0.000181111067488602
0.000180276435814802
0.00012984243020167
0.000128625506163583
0.000108110866028397
0.000152786513660465
0.000212461438945976
0.000174544415063562
0.000139029547134811
0.000234622213024715
0.00015666236113124
0.000235418613010818
0.000151226629190615
0.000152323058875604
0.000246719223542339
0.000118209402630618
0.000160875783129216
0.000187076812116747
0.000182773648017379
0.000195947665082715
0.000158161440810811
0.00012517672267532
0.00014854220181158
0.00017772298941291
0.000176790548553388
0.000161902111687048
0.000134521706300141
0.000148048741093499
0.00020712448294928
0.000230022494278621
0.000133290722098719
0.000175752364081207
0.000104208995885308
0.000156246751764763
0.00015743135557337
0.00015814753653553
0.000193007807587116
0.000222718985946339
0.000181044426088414
0.000184814220925684
0.000170333772040188
0.000157779258106328
0.000205237691291449
0.000173518639692043
0.000171555491933596
0.000185049271643506
0.000212422745297724
0.000220039261822048
0.000136593718920128
0.000195960746138789
0.000147498078675156
0.000129111982333861
0.000192880904654347
0.000155744198966838
0.000226936043251509
0.000184483702655304
0.000146584234160663
0.000214916008214024
0.000246557684592316
0.000164181857400952
0.000184240862229941
0.000170745012471977
0.000206262021545027
9.996332018954e-05
0.000176217689750761
0.000191097816174208
0.000140781004051283
0.000197804328348044
0.000160505000598695
0.000162047445278653
0.000139809502282937
0.00017920995094545
0.000155657254171922
0.000154146425469106
0.000172788523428385
0.000214069140434785
0.000186201827003664
0.000177914379998696
0.000165837866771561
0.000167810144110982
0.00018047401555788
0.000168363993072551
0.000172296601636859
0.00016833459839121
0.000141922017065094
0.000197945711831396
0.000209065974880483
0.000150387838781308
0.000195547999422464
0.000135687592888322
0.000137620774516788
0.000172311905810428
0.000188044407527416
0.000116475563476841
0.000230421672232073
0.000233708218248679
0.00014143657547571
0.000231479117205377
0.000192236690312801
0.000179033087014715
0.000106098762704451
0.000234630258984101
0.000165125892498194
0.00011280645301682
0.000163746497707402
0.000161486107618776
0.000178561148213871
0.000176753488344765
0.000190477717435348
0.000151609574562707
0.000169087240152263
0.000180274937650986
0.000181970258436728
0.000153449230797639
0.000167907356815538
0.00017366597949132
0.000197300105298774
0.000133155142438513
0.000183683559441389
0.000127490659736811
0.000213657705583727
0.000149524574671473
0.000177096952150705
0.000277946792400606
0.000152089168443811
0.000171161014821983
0.000126306270931149
0.000183289372334098
0.000203296894232839
0.000102875284171615
0.000175063264549773
0.000154405017333395
0.000196957876362346
0.000195183243124615
0.000170952323183387
0.000205151453395999
0.000123744654350594
0.00014947127196982
0.000140958365973893
0.000159713363554142
0.000190228896204491
0.000158521289482095
0.000177086365588647
0.000218843613830922
0.000190197877559115
0.000197937713210855
0.000241009449676351
0.000167723698014432
0.000211138892809107
0.000143728728720361
0.000174514710729624
0.000202271587339681
0.000187117043232443
0.000170879343459909
0.000159922268872616
0.00026339626286692
0.00014418607412534
0.000241002839082125
0.000139622763673551
0.000211421943169051
0.000186600755209497
0.000170720057679723
0.000108412792313504
0.000130875748119756
0.000198116762548116
0.000196333007447233
0.000160779449957875
0.00015160140607601
0.000194206109846761
0.000248565101505652
0.000171154305166616
0.000224980500558714
0.000192958843212958
0.000200123763675571
0.000177290650495927
0.000242338511828982
0.000153729324848697
0.000156405522099846
0.000159129700644952
0.00016413808649194
0.000174624367407086
0.000183565439656273
0.000178688499999163
0.00016035977247526
0.00021639784222901
0.000143572590932877
0.000146269732862778
0.000155093998848483
0.000177098197080018
0.000203682925740468
0.000123815821657621
0.00020291875230639
0.000145998190080115
0.000174785025028944
0.00013625142794646
0.000152834668350715
0.000158532990774809
0.000165524331441527
0.000116171707000376
0.000117235078944933
0.000146851649424584
0.000177706820566823
0.000179382718739969
0.000130940195728769
0.000205420479046005
0.000270735761481451
0.000197233696752288
0.000200215076122648
0.000180300403899807
0.000245564515990493
0.000222630737777507
0.000226820090260503
0.000192705668883562
0.000171396259726786
0.000273070932127924
0.000151185057785341
0.000167508203573822
0.000176669490555348
0.000167730497378372
0.000154268697411281
0.000139458613214634
0.000259059444214422
0.000179499961381697
0.000189152632860185
0.0001481747207472
0.000206990446885994
0.000163146939409273
0.000188060756286128
0.00019174929461239
0.000130937248910965
0.000201378643364091
0.000184545827803582
0.000159505932310879
0.000210864628953269
0.000219448449149317
0.000128690988168235
0.000198252035193084
0.000156972665979955
0.000168182288352149
0.000205760566929123
0.000214420340674729
0.000159884797663806
0.000182017764716996
0.000147196432456198
0.000157947476387163
0.000138119724705101
0.000147681446552875
0.000152680367251793
0.000220077931900087
0.000161943393035177
0.000219473358958877
0.000214312217801469
0.000130309391915466
0.000102720901109535
0.000160559410020133
0.000181238981278832
0.000208459636886508
0.000140741744641815
0.000123646474646485
0.000122953146424124
0.000222212369765656
0.000216841808675919
0.000137603484492093
0.000157074568827976
0.000213157363658653
0.000141742407114031
0.000189577978437728
0.000175495819705184
0.000158997439524887
0.000179511065351879
0.00021784496203965
0.000239944167876155
0.000238796388216788
0.000189130438092804
0.000253882200857639
0.000116619278836167
0.000115408329316597
0.000148497555155715
0.000128172366716009
0.000196837038998318
0.000122933143885271
0.000170086600044513
0.000179743804223415
0.000205677278762386
0.000115298708482937
0.000124073063135044
0.000183282065609912
0.000214803990578276
0.000201522822972817
