0.113842008262311
0.136510398145615
0.166086474310177
0.130899156165082
0.118714395903747
0.102450069403394
0.0967324811654847
0.132278306619821
0.129512778085729
0.125295786137459
0.120998274880752
0.120750206408416
0.100274535472797
0.112898967998239
0.09299415790082
0.113989849561426
0.122185213224053
0.110618452507796
0.126565285118358
0.113835683101169
0.125861802075522
0.101144689191013
0.104043504619783
0.114193168501616
0.12741643489521
0.118096552399416
0.141374741843775
0.0776318662720955
0.118377577820074
0.111886124348314
0.116248292686645
0.100395831110984
0.118874014737373
0.123755159948063
0.110230307879923
0.108472064106682
0.113254152451312
0.136295607522992
0.12042531954782
0.137869770896917
0.127215280107188
0.0983930346696357
0.13578168499786
0.139654444231474
0.118607476868163
0.127678244237201
0.108000515596531
0.100399690452527
0.151886576507374
0.0998078612869174
0.130135959549132
0.111219892088079
0.121515156873325
0.142179238208491
0.100888413596026
0.0929513903679966
0.11240494747693
0.116449286844167
0.130605078413213
0.131204513499436
0.124409602092295
0.164639099091276
0.150378144904707
0.142871716521091
0.100346728725892
0.134655949960175
0.112729950693301
0.0893734396857785
0.10777240515314
0.114747891578998
0.122800861306661
0.145512719481671
0.123870444236548
0.110049115966768
0.122064641240942
0.0842351795261961
0.135482007686426
0.12003021690796
0.110146754836855
0.116632003224353
0.092851574540639
0.133305952084699
0.107004334082607
0.107825978370445
0.136098662544188
0.0938643792978924
0.103040551916833
0.109686575815543
0.135285545646921
0.124121373590556
0.114974412957145
0.143684216531183
0.121449230233986
0.120865771835835
0.095398986717164
0.10601606288547
0.115421735348889
0.124714245444404
0.0968676961066065
0.13691793936447
0.112390787805079
0.10903095578488
0.111930556410764
0.136950332330321
0.116765938859009
0.129434653694085
0.114007048924059
0.128708575529326
0.0996985525246027
0.155647077023561
0.116958971066788
0.123051585576596
0.128155435010853
0.093800964119952
0.111999103507524
0.117735055177495
0.12181305144671
0.111434132805701
0.116375458060404
0.136070182461477
0.142185688025572
0.111290646355882
0.119946236000145
0.0989484134702504
0.103051112029421
0.0952663150686437
0.0984778691356323
0.154690333112925
0.117775987694929
0.10485852791907
0.115647105292882
0.122992221110624
0.125779685275086
0.0931541826980891
0.110215178429038
0.144422395393493
0.125997611539653
0.128808663980239
0.0971694749244489
0.0958265104426941
0.150436412218539
0.0899870972267632
0.0911495476133621
0.109222642317874
0.137091648377773
0.126006285593998
0.106364245490773
0.131843288630893
0.14192826572944
0.130427969020993
0.113484895055911
0.129084995002882
0.120536793952516
0.146967812341948
0.116480525613225
0.114894715966788
0.118398079915252
0.125199464337283
0.102256640454653
0.0990818185009247
0.0925421595384109
0.107068793138074
0.125715844502763
0.138882904331795
0.103309905665701
0.102970944985598
0.0957113193087409
0.126331005877697
0.164493271947595
0.122360613172217
0.120183496783085
0.120477944247852
0.113513318655292
0.116503634863862
0.123241527776617
0.111887091478533
0.109416581212298
0.11586571974856
0.120188831186025
0.121031202868974
0.128455948351125
0.105581508177893
0.120757215740665
0.106188990526334
0.12273761315016
0.135075265970073
0.100752516137119
0.126564409178538
0.10170074528422
0.111986895390113
0.142124551746509
0.0897084865094111
0.122051967625455
0.100479770145387
0.107170703842459
0.117043568321018
0.133796192079679
0.129797730153883
0.1359235002005
0.120817355630583
0.101370261184734
0.108855812871268
0.112410028745421
0.138128216164634
0.0979668316511244
0.139805393721342
0.110573782946099
0.0909121832620758
0.110078166114464
0.12637842963756
0.120009494130437
0.124164228839132
0.097952712667614
0.101179485892813
0.115703855430415
0.0987466278288107
0.128014507830653
0.117535629682691
0.14419724576937
0.126173998700307
0.0862694630522752
0.122288743567141
0.12044392195112
0.120740851922293
0.119790185048733
0.161338960375433
0.132676599039095
0.124205711994841
0.0956510764493116
0.111865612619411
0.118912805363687
0.11267880868606
0.134035351083028
0.134260844435746
0.0956066110983161
0.127103203881142
0.10353624456135
0.104721185698425
0.116603889073145
0.142362320737271
0.0970955230707697
0.118865015592229
0.111680913856793
0.110548098183126
0.123080877313363
0.0928623798137727
0.109217319216635
0.124631966050112
0.11812226833721
0.116188027711248
0.132277340921417
0.103483376583219
0.111596136862992
0.100421657426823
0.123708271158731
0.127348245790867
0.101416075806647
0.1261936978205
0.108316851885694
0.109558596490866
0.119675157745831
0.118408373254976
0.14206312526462
0.081450654083903
0.129159752107126
0.164437194990888
0.110771603738353
0.119023801900909
0.114421462114186
0.117650332547533
0.130758327242245
0.107254452710944
0.108554703188551
0.103245437018624
0.105659317708796
0.109631972837681
0.110369352924308
0.146843107656747
0.12390784420231
0.133699224347025
0.103291255852585
0.115716130968127
0.122808604023786
0.118070506140874
0.117668689815229
0.0983492284080989
0.154629682346513
0.126579250299555
0.131530140961899
0.125711725671293
0.124937874542633
0.125327244383152
0.118766851875544
0.112871363944545
0.142329501667489
0.130447021413417
0.0996936455966519
0.112706167982784
0.104944217973006
0.133284619495849
0.119305414156819
0.126401863047116
0.114208503411304
0.118032749077588
0.109940143731798
0.162914857629689
0.130873984290716
0.145809386654952
0.126138562722556
0.124507935520366
0.101794911128718
0.10958535877634
0.123216525105138
0.139877460113111
0.12744306139783
0.118199578299107
0.102392559963213
0.118376870813384
0.124711496913576
0.117542669600056
0.113969401053009
0.12312273440887
0.118131823187001
0.102651436821269
0.123361432082829
0.152315272437262
0.112404393026909
0.122430574757922
0.0946041872412362
0.125839604506968
0.105435905997269
0.120183275253451
0.116493352257996
0.108809500981106
0.131153287719771
0.101994106837094
0.117411479417083
0.131127522904051
0.129336448640092
0.10459396942185
0.115721689475184
0.0976371251231036
0.127229605810174
0.133823377746541
0.120700796430883
0.113156461572684
0.107463227335254
0.136155568202969
0.140903777763405
0.121025116112079
0.112893561624428
0.102485457308031
0.141229112043242
0.120738394716283
0.108402872060224
0.121498463635001
0.131847428990103
0.104356845700414
0.113798962109918
0.0969960810221149
0.133690139787653
0.123925751059793
0.0998886355954265
0.115278500344165
0.145714670836168
0.115475356177166
0.137680792426401
0.121423612177865
0.121241332609644
0.0958441552169275
0.120798844039009
0.132876844419712
0.102192362068066
0.126685034057382
0.135788407814372
0.130603845870782
0.135975645876932
0.112431459216215
0.107401959422702
0.130405058561201
0.11668324244689
0.146942608814663
0.110440533552782
0.133142110446142
0.127813247162185
0.143695342359675
0.117488052781897
0.143190856746003
0.0956727161531389
0.123037669709173
0.102628801776803
0.138057379633702
0.113766121594487
0.138721942763373
0.124276832862934
0.088085830712867
0.105286951273449
0.131909564589755
0.0968147402509347
0.125508999549923
0.153312060834898
0.128706332875966
0.114679705504222
0.121910151914817
0.126917321645458
0.119620102948287
0.109835424705618
0.148730933667812
0.118550887650762
0.116261477683314
0.115586869603512
0.094866525239547
0.110265298315044
0.139369032066627
0.118990059029216
0.0987082344665864
0.10694790771084
0.11158335650897
0.106513379426358
0.128153660229432
0.119650218693877
0.107362711227382
0.1114911860463
0.103956052044555
0.122896606684173
0.131822997665812
0.131420653749941
0.130349438954826
0.118439336727235
0.108567011680142
0.121867383307512
0.0981447439184679
0.097677259469017
0.121626821021125
0.120911828630074
0.131226980682187
0.131512287947463
0.104639441412303
0.0853570226466054
0.112928895535027
0.102769765312235
0.16223129765814
0.164202189990654
0.105086205231064
0.0952747248395215
0.0992296937376418
0.103164739111535
0.139870802108542
0.168469023255563
0.12670474841073
0.115037172489146
0.159020244051534
0.138034946125177
0.119015490891379
0.110177823457301
0.134450295300789
0.14020828569801
0.127156718215016
0.120558574991966
0.158985175027601
0.134177118184191
0.101682209597248
0.115571044847666
0.0879518539310681
0.127776304477833
0.132842657549555
0.121425488953011
0.136065229607993
0.104915663298744
0.14640146810587
0.120783927470785
0.133336297243046
0.119563358330091
0.12803576967979
0.127310539259867
0.147574536040006
0.0961486411336753
0.112369076261601
0.141699784033053
0.0964898579524617
0.107183437406874
0.134951426876172
0.120419216915324
0.128981785304761
0.106048033658863
0.121480764704705
0.11965398945683
0.113454678603552
0.11190519268885
0.118727855731777
0.108063964597606
0.104052604429954
0.10764990346403
0.113205613671554
0.104084674199993
0.141124554068346
0.118554673000753
0.135386770382026
0.114033567612652
0.0885209451470454
0.140938056381163
0.119660112505347
0.107450119661095
0.10488429951836
0.116435070624904
0.116807515153424
0.147429292234868
0.0837985479810178
0.136396486401684
0.141865045836722
0.133072148369816
0.115489117845035
0.12113113751352
0.104114682084406
0.113943508632335
0.111305603735813
0.140863274718709
0.14964787586951
0.124673230035002
0.0991693752806068
0.110457580628504
0.11160774446485
0.116012167782251
0.144325433221123
0.124868801195312
0.151504652641186
0.1016842721341
0.132373950255056
0.0949336391504644
0.10524042698085
0.119712102108432
0.129933692492228
0.125006177347803
0.144687050075718
0.124442298867128
0.144533030621604
0.0949172262828388
0.124810763537568
0.128913013535779
0.116737023325937
0.122587250820214
0.112507861161302
0.113671389161422
0.151339385632405
0.104269572372459
0.10931772893934
0.125857368491676
0.0954529055032853
0.108715393466411
0.157669525949822
0.113601509526466
0.117223583679978
0.0961902161913692
0.121910194557485
0.107002572811733
0.135652306129409
0.104261135483448
0.106328515112933
0.120923351571062
0.0916500949427911
0.110300271015363
0.129886794493469
0.092518663227345
0.124325027512503
0.13490186073044
0.107698550736277
0.127830986925214
0.13873722472011
0.127313163364271
0.128547238553593
0.132179888061283
0.105365180854244
0.114303450429466
0.106528700386767
0.127527402077618
0.113601997376684
0.108245404283328
0.118107699473792
0.123433465635747
0.118396851600916
0.103363656986013
0.132685291672655
0.110213260542287
0.121982891451674
0.122369292927721
0.100798598839217
0.0967772925415715
0.142817971658066
0.122702014078588
0.123261805678728
0.113422140988682
0.10231114108023
0.117994917127695
0.10896581462074
0.130032374750055
0.121023334827854
0.119179674284185
0.123509242262789
0.117195000595321
0.126339169233992
0.127169666304393
0.127847828352835
0.109363119502222
0.148082538326886
0.111600820871346
0.129455435425619
0.119181625899904
0.106156070910375
0.0881448896220957
0.13297254493087
0.162827022422561
0.118404516198277
0.12429714463988
0.109924520267093
0.135960375046251
0.0976014045188728
0.105986168309139
0.109813914722496
0.114249202290746
0.123081048519489
0.152889311479091
0.113192722494511
0.106675998763215
0.11115467288804
0.117318331832633
0.119173448850694
0.152682833572618
0.110949744589523
0.125275569861989
0.156232264650987
0.122039913497257
0.11383316085554
0.137538691629928
0.132704821277371
0.114545348896511
0.100316714222728
0.118412837056629
0.105953403542338
0.130640317452601
0.109266901196948
0.109934667388059
0.14113306116322
0.114926349560055
0.134080684679246
0.149731022215517
0.120736404673593
0.115373199690593
0.113587046141369
0.0896807738247521
0.123731694087859
0.157159536696548
0.117995934856182
0.130246184921346
0.125253025771791
0.162620039469187
0.106583235834423
0.133424117416421
0.138690776832708
0.107003695060271
0.112336108223745
0.112342406404536
0.115075250159208
0.146033723283345
0.120763876465771
0.121830263319621
0.142765215405127
0.105552018130532
0.093875455994441
0.125027996653259
0.114332021351941
0.10212417767197
0.1680871145018
0.125819665445913
0.117400289583831
0.114602392285599
0.121230401396809
0.105340191608635
0.112223951126248
0.119232167835834
0.120906508597863
0.120773690318414
0.117569718265425
0.131636902083209
0.110330929163181
0.106343703449415
0.107648630072385
0.164443189828757
0.110126046130125
0.148777038753723
0.132167533251654
0.111255016972106
0.116694884500477
0.117552840751495
0.105642237308279
0.117981774128517
0.139247132474414
0.119466622970308
0.139621103295192
0.151971541412194
0.087231085684097
0.110590130738001
0.125925448609791
0.131475854967629
0.12296700928549
0.119333934256203
0.141147169455646
0.128789453487297
0.110400431793441
0.0988647387558155
0.123624444146926
0.124126872113679
0.127448728892822
0.119193782664565
0.104784051118731
0.105422685749699
0.083952346090486
0.101264016769157
0.113784114415008
0.114343242285112
0.103584134560956
0.136612971685323
0.130928883692896
0.146796486694462
0.124428246911191
0.132045125792895
0.165450654263932
0.122456937479934
0.104800324424903
0.108590618867998
0.130173772925419
0.128727970784353
0.120022824237647
0.110273887624334
0.101050385601485
0.116868242377394
0.134834239627187
0.123647644008564
0.0922896900055642
0.130094946592333
0.129578697183597
0.127192092505672
0.0916501345337881
0.112645164273323
0.0965336481550333
0.104027388108396
0.104055304658793
0.0983811959998082
0.121460424125339
0.16095659337451
0.129380547833272
0.11585437630924
0.127051657326956
0.114594226077675
0.132951284457209
0.116014706418744
0.105282513351938
0.145517262201639
0.128891994595283
0.123857110051418
0.116081875120408
0.117775984312308
0.0851591612032624
0.114076456321002
0.11198692333852
0.120763712183626
0.138723707183139
0.121714318294396
0.110081124524089
0.119586106359015
0.163004109017065
0.108609165663477
0.118634898908384
0.151639849349456
0.147638152928333
0.118387091237605
0.132223785036322
0.122446033344131
0.115824242628672
0.123279880615663
0.104277068394546
0.112818137046113
0.10181184041613
0.129676667169903
0.114169430871777
0.123243463602199
0.120442573651927
0.130334089458096
0.132184742922928
0.146298182609026
0.110021091871289
0.124380180380611
0.109106056866388
0.111398226380524
0.120911851059295
0.0990862620752656
0.0980161465797315
0.155029250771756
0.149742572474516
0.102492267491235
0.145271275689453
0.0963536536649913
0.129535636596532
0.115799087057732
0.134288309482354
0.0919846550637945
0.124532909629048
0.127674314523461
0.100916494882448
0.136537163444758
0.145055062983199
0.106722562048024
0.102954846262451
0.152577936092892
0.121073160254135
0.106091517428209
0.116987665796293
0.121870076704438
0.12055327471563
0.136684466077494
0.132889427081996
0.137973343975812
0.112818997857656
0.126382568513469
0.122499728861368
0.0985297885636068
0.106355309348636
0.126811651894211
0.116174228346755
0.0990773212776355
0.119392183814964
0.11663302844654
0.148506872323339
0.117962546400816
0.110325265951353
0.16929843839542
0.122980700919578
0.128129909469831
0.108482326732279
0.11568180492492
0.14202250088102
0.0870172742192138
0.129548376262225
0.10536497060285
0.149524175534964
0.134388080470552
0.119189400504754
0.118671442643554
0.110347980339868
0.112308734019494
0.101537795239675
0.126360750787786
0.129191926375706
0.116547155246009
0.102474916017219
0.148995154868862
0.123444079372601
0.149936652108452
0.14351982043533
0.129944136667433
0.126480889025141
0.130025499806747
0.114544857362718
0.0994070038166386
0.149332737185253
0.12391902433532
0.115902247586382
0.15578832517133
0.103872888098029
0.172058018184827
0.104110346719561
0.125560043785011
0.133369289820398
0.109823135932173
0.103526341812884
0.0915195859121647
0.141187835976479
0.124545098819658
0.140093857575246
0.13698329184979
0.127787989601396
0.164682391322672
0.114254299963925
0.122017850759327
0.111053278991136
0.111931778784312
0.128132264707242
0.146161289392277
0.112454658537034
0.11011897323538
0.121190346692142
0.12879842872799
0.1153435351805
0.122076194368794
0.108774285205106
0.114110363068899
0.14908950064701
0.112940015520899
0.121519367557432
0.135087403343417
0.113681988090261
0.127288628791906
0.103302343731645
0.116558113217718
0.103371606943404
0.106118381073523
0.104257273971932
0.095983694436117
0.118496846534412
0.126865502217947
0.0932887130885861
0.108118408712042
0.0960947005463758
0.121480882884548
0.113950896921927
0.108501537901448
0.138920696950122
0.153458663718373
0.107156878183332
0.142331594420476
0.111402238907464
0.126837042973363
0.140107688371706
0.133944690631909
0.136357763503797
0.116529184700989
0.1359022080374
0.0957621118256322
0.101245974394347
0.115018687305336
0.151411957644141
0.109709695574986
0.0952286026018654
0.144674593019694
0.108517659007956
0.113711589457768
0.121663449592998
0.14251847414353
0.101837515356785
0.13155375093062
0.128188479979408
0.097436634307554
0.148304073066518
0.127312667822583
0.113525668853525
0.139191012494825
0.144047035441178
0.111068899962295
0.137048521051071
0.131262269632553
0.104501900107586
0.138204973880484
0.122587708197678
0.110528247810886
0.132705010175492
0.126876771458023
0.110910992157236
0.112373709883596
0.114478588143927
0.117917471308393
0.14761802643858
0.118819690067385
0.161483706924872
0.137381579271584
0.101474863841382
0.0912944879763939
0.110937855377728
0.126708901524703
0.155597177100128
0.121295814051301
0.0873509346215756
0.0947438763325196
0.155274510482743
0.124035842736795
0.102780820439116
0.103071698482606
0.145167477786808
0.0877769177475759
0.14469079066686
0.120887899386731
0.119344337140613
0.130765605733527
0.144541614082772
0.187480756118098
0.143194023839471
0.127431717860163
0.171263682754691
0.108352821875429
0.115014605596894
0.121418423405006
0.107672769743868
0.132560021154156
0.0820868048326707
0.118920489326987
0.151392426546025
0.13004160352194
0.0935187745815219
0.0971389806183627
0.0998329906549126
0.12529851458935
0.15245047628517
