68.718213387172
95.5846537191828
93.9214815729829
84.6468847772994
84.4142715551752
71.3394923148408
75.1541460376829
84.7780003411353
73.4088984242007
86.9529599549496
86.0347789406624
86.3725622279271
75.7385323986564
78.9586927110504
61.4962427783612
90.5488924625643
92.0846680511531
79.5067095122286
90.2806896648544
80.2742469139812
88.8982923914737
84.5438337260166
66.7191868170521
83.3579894580762
80.5484134143589
74.5369925376108
102.372980049495
48.2864877110769
69.4765555800404
65.0088682530404
77.8545603446109
74.6709572979453
87.1937340710247
74.8848259701008
91.6641066902812
75.5815350682533
82.8998924096268
97.8219806597153
66.223907902171
110.140928000998
74.6949518616748
72.7646264629766
90.4044913234793
86.7055796198438
69.1932594624959
86.3469738906424
78.5420065414401
68.496817082374
91.0061218609626
67.261532747656
86.5719382052994
72.850071662564
87.4935696800603
95.8064340587589
78.6878570880799
60.5895248495945
81.5992610272988
82.5852657273172
87.0468061482425
81.8459209269604
77.2775190427274
106.986260424666
98.732928556361
99.389319950842
81.2456044717037
78.6770343809621
78.6117011512797
58.5644287160248
88.4915137290882
94.8787843010505
87.6879364337874
81.5481303206361
88.01098661582
83.9366041510038
73.5446336545319
56.3090197775346
73.1936352090888
74.4388571643976
68.1159339617589
86.7062895180097
56.171851088664
78.8926118154559
67.9846687284989
75.4208850440336
75.7560800924912
64.690095789967
85.4877328369221
83.5241783789716
80.3727767631244
76.75176729944
86.2077127095217
94.3031313869396
72.1928935886644
70.9754262124807
64.8029948014737
66.4848023103877
73.1161870991418
82.3697815481464
71.386222625435
90.1436675958103
81.2120437999838
76.8783942726914
76.0883167154752
89.2510384325506
73.6659917643046
62.4740245900175
94.067688885345
73.0118795994131
64.0552095423845
83.0274434861276
78.246772381437
80.4031967243645
95.9565788503569
67.9775347461182
79.042190592776
89.3276222141831
72.4824408595268
80.5896033420213
73.0743905506897
74.4673542893252
87.0858189731298
68.8524650489053
86.7325799446407
75.9860455384878
65.7335149136234
52.594309975535
61.1070488048172
80.7729077135409
82.3748416066665
76.3102220094697
83.6075264153769
84.4094797021025
97.4140218175198
66.097470648645
69.824663067131
86.4941542584165
78.7118337801185
89.2739642219676
68.2919045048147
64.1650575906096
112.457353211608
67.0671458618999
56.9010776934556
76.9567259335527
83.6159006093403
71.3767881695785
86.922598001096
95.6763395260059
72.0506093063959
75.0125770728446
70.6240316751646
81.8905293827229
82.6985406100212
80.4765439049479
83.6328320028406
80.2747011696956
78.9916409110483
84.4172053291877
73.578613435122
55.2975917557997
72.2539302401674
79.2733719094431
76.6593493798136
78.075301486806
64.9524514200639
66.8858952384362
68.8754274507774
78.3314838813603
92.4579782189139
79.639263864221
81.1226847122198
78.7205332969825
75.1655297777797
84.3629997843782
80.0887273420776
75.5945234950013
79.6602522636786
72.3123260707107
70.8276364022458
83.6002329137082
75.2255727880984
84.4620138833561
84.5606008285504
75.5882866977336
79.5452467110954
89.7454858251804
68.9431651154955
87.2529300293536
70.5143983497983
80.865866338725
77.7452385123943
65.775929964042
71.0137224208192
80.6229115839524
69.4837197886372
83.1458146421137
85.0546793865615
90.1309122620587
84.6883660036947
70.508125763874
62.9090427915398
67.70353259287
82.7501917763548
91.6325031100532
61.3017213901148
87.335147965794
71.7950881169963
69.3149585186984
80.1099769339999
76.758572239396
85.7435758821412
82.9257473077632
72.0840061511626
71.0221234851597
84.4585690104905
75.3904787302563
93.1779902142807
61.0459777617616
102.940288292237
94.6970496306822
63.7964228504788
74.6793836321231
74.2886848866874
80.806312875
78.6398491566943
99.6757273545663
88.0038274863946
73.9054816331554
78.6286126208252
85.4082632908357
88.7950250263202
69.9086314852029
88.045078393061
92.750622308773
57.6922445660093
90.6348748847704
71.1444830334694
82.6419002993716
76.5717947729936
90.0897960127404
71.7698202278843
85.5457050506193
75.900143757055
64.6938717528064
83.4881274908075
70.8480366654076
73.6454894673261
95.8363882435624
79.805972995222
71.3577403593517
83.4225917263466
77.7651167310032
86.2473237100494
81.3018706004914
95.2751683817878
74.5005421089518
62.240945187008
92.8491918726759
72.798664908918
74.7245011304985
81.724096814014
76.9380166040792
97.6708716160829
61.2722832319851
78.9913788104677
92.2563025806667
65.5271038745304
76.3012498887947
73.2336297660186
74.4187578664132
74.5913654897995
81.6513022080544
73.9768271662579
69.9426153913882
68.556985462681
87.8770037275026
74.0186644319765
105.80010686594
78.6533712347155
85.2835802301815
85.1750650888353
78.1004227217672
66.5090731152377
96.6086004764038
74.165197854807
70.039676572298
97.3258891944242
80.3810846065135
75.0195001139436
85.1977308588976
76.2972177894735
71.5133983106498
84.2517232883838
72.1144912625314
93.7035279194424
82.775205435988
58.6749454510173
73.4872451224182
68.4314617895798
104.485197742342
86.6448029656713
74.6976793273207
77.5688752789902
92.5909348686509
81.151979148075
92.6566452226871
94.275708809022
84.1493065190298
98.4821206126107
94.0223447304015
68.9037440433531
77.9027990738941
82.2875732053981
89.8723795418482
84.3514949986529
69.1222202555218
70.1930865608956
76.8404647661228
87.2368384414003
73.3487467953673
83.7783127118601
72.4680690330606
80.8807209517799
70.0568402709796
91.6573366631492
76.4626391339189
76.8330923657559
88.4943076529125
70.4614676410456
80.878948644684
87.6770367578865
76.3993512887791
70.9179502200241
82.8254564494382
111.180047812235
65.8713770102295
72.2709338871719
92.794613146234
100.872122760746
77.2122191485651
65.7424340128127
63.3555211030725
82.1585689376079
94.1103571912972
74.7561134515454
76.6312793049292
83.0020301313925
83.9157615945624
100.541596323874
89.4302400095439
73.2338781600047
75.5797199173976
86.7745124611647
78.5353382975627
63.2522322603545
90.4773584403738
79.3103647107746
68.8360644310596
81.8433030303822
67.3819393783997
94.6779550661886
85.0629430891859
86.3993225010709
87.3208280296385
104.069039111408
87.8158310510298
91.1258207936771
83.1411511396473
82.570454892717
69.9545075870592
82.8044269903803
92.1329377411021
79.2829610346962
75.4321461698164
82.6283279486597
102.677090275105
102.049251247641
67.3974855768538
71.1006706511798
93.287551927966
67.9791268619774
95.6231160421048
77.6681316263603
101.716786114521
93.6245093068319
90.4172217719788
59.3592004134443
79.2647200184292
77.2114138982688
81.1237343750945
73.1537748777628
85.7745305253084
77.7652629563454
77.96880235547
87.3402390992778
64.2355827533283
69.445357593595
80.953666451067
66.432255045067
68.7989348379815
74.7509153340216
83.4674905780921
77.5685234095326
89.8832559018847
81.0435851658185
71.1719347652761
74.2989865942618
114.799100760687
87.6791286107655
70.9155549335228
84.5331728579185
79.4406618759131
72.0309397126039
112.715833265975
76.1501423706395
73.6201757877934
85.7054274619295
83.8108124063183
72.7826955541241
80.8233144770638
83.0490542488224
74.0010876072738
79.6435507265596
70.2434001895126
84.5463713896315
61.2876981437985
97.8278167179487
93.6042203655707
82.5187265659915
76.1989294103223
86.9538458523857
69.0459244049671
69.8466851552803
82.6794866816708
80.2665091596973
90.7839722367571
75.9610149651271
78.0721625069818
67.5059338494939
71.3027988578579
73.146998170243
101.815836218917
110.965088416542
75.355562623532
68.2576725695835
62.8921565586097
73.9955743827704
99.7721974364431
82.9234382956056
79.5253324179394
63.2773038518899
88.9925831331238
71.9146861038789
69.2228845474965
80.2010900147943
75.4788512674604
93.3711245651939
85.9128527936518
74.1995731535389
94.5554391720689
88.8217999606568
70.7023385868852
57.4162744808018
68.6231985121449
65.1917050612246
85.3683245497814
88.3690848728074
90.1918198352978
79.2179069562553
85.378005169583
87.5248630189162
71.9715363342839
75.2516661028749
83.3468908752366
79.4405370127715
110.903825792568
65.6388489601231
81.7910214303593
90.1129811312494
77.6833532950222
67.4580381253872
100.727930287976
82.6434634377583
87.4819978795858
81.2377919834471
80.6924130084844
78.983774466491
80.493374000016
72.120767422668
67.4946350849568
63.7173944786664
71.0268953606646
71.1349263041229
63.2428376841999
75.4540445348866
93.3169756223506
66.1091124981176
103.167730160985
57.0145013810288
68.9748030001028
76.0701603871385
69.5339585415204
86.1326327271527
67.7543341758537
85.6807078671045
65.3705997497746
86.5443335012969
61.1826483999139
90.878585123115
95.0831359676195
89.4906525096048
82.318111037428
77.2593922000196
78.9168838612459
80.7945113735441
78.4427410328317
94.6844337736729
93.779007205354
77.5468356313904
71.8210298526901
72.2723754696344
75.92665655151
81.09041275872
99.1451677894402
90.6019099675432
79.8438105878449
70.2361924127799
80.2668909331624
73.8777692367403
68.4375724440397
93.6089043134962
85.5063875501364
76.2532578915598
91.9896117145618
84.0744286710506
97.5303196089226
63.6188754005016
81.591822905466
92.0692984579982
73.2940384288704
97.9530860212799
70.0965869571992
82.8815449410613
84.2848471308389
66.7583912186092
94.855829952925
81.749245152514
63.0088564538601
83.5612801794341
90.2994230413133
68.7036776160821
85.8635485501836
64.9573350688224
72.4581425514771
61.6089568061179
75.6511264264082
75.9190098531872
65.7753763728979
88.6257686272293
70.0451120243197
73.9148037726482
71.2748978007767
73.7102754556145
79.0026890124027
74.4049524902694
79.7015216588043
75.3894737880801
81.3505359930059
94.8290384420179
76.1225681006945
86.9667760931115
73.452986126209
87.1680601008993
66.2101075759747
94.3047799044252
81.2393669640041
75.3782673180031
68.9519316426122
85.619244185069
65.9892715392052
72.4575215992154
92.9131728686225
71.638117648039
82.2319826859421
86.2471211172196
77.4621063232444
72.460171547682
105.694133794739
92.5780215755731
88.7710417511116
80.4367981004725
64.3378146969153
85.6880581722326
59.9329310032153
62.8475285530803
79.0959172365692
72.1819946642572
66.1434310933801
77.1266849074491
84.4974091048571
100.2876209809
89.0610182961682
61.4346268998488
86.4745955403087
68.1426615940618
82.4737419857011
73.507861109345
78.5642055356657
63.6228594486784
82.4852937062606
98.73245743609
88.0977270318726
76.8737497862821
76.195995673268
84.217783320717
78.0616367116854
66.0071641408213
73.7713990656084
67.1581232840654
98.0397934940956
121.406885560205
83.6604151804859
75.2254873587881
74.5233724588179
70.8914979453693
79.2684911908655
84.7329515429192
76.2102314955373
93.3197899348852
77.6466754241119
79.1256875398649
67.8108854874263
93.0603465066051
82.5977321398968
73.2970617852625
68.4770818929137
65.6923161279665
79.0140354202049
81.2080664272871
71.9674979191768
69.2818857588172
107.302213765361
67.8016441363907
82.7542994517207
87.2923092532255
87.1168037527932
87.6165003067654
93.4365621228499
70.4156471015594
94.6239311136196
97.7659588535425
71.9141812971975
85.4521079753249
85.1354009339702
101.268203879972
69.3217330146545
104.246192291474
87.2447168716935
68.878973181927
73.6178877069869
69.909506220476
73.8270787436049
78.5178138034462
92.50483136408
73.6430831165271
100.69285765904
71.2216602342705
64.1220499229603
82.1145028868887
88.8628622348515
66.6306058892296
99.536874625981
85.9378866322368
74.9965149766904
68.9971552249517
81.2438960869622
77.6412358675152
79.2209896923014
75.1800285793179
81.0894736534065
74.272612802517
78.1576806412886
72.2002617767612
78.7913166334438
80.4364957857579
78.637867960344
93.0353761446822
76.1370535034475
102.836479678965
70.4087165667916
63.9640824803173
76.392628904563
91.4368305905518
70.170585095424
81.6160458387203
86.955111817635
82.0290777001755
85.4660415124818
87.4980254460679
59.5504736915354
78.2154802871592
77.7021886729199
85.0592912951615
80.7946652484607
87.2094348673345
88.5188413213327
58.771428706088
77.9894562245427
61.1761628380227
83.2289463476409
84.515736046269
75.0714035129786
73.3486176853621
74.2257673632375
80.6390615359414
66.9580753481277
71.9060009417626
65.5733655915319
71.5119884111227
74.2857199924329
64.1778977122631
95.2600877376753
84.2658426014241
89.7938728132249
104.347486103794
92.956244349949
95.7015071246205
69.030068490807
65.3452861969126
91.0049582566353
79.7868753372932
80.1363500137704
88.6480359997404
66.9042983931431
72.8679372514816
90.9186360774875
79.2182390112976
64.5082677569408
93.0940632850652
74.9327903008925
63.6983664387408
65.8123980658747
66.1386777872394
82.3435204158486
72.081103149354
71.0931891168948
68.8471395382148
76.3616588313707
106.120203652605
92.5255660026196
67.839751518386
89.8885156476899
79.6013371992158
76.0771355267098
71.1388364746781
68.6861675451983
101.289881747674
69.5418903573445
74.330660703421
89.9557179988042
70.7361281446429
55.7820702204335
91.106196918332
67.1915858226312
90.7538933924334
78.068535956485
89.9956145153956
80.7025618888219
75.0374185364926
100.466403923016
67.3073915509594
81.7957949360716
110.90699175416
87.8249509358575
101.181986429732
89.365914715243
70.7196920945316
81.7202800013802
86.4841906894944
66.6841181342279
73.9582820192045
69.0196216440672
96.2589853701502
70.2195222394439
91.8701194438981
77.3705004308613
77.94235967637
95.9111505947221
105.845612993569
69.3891976648592
75.619340917543
68.2168055898946
77.1369288178103
82.481046155528
62.3584271811851
67.2824907657268
104.998784012125
97.4750905331057
72.1940761211044
98.1463757241399
68.0985404362837
103.15448006985
73.944225052026
89.549896648783
68.230197935718
67.2151137426845
63.2586726646987
77.0451585456576
84.4966774116292
103.359741428652
60.1822012158045
79.9994664481565
93.4001342551237
85.8437861570892
81.3027452967399
77.6079865023203
91.1896000853121
81.7475560852072
94.2458119885196
84.3743296580651
99.6380346227634
69.7882600461962
91.9378073355438
82.8412709933727
66.3890712875182
71.9246618657744
81.7580466987019
79.4116731085596
74.7480637687877
78.9730989806521
91.0939858470338
90.2677487635228
94.4371169591795
63.789860418241
87.170065723938
86.2381479206815
85.9687387297308
82.2695156298796
76.3482539011493
92.9582744278414
69.6399815486766
84.8813636663253
68.0618003954405
86.7075071503314
85.0584737591234
83.7050612755011
64.9134931833105
85.6552606279547
84.0636238644984
67.0292231362509
90.9355634412677
81.0497257670104
79.2109942323223
58.4541971164508
86.2319328502344
85.8810529501934
101.232195174482
77.3091772594089
91.6683421751877
76.8991821729214
100.886786222592
76.8397397025838
49.0114389369555
88.9420841468491
87.1217673756255
77.2083295377197
88.7514269708154
71.3204821879735
99.7835564939924
74.2019163692676
66.369446500612
92.7320619668681
68.3763385368111
84.6348723796218
65.8629814028754
100.750455801757
75.3432753735724
94.9013347737491
100.025427125645
81.0753317986382
91.1978464495842
80.209470623784
75.2129414114097
65.6718781081108
61.8706359177377
80.1433010054425
91.644853127531
74.8700976898799
74.1789170223055
89.1033624390002
87.705672490174
74.3902246287216
82.051576339858
60.4432181012708
78.188519753352
92.3623255803723
82.3594162609952
94.4987782058051
102.978683976817
69.1875886256676
72.2026478506268
77.6568315361983
73.2779038332665
68.2572545363328
62.3027614312559
70.8271923324319
62.5821613501357
87.3958697107846
88.5318595876088
73.2121980513402
86.5345891242105
65.2262787587206
75.8518189039314
69.0622529597895
84.9938044830269
94.7600582404302
84.0851344711991
61.7594902087985
90.4408504956409
66.1070253786929
67.5288397866861
79.0301531988334
81.6217412595979
82.9855164227083
80.4626470693001
63.3904234063993
64.4371549156458
65.3436695368619
71.0328831387706
115.82262403534
76.6581065564387
70.9329267602079
81.9684411051712
73.2682046985356
73.960010017141
82.8616803760742
95.0119242030523
67.1703034355996
84.1830894645282
78.1211373395709
70.114150708363
78.964475890476
90.1044230682201
79.0410640696828
79.491220248372
83.2224294389052
85.3818936424395
94.8322037827675
97.2611440598703
56.9421235643058
81.120327244691
71.0851533978675
79.5405502817048
92.241657071907
99.2718322496548
79.0022394411317
88.5626169203206
84.1110063873275
80.2555150280168
96.67001462404
84.9476224914288
107.523657612914
74.3611064963479
70.8264112904508
67.1846713837149
74.9892651579175
87.3697834974446
83.8081185182346
86.5743398692248
62.8398306183481
69.5424360365214
85.7850292323019
71.8344107794837
66.4312043469909
71.5195127381448
79.3730419324929
54.3951855287123
96.1090978821994
84.6540945365159
82.647562085851
93.6509171509133
76.9002260423258
117.203032159392
86.2376367642755
89.3703378605351
102.685303613409
86.9724311952923
94.7575578447832
89.6424493820996
82.2394002301662
83.5709019940623
57.5083258653322
78.5848355959606
106.057444946538
80.8855840883843
68.9056835784431
73.1113305903564
57.4604317954108
74.8479954337272
90.42454740428
