2.42540940190458e-41
5.72682229209418e-39
5.45787093689107e-42
2.21884703521953e-41
3.51230995052593e-40
6.58472363571007e-46
8.18070777610005e-40
6.03975691383123e-44
6.80247893775996e-41
4.05854801536783e-44
8.42310497074267e-40
1.21393735507557e-41
2.24163430414605e-44
7.31791909833942e-43
7.60920605288379e-44
3.64748973735632e-46
2.00629110099921e-40
5.16493766494101e-37
1.32030873100165e-41
1.72288061058907e-42
1.42203145607466e-43
4.669492377831e-43
1.68921016227133e-39
1.5457511181965e-44
9.90367085199579e-41
1.15217890258451e-41
9.02698908698353e-39
7.5841395914715e-41
4.00066098178175e-43
2.23449900813649e-41
3.09336128918414e-44
6.77809090284642e-48
3.40010735033261e-40
2.41924593049587e-45
5.11360023927331e-41
1.6118289014734e-46
3.9335753882427e-42
2.43049048486088e-43
5.69137265296392e-46
3.23515190998333e-44
2.89953347947268e-42
5.42338015002267e-44
7.10784871896652e-44
4.09881652851928e-47
1.82170553533146e-38
3.29674407003027e-41
1.29320357674797e-45
5.38642923477478e-40
3.80440945123563e-37
2.08403424827764e-44
1.82699853254839e-44
9.27555741730261e-42
3.5351124959591e-37
1.02202714955971e-41
1.79333535511584e-40
4.77170831293812e-45
9.68872472212893e-41
1.78883336802451e-40
1.08186360925002e-43
2.08218285725752e-41
9.01398163397569e-46
1.84026448302524e-49
4.46002448107333e-39
2.35061753869187e-46
4.44018848034764e-45
6.59507418889059e-43
5.77547579566433e-42
1.38047127987007e-39
8.79971241485072e-42
9.46189984917908e-45
1.55277034825863e-39
3.10341038904904e-46
9.61506760581573e-46
1.96009244701421e-44
2.03638950025501e-40
8.33841004583113e-44
2.10278165619311e-44
2.62528502373645e-43
5.39758796590886e-42
1.05706297211499e-44
4.9219845861102e-38
4.04776068678982e-40
8.17804138588166e-43
5.84238677345707e-44
2.93698723443992e-44
1.23540422048393e-38
1.298410975487e-42
1.32129391962107e-46
4.14714756187495e-41
1.0026385126139e-44
1.35354364248303e-50
4.65139279768694e-38
1.07415492759838e-43
9.427039216128e-42
6.61559951787462e-46
2.5917523771151e-42
1.05081077386431e-39
2.26568365129342e-45
1.62562650030498e-41
1.00723491035471e-44
4.50229110294273e-45
1.27134245286592e-45
3.21202057514068e-40
1.50441409247791e-43
4.56053746167153e-49
1.02422661233725e-45
9.92409458828944e-43
7.67586628328497e-44
6.62805927770739e-46
1.05175967474037e-41
1.49854877618377e-40
3.59924405194591e-47
3.19439990948509e-43
1.12583894666018e-42
1.45324752245607e-44
1.82443226543977e-42
2.3156989352926e-43
2.01711176733732e-44
1.53709980965228e-40
2.89868286141497e-42
4.2875485563428e-47
4.98998390698649e-41
1.26043649840436e-39
8.3977370712055e-44
3.60653816861132e-47
1.39673076184986e-38
1.84504981909857e-41
2.38930746529142e-44
2.35053896286644e-45
3.15603956271118e-43
8.399342554849e-39
6.57655462205332e-39
1.0149527901613e-44
5.58765641597272e-33
1.69245255465378e-41
3.25789343871599e-40
1.05613980744105e-39
4.79386676977176e-39
3.45425486355105e-39
2.95442873178924e-41
1.76123693543993e-43
7.65215471399807e-48
1.4206610092315e-45
3.01725545281881e-42
4.58714837277355e-44
3.46516665805567e-45
1.61131470047457e-46
3.02864393197822e-44
3.64386342834257e-41
6.6580982142082e-48
1.29657613990635e-40
2.17529662926037e-44
4.12414345206892e-39
2.76061931762971e-37
3.34712737349572e-45
8.67534834525564e-42
9.93679487566894e-40
6.20369673149882e-44
6.62557807479362e-41
8.66715068909123e-43
3.5793043618869e-42
7.05118521788461e-44
1.89959533382821e-43
6.33814473144351e-45
8.41329216617161e-45
3.05503735147359e-40
1.26774961254877e-44
6.06307770371628e-45
6.37097553838451e-42
1.3941239607082e-39
3.75477793046622e-43
7.79888078395142e-43
1.55308871273211e-43
4.43152500121334e-40
6.28234340352055e-40
6.64952057622973e-47
3.71773486595461e-42
5.70825680347371e-42
1.87130731941946e-41
3.32322541919816e-40
1.42521558473556e-38
2.0285178235693e-39
3.9728924390332e-44
9.39045650899233e-42
5.58475902490831e-41
1.42838633546907e-42
1.26236197449321e-39
2.71071516493614e-44
3.00994824821611e-41
5.05391250533069e-49
9.09598124653364e-41
1.91212564114995e-39
1.01388532667666e-43
3.22232311012083e-40
1.62696493060621e-42
1.86636633496922e-48
6.53670064429621e-38
1.84795620128322e-40
6.24243750062416e-42
4.07641888023139e-42
1.53188310248245e-42
6.76303911534357e-43
5.1272888166626e-41
1.75250169053101e-38
1.89833202238931e-44
3.06572677157008e-35
7.5589628704016e-36
1.48315470743233e-41
4.08548746445667e-38
3.77068592764846e-42
8.14516670060105e-43
1.69690588540817e-42
1.00967124563711e-48
1.97180309530887e-47
1.67775083575819e-39
8.34520032982266e-47
4.31271464370017e-43
4.50118062535761e-43
1.9575017365861e-44
3.83588027601461e-43
4.673896832447e-48
5.89722964998993e-41
1.2248141052706e-40
4.43509902395061e-41
2.19829893672101e-43
6.93617296291495e-41
1.42526448195835e-36
1.18824796287936e-43
6.00074139121503e-43
1.2422613073732e-38
6.66114299319054e-47
1.82566538776971e-42
2.89101363361192e-40
2.2824459069833e-42
1.16166912704113e-43
9.10349017549597e-41
5.21199415087973e-40
3.02507653511095e-47
2.2949221875801e-41
1.22099592258162e-47
1.47707039851885e-41
1.92263036668631e-42
9.17140343673639e-41
1.32489851956923e-41
4.65807326353172e-45
7.35731872701668e-42
5.39049745384829e-43
1.42761401132683e-40
4.07977804994572e-43
7.06458756482345e-46
1.60701662792869e-44
2.15065095543735e-39
1.02155167515546e-40
5.87835363755156e-46
9.61253481444739e-45
2.16149510045991e-42
1.39189883213923e-43
1.36138259298361e-36
4.895711612716e-41
1.12548478445349e-45
2.98415029699182e-43
2.03356571845214e-40
1.55015700521348e-44
2.03056109628481e-42
4.10128120692636e-44
2.19727299047502e-43
4.11533686854554e-46
4.5718668128357e-43
1.0139865536685e-44
6.75101480736235e-43
1.23683119224217e-43
3.87433894547506e-42
4.39377749353429e-47
2.01219084064754e-40
1.06750611443306e-42
9.96652394497775e-43
1.10661430842543e-45
3.82764978206773e-44
2.39630996651771e-40
1.52024693588766e-40
5.01103394366756e-42
8.47909405273358e-43
5.53937746372805e-41
1.01545024545316e-46
8.1907777124657e-42
1.22738958623391e-39
2.01501048789827e-41
2.50000447913501e-42
1.50771258348024e-39
6.60516067077009e-38
1.17183223268782e-43
3.06492330873153e-42
4.99560044611233e-44
8.3258144055368e-40
1.08547706809637e-43
8.0047103705802e-41
4.85723529634185e-43
9.85563332707708e-38
1.36651179976801e-44
1.73695557765815e-40
6.10265461707361e-48
1.08448465913352e-47
2.23003163430394e-43
6.81444576893018e-44
2.29644480325299e-44
1.47245974082934e-44
2.43978014755421e-44
2.63735886793782e-42
9.91772637554184e-46
3.19473194528806e-42
4.28527094717186e-38
3.31991362289085e-46
1.4336653480635e-38
6.17908520618415e-39
6.54068554185863e-43
8.15797375459913e-47
6.85249311698759e-42
1.18711589872408e-39
1.37865511175349e-42
1.66753950791281e-42
1.85529827866966e-39
5.14889220208615e-43
1.30005052396802e-47
1.38626199457032e-47
8.44888760641668e-42
7.34158174129517e-43
2.71882940558595e-40
2.47235987137667e-45
3.54696000095609e-44
7.42307836227258e-40
2.4721212481682e-46
2.28756377068861e-44
2.4336306632313e-44
1.5946343519313e-43
7.92501150509589e-41
1.63953103368772e-40
8.2384942218657e-40
6.8491714891624e-46
5.28243258856894e-39
1.12171933485805e-43
4.89628097039255e-43
1.59052861133823e-42
1.12214473971929e-45
3.09196223589205e-38
1.16034140507923e-46
2.95299078323506e-42
3.76819619048723e-39
1.95764658369273e-36
3.0056880030114e-38
3.57630804096638e-37
3.44962984608749e-41
3.23125325268101e-41
6.86344081348946e-38
1.46715754201773e-35
1.50651166410061e-43
2.97239633731675e-41
1.08937118975339e-41
2.44038302796592e-45
8.08671524325349e-45
1.51487907781673e-42
7.59798352090453e-46
2.49942863923137e-39
2.32404121904499e-42
1.3548408425673e-45
1.54464661173161e-37
2.56372168050056e-37
9.61695115623461e-44
7.82720314164577e-48
1.7692001990372e-46
2.31992051964051e-42
2.5192363053939e-42
1.81386310991725e-42
2.63788760764209e-44
3.63879403963116e-40
6.11629769926355e-39
6.81417097132517e-43
2.01894151254736e-47
4.07865127576175e-46
4.43257461937858e-43
1.07765656759185e-39
3.00310057635068e-47
1.50097684156622e-38
1.94547170276776e-45
4.6868478309809e-40
5.81984063919254e-43
1.06274558654117e-47
2.31476954707733e-36
8.03543812835428e-42
1.00778885530535e-47
5.06162595036769e-40
5.35330328871519e-43
6.29921116687782e-38
2.34653582454273e-42
7.40556049575296e-44
3.40070733108465e-43
1.8532043158593e-45
5.98404352069039e-43
1.61382360620283e-39
4.24935540100159e-41
1.05196261629233e-43
1.59363722360259e-43
3.67148338836046e-39
1.43975495414135e-41
1.54725676252874e-43
5.78518578116509e-42
1.64113396085955e-43
4.20913613041461e-44
4.05315529973404e-40
2.58303376752166e-44
5.48521605442532e-38
1.46839757850694e-43
4.24882053688459e-41
2.63413378970434e-47
3.54405969166265e-39
6.35550099909534e-44
4.76789113546371e-44
5.22139924019178e-42
1.09887521599284e-40
6.5256120140933e-38
9.87879484194659e-43
3.82730491713631e-41
2.46505444698324e-46
2.30375918526709e-40
4.27416640298468e-40
1.6060493225441e-42
4.08330642862687e-43
6.17303339567273e-37
2.31947594586869e-42
8.22436494093564e-44
4.65981753533859e-42
7.04411905935854e-44
3.08490487007577e-42
1.1247372629787e-44
4.26322406125401e-41
6.07250642760896e-39
2.62246546880371e-40
5.21857731307976e-41
9.3765707441778e-42
2.70469404928785e-38
2.45390537461963e-39
1.6714708038882e-43
2.14291493974696e-41
6.67798321511701e-42
3.59966451177922e-42
1.30955608547914e-39
4.13242388165534e-45
4.88862806332828e-42
7.8877612407414e-42
8.42025303228632e-42
2.07195468741313e-39
5.42068482633831e-39
1.81433894342699e-40
1.42351197853601e-37
3.98929691142796e-44
4.97741801315663e-46
3.82427799540092e-40
3.58275705827157e-39
3.44930722974307e-40
4.90152127990453e-46
3.36615753716156e-43
1.35941731856435e-45
2.97416323364923e-40
5.00782841809174e-42
6.77321062238149e-44
1.14845236290636e-39
1.66561648442534e-42
1.26055213584729e-37
2.07057942238001e-40
1.06351999064153e-47
2.69886978436826e-44
4.14710005423949e-41
1.24798161983956e-41
2.63437781283802e-42
1.27133894315033e-41
1.07222021272123e-45
6.76867159525181e-37
4.39279920191942e-42
7.72365445631291e-48
3.92709894671131e-41
1.10830079648115e-44
5.1793555086049e-47
9.63171048445758e-47
2.68280462619631e-43
2.96714315529623e-40
3.11219531262531e-45
1.51167302514355e-43
2.85465372133476e-43
8.73847587363759e-45
2.05168933935456e-41
3.12304591378111e-41
1.23310093727264e-41
6.37288452449717e-41
1.41804544445764e-42
6.3669586017163e-43
1.84757901773035e-42
5.60900466437737e-46
7.85349459251068e-46
1.54284911779869e-41
1.70346131328176e-43
4.06945814865229e-47
1.60733798277505e-40
3.3990587744903e-44
3.19359385490527e-40
1.35098840228455e-44
2.61949976197219e-40
2.99286186402971e-50
5.72332194983402e-41
3.40939617927522e-42
6.6482208258199e-40
1.61493004879078e-39
2.21509341674871e-43
1.34905160743265e-45
2.00045560996203e-42
7.29182254937728e-43
3.00544984201432e-46
3.21891071716054e-45
1.18133218380308e-41
3.97400327404657e-43
2.34882771834501e-41
1.09808327327021e-42
5.42097851792637e-43
9.93649082383588e-46
2.00511875451908e-41
3.44744056941994e-42
3.80070386558762e-42
1.97988658161543e-40
2.96522243103862e-46
2.46958884353459e-46
9.59086558831832e-41
1.18588640332426e-44
3.61461837548044e-41
5.6140949148359e-44
2.46101434818242e-38
5.58096886378883e-43
5.30559253605852e-44
3.88577542064164e-42
2.80841600725885e-42
9.98673306193996e-50
1.4320589991325e-43
1.25085997094528e-47
7.86284481997573e-40
1.37086908831866e-39
3.48518799731137e-46
2.15708758978816e-44
1.10101450205639e-43
5.46238423840723e-46
2.90783291914087e-45
4.56118814790525e-41
5.30720735493681e-46
2.33233537678304e-47
2.0401071161169e-41
5.45166595248084e-38
4.24094622497632e-41
2.40777459208441e-44
2.28148604237129e-42
5.30675286114038e-44
3.38273829886478e-45
2.00673372846461e-44
4.46654058166568e-46
4.03308148050492e-42
5.52101156243862e-42
5.6812373426606e-46
2.02935949530669e-45
1.58991364541817e-46
1.55953448445243e-47
8.37281844606379e-44
3.83064239922642e-40
2.22397758815329e-41
2.55517199021714e-40
5.44655528460612e-42
2.23424079835024e-43
2.87218449946153e-48
1.04485171853789e-36
1.01874711734525e-44
2.64022986491733e-47
1.18773870563484e-43
5.43767567338376e-44
3.10645906219912e-41
7.92853490488861e-44
4.50521173698799e-42
5.4221484261959e-42
1.23913557786629e-39
1.26844804393189e-46
2.92364401450702e-40
1.1857531605076e-39
2.47722025314715e-43
2.91374944107996e-43
8.22290032527882e-40
6.91947254179205e-44
7.91326333036676e-45
3.86014734341719e-44
1.08734398792888e-47
4.10279163245882e-39
1.98178341627929e-43
5.48093000965797e-39
1.53675194526496e-38
2.68610704099943e-43
9.32766445279543e-45
1.18432975510064e-39
3.59559283946268e-38
4.77481122976437e-46
3.33156841394091e-42
3.43214717070321e-42
1.09453708106791e-47
7.24574090875665e-41
4.39805426829911e-43
5.8029785850905e-41
4.49215664258387e-43
8.24487014195304e-42
2.21406140350047e-47
7.03741878663542e-44
1.30992348481267e-42
4.08296833612123e-43
6.21841825465286e-46
6.55307233834546e-43
1.41102571015391e-41
2.73445815720152e-38
8.89544352279256e-46
2.08166407721044e-44
6.06981653931452e-44
2.1520062582445e-42
5.50617205155786e-45
3.39597452272302e-45
5.55536353452461e-43
2.52930580619934e-42
3.65545211080839e-39
4.14405471206614e-46
1.80462028448451e-42
3.84144673329233e-42
2.12087435639352e-43
5.4744673845488e-45
2.27825642832906e-46
4.13339838709548e-47
8.81767208367581e-45
4.18039384233509e-42
1.49265156961638e-40
1.92456772250519e-41
2.7441692593374e-41
1.16651595167298e-42
3.7707220504901e-43
2.7735801019913e-43
1.48412027379278e-38
9.42051835545357e-41
6.5260114994514e-45
1.89262063681642e-39
1.58817219083906e-43
4.43993999236175e-43
2.24512504503056e-44
9.30676981770733e-39
2.58960607222003e-43
3.0033671452974e-44
1.43525742255109e-39
6.85109083151573e-41
1.36789760467524e-41
2.0340284124233e-41
5.66899138578569e-41
5.14393466126054e-40
8.54521771411258e-40
2.00701329891594e-43
2.48240796891947e-42
3.09251920279837e-42
5.45768222460727e-44
6.25326152063015e-44
1.48156548796247e-41
5.41511696384271e-46
1.03491655096029e-43
1.41720383448448e-47
4.059571462109e-42
8.17038506345894e-42
3.00612492335618e-38
4.15767695122705e-40
8.73740188775912e-42
1.15462375242468e-38
1.873943856052e-44
5.92574209229558e-42
8.43387858840332e-43
2.47609017563993e-44
1.68736937491555e-42
1.41365496746047e-38
8.21876823533631e-40
3.37847349362813e-40
1.42771811374464e-41
5.89299615667081e-40
4.66862898843774e-43
4.43773967630481e-42
1.73093216826363e-41
3.95619432751332e-44
1.40363596028047e-41
5.00997389933681e-39
7.8743433319893e-42
8.51733139393691e-44
6.52315689660135e-43
4.29057861056089e-44
2.26243442150335e-44
1.42790216391898e-49
1.62325331502153e-41
2.24537006010992e-41
1.81717421348041e-46
3.35712755404171e-43
1.14228210583764e-46
3.00355930656207e-46
2.76292023386049e-49
4.30685520535067e-42
1.51138987446104e-40
8.4932267639651e-39
3.40892878071312e-42
8.15038748348635e-44
7.13219862267894e-42
3.26920498094822e-41
1.68625190061415e-38
1.76797330013638e-36
7.19056501020707e-46
1.50356397481087e-43
8.59169930399482e-38
2.99009869754582e-46
6.50243268843023e-36
3.73711009436168e-44
6.31534134722627e-40
4.99731373131813e-45
8.98738666039315e-43
8.61294134036673e-39
3.6814360682082e-43
2.01749279973738e-32
1.53699287277704e-41
8.71798953833386e-43
2.09104790882646e-38
2.68875477967701e-42
1.6330741904089e-42
1.61893059672788e-47
1.37167636005254e-40
2.8824744229411e-41
2.03074292945164e-48
7.36429580190524e-50
2.34876233747476e-40
2.56449777788161e-41
3.33469959039346e-42
1.00816955202478e-39
1.86668717947915e-42
3.48841243385928e-41
1.29427071598659e-42
4.49865558668103e-42
8.196710400531e-44
8.18059492311412e-45
3.78050904445675e-48
6.07160088558712e-44
1.46284347130423e-46
5.1886174792095e-38
2.20706132749141e-42
1.16458984819892e-45
4.9549472381376e-48
4.08176574073777e-42
2.53247567805739e-47
4.99178766106189e-40
1.00565807611148e-40
1.69832117579836e-41
2.34408412662614e-41
5.5405925286452e-43
1.04297924569021e-45
1.87619888139249e-40
5.41229104796265e-47
3.10127605571736e-42
1.47868074415735e-42
1.38382365292697e-44
2.6238820743083e-42
4.77598177800651e-44
6.42673604557101e-40
1.16892514270298e-42
9.84571949424343e-39
2.72772562580626e-43
4.43809127480078e-47
2.70395434769246e-42
2.44106597668602e-43
6.75131777559929e-44
6.48399865918081e-40
2.29567338689064e-46
1.4678204936133e-43
3.08880579848346e-40
5.88621419670794e-43
7.10604684104656e-42
5.39716150920463e-42
2.98410555248175e-42
1.10648140170851e-45
1.37653078318559e-44
2.9446202529062e-44
4.73291093224944e-44
3.94343471391319e-43
2.18774758154031e-41
9.89883897032841e-49
8.6207168826658e-42
3.77898551454954e-42
3.93231025792617e-42
3.38497506824357e-42
2.06359544710068e-51
2.62327335500186e-44
3.85470917853224e-45
3.53720630034439e-43
2.21056852060672e-42
2.58518427357606e-47
6.21681451869909e-43
6.35341667789341e-42
2.20933910923911e-42
4.02703257233171e-41
6.20067758422271e-47
2.66947881442983e-39
1.86150982469388e-41
1.90440636672424e-46
3.3954268996059e-45
2.84301484995453e-46
6.36847735459501e-44
3.96646205346282e-47
1.79362875839998e-42
1.39474730865303e-42
2.04902386926846e-38
4.83048280676227e-42
1.04897068923176e-39
7.36998310349227e-42
5.6032185927473e-43
6.45591375623919e-42
5.1808312032744e-43
5.10189015829075e-41
6.04961466263711e-45
4.35067459484968e-43
4.86825982222556e-40
1.29833447940589e-43
1.17454001691351e-43
5.69164241167089e-42
1.05105243545937e-43
1.88575502368503e-44
5.65655765943617e-40
1.17111282195381e-43
2.70627512907806e-47
2.35163467789718e-38
2.88062021905217e-43
2.27742354477559e-41
1.50726425587135e-45
1.39118419291842e-40
1.3050404074743e-44
1.45055014500411e-40
8.39851943026033e-49
6.71848127591545e-45
3.30748871377423e-44
4.77797227580277e-42
6.62253280863815e-46
6.23811487080343e-38
1.61763135800769e-37
2.47742640683579e-40
2.59671695557875e-43
5.80348717269509e-46
4.98973195982367e-46
1.31760608167277e-46
7.75124554012837e-40
5.02805214120811e-48
1.99391094194611e-38
2.42723780776529e-40
1.26206906157765e-44
5.73816721069495e-45
1.18371904042833e-45
2.05085007386588e-40
9.15355321543451e-41
7.71883081964295e-36
6.50526254944766e-43
1.49961549229978e-46
5.59579477235823e-45
3.52344359839986e-41
1.83302111534525e-37
2.67067175590316e-43
1.18738044514846e-44
5.52540152777944e-44
4.04531303034249e-42
8.53435834174012e-43
5.63206072612625e-38
1.0870240244504e-40
3.24041124045939e-43
1.40879816963978e-49
2.80222122586154e-41
1.88497743309537e-45
9.91240115097388e-40
4.19858001227425e-39
8.90390690584958e-42
2.54178980331619e-41
7.73390104138112e-46
3.62983679615426e-43
2.3782152503524e-45
9.96173778013195e-45
1.01256524487124e-44
5.0516002469865e-40
5.35211141227842e-40
2.94813115632253e-43
8.05687877248563e-42
2.38322968486271e-49
1.32397516770766e-46
1.53526089549024e-37
3.57637686378066e-41
9.65417726982728e-41
3.42692466845167e-44
6.32124443291422e-45
1.53097386137466e-42
1.3532419673974e-38
4.31989175747017e-40
2.87845388230292e-42
3.34190280605361e-41
6.53206716561179e-40
1.19669930091422e-40
8.78285671255656e-43
4.19985006537352e-41
7.73910253982307e-43
9.50118734481799e-42
2.1218397296917e-40
6.12854387643562e-44
6.27863785894816e-42
1.55265056409864e-42
1.61160741414228e-42
1.25478517452525e-42
2.58981590834705e-42
1.38740335011142e-38
5.99507225235277e-44
1.38559752187511e-43
3.61207363383805e-43
4.91426235890692e-40
1.41501354908828e-47
2.43016666315593e-43
3.92611561105503e-40
9.53481176708117e-41
2.63181888154436e-41
9.36116738633758e-47
1.06797069337548e-46
1.40112498538129e-39
1.69830276461612e-42
2.05044308123663e-47
6.46185719080578e-42
1.3250651238034e-47
1.25614661625598e-42
3.41797321769637e-43
7.55337461158181e-43
1.12604003924209e-40
9.5239286922493e-43
2.82847509483772e-39
1.63550489123255e-42
4.92576115999636e-43
9.21688875187173e-45
4.7603741204633e-48
4.15176803691333e-46
2.84711099689785e-37
1.26882103218672e-39
1.35713478129175e-41
1.88378690330328e-41
3.58580652625734e-46
2.15164602151577e-43
6.52492548851437e-41
2.33023902597168e-38
5.99771441608184e-46
6.83978701309894e-39
1.67024956770579e-46
1.1403666482258e-41
1.51640977096078e-43
7.9867269430229e-46
3.67279006364921e-41
5.40760740704833e-41
1.15556813680951e-44
1.28133391693661e-45
1.31098082359333e-39
2.98602231123055e-42
2.13043696394974e-43
2.85414265703836e-41
9.63656219993254e-43
3.51722401371845e-45
1.07178324540159e-37
1.0368206020452e-41
4.60097425387268e-45
3.80137175424579e-42
6.0389916012505e-39
4.49369786868233e-41
1.73894849764741e-43
7.32211855883709e-38
8.14291631934331e-40
2.34534228391924e-36
2.97327176133053e-36
1.69948538076336e-42
2.25684425347414e-49
4.44993896340507e-41
1.46187733601433e-42
1.10832247926791e-40
6.99650263128644e-41
3.49458581003668e-40
6.48513541412521e-43
5.47657380674336e-42
2.63797339879631e-44
8.90567722533467e-41
3.68302573244125e-43
4.74254594204073e-38
6.21317258850942e-46
1.90361698241589e-43
5.14093397517193e-46
1.90064995806591e-42
1.37860624515535e-44
5.84412672887374e-46
1.39900664898604e-44
1.67549542664674e-37
1.47620815642228e-40
1.53447877822356e-39
