-4.14052633384001
-3.75267820415416
-3.68693326697389
-3.77211499055648
-3.75419170245695
-3.45037925802465
-3.4278188548966
-3.16097505486878
-3.48042483012701
-3.24791105702488
-3.76466798154132
-3.93647259209244
-3.68071499318056
-3.21322330230797
-3.30879112355239
-3.54898973347359
-3.15289900052217
-3.45253307110396
-3.13744920095071
-2.85318840101048
-3.49099733873952
-3.69591042536684
-3.5827213419976
-3.6724155239223
-3.5240165423828
-3.89063412831961
-3.60538196867132
-3.66810502215966
-3.40038680245113
-3.27460235142151
-3.4658540924719
-3.58993131134373
-3.81571975020768
-3.67901883701772
-2.92357996582226
-3.46442302076806
-3.14550021479403
-3.44038550690289
-3.22735006040284
-2.94301561251272
-3.3301442926019
-3.49345526315289
-3.68053330979127
-3.9319250536883
-3.32511439674979
-3.53271161234951
-3.45706507092489
-3.58644238039194
-3.81203250591162
-3.10633204053374
-3.69922970690191
-4.04593403227355
-3.45618758799138
-3.43533682006067
-3.75151619006741
-4.13076100572863
-2.73155151219448
-3.26875593411325
-3.71096953982418
-3.27731597785819
-3.34457912519282
-3.54190697621232
-3.76715626633201
-3.65608522672976
-3.46668725569061
-4.03081226010303
-3.23139135334301
-3.76422500887769
-4.399055901631
-3.721576884745
-3.0474588546427
-3.65373864908491
-3.69293303905344
-3.54124605688556
-3.95783979109159
-3.34457133557129
-3.78376620011138
-3.91916602088311
-3.69806281776903
-3.81562035738893
-3.46906793056479
-3.32207172410002
-3.61944266984009
-3.47342055903072
-3.41031261803826
-3.62089292786692
-4.03990599366419
-3.05703357491326
-3.14399748174698
-3.53136214901158
-3.26023557055139
-3.91697942969081
-3.44519455225081
-3.78388104443925
-3.96026812906239
-3.40358606958455
-3.75477628701721
-3.63176198528126
-3.75450069108349
-3.41042086195182
-3.39102812379835
-3.33735024525115
-4.12347688226728
-3.66333334069383
-3.41686632759114
-3.32611922238574
-2.90621308864212
-3.44793981952088
-2.98196784147144
-3.63613764554284
-4.36702178403764
-3.9719463202404
-3.64467336133001
-3.3867475899583
-3.61060260106251
-3.55801315491358
-3.54911243044075
-3.60157153035757
-3.40853263220532
-3.4085245838317
-3.32344586496198
-3.63101823194154
-3.41788665184869
-3.98260350611685
-3.81155379708587
-3.23399033520954
-3.25888016455288
-4.04399258805759
-3.82831153784322
-3.369302487094
-3.23477624816276
-3.51197899006108
-3.62535600402233
-3.65913421876793
-3.41812035818965
-3.71695505337225
-3.62917402956688
-3.51499321488452
-3.29870728104302
-3.2513015241104
-3.78142462808512
-3.32596761622484
-3.31030588668045
-2.90262678183511
-3.83663824837349
-3.55690107056764
-3.54247077524166
-3.27886206644766
-4.07601327282091
-3.52787333527828
-4.00088976696934
-3.56052547973332
-3.61847718742319
-3.4797442181705
-3.74111668487879
-3.88418982706847
-3.8089559245015
-3.84413276563443
-3.62804850784356
-3.91922476921005
-3.31038353083068
-3.52371828216952
-3.48534184091634
-3.44979551867502
-3.64227088120688
-3.86389620648188
-3.38948756507473
-3.54807150351185
-3.87209631698935
-3.72651948352196
-3.37011418815562
-3.46613313030529
-4.09072893286341
-4.12509474180911
-3.29185423694268
-3.19750132387841
-3.91212313422581
-3.90110514982036
-3.13680785559068
-3.7115263514634
-3.31914612989696
-3.83166335936663
-4.06321090648427
-3.16935892121358
-3.75999989684482
-3.43079690426253
-3.98721226434358
-3.98264958627868
-2.91045923884797
-4.22386174338336
-3.76518096965797
-3.93247570645315
-3.86459717918627
-3.29200874386175
-3.32541489206805
-3.77346262712131
-3.52892862344412
-3.42229554609467
-3.19037401844766
-4.01921819660686
-3.22016266521398
-3.66659209781693
-3.82814387770457
-3.3728835844104
-4.32432637106278
-3.60561151851725
-3.44791200762622
-3.1557590246333
-3.2939938612321
-3.47760880565653
-3.37694965734546
-3.72729373931686
-4.07251326561898
-3.41603120607126
-3.66988593904065
-3.57443375608695
-3.68220861815536
-3.66637700773089
-2.91931687077447
-3.94928867622115
-3.07365420750168
-3.77028431761582
-3.03697551679394
-3.38993228824558
-3.4294817462553
-2.97109070447051
-3.79691361429774
-4.08095144553366
-3.47663416343525
-4.09848296144893
-3.46443395866041
-3.64071536914021
-3.96861845040489
-3.47954297361246
-3.18558588951754
-3.09847846548511
-3.27003048831918
-3.54858631235296
-3.36574990238846
-3.25889258306242
-4.08382881613956
-3.92890458306674
-4.34218636011282
-3.31693149871459
-3.48052691020192
-3.53368896675372
-3.64422762687691
-3.40969498326855
-3.37834169565254
-3.74376389911829
-3.69855736731516
-3.59743865444775
-2.59024969253268
-3.26308214751797
-3.28811343298462
-3.67050171313603
-3.51501873002419
-4.05811465341648
-3.46754659134963
-4.07708536981574
-3.98632199215139
-4.36730571561538
-3.569494522667
-2.92375647785485
-4.24872739748676
-3.29285146256206
-3.49253091905664
-3.45190592745234
-3.34034256995707
-4.00991923067261
-3.3032956932843
-3.72223505651061
-3.69037869059217
-3.59582844895748
-3.34632906583094
-3.19414189291796
-3.49855854386485
-3.59323974263924
-3.39753677244846
-3.31559684848712
-4.17309380669875
-4.03830027840687
-3.53478814115768
-3.66005714898471
-4.07074935171992
-3.51683553828992
-3.64052736783538
-3.46325072016629
-3.19117011325911
-3.21369695036831
-3.74716235206865
-4.2146747224224
-3.7352095260442
-3.68818885343736
-3.28290544985248
-3.80935640622892
-4.12783982562984
-3.44084874584557
-3.7825462020432
-3.48589415181302
-3.4524684015015
-3.31886656615614
-3.52866173897686
-4.11525453284668
-3.48221538677304
-3.96843584541944
-3.76403988170516
-3.85387969129391
-3.84810545896965
-3.63269081286139
-3.36483398608334
-3.75500312451223
-3.64599961026209
-3.43683139630905
-4.02497979063835
-3.32749244889321
-3.35288751019508
-3.55710517124932
-3.21142756036105
-3.73662008368324
-3.08570421118237
-3.29628463483912
-3.121476391793
-4.1109722420925
-3.81170726030597
-3.51296174824301
-3.40718900362766
-3.87199704469128
-3.45364072863301
-3.65509006329049
-3.5711287167858
-3.51979331897902
-3.97775883297026
-3.31990626835636
-3.42793677738386
-3.569389271647
-3.77562030880329
-3.20265212343284
-3.57325764823693
-3.35780778569963
-3.39216323197918
-3.55938059759153
-3.98977369786365
-3.59065991989682
-3.75781587358006
-3.26749139425407
-3.25828709708609
-3.93167604240089
-3.38631744371598
-3.99358715872593
-4.04579163803519
-3.4383141409202
-3.8186339554641
-3.147699888003
-3.86802580078951
-3.78724594546897
-3.31537820931282
-3.46776885880884
-3.26983070512665
-3.32156517649423
-2.96710210659305
-3.62821222621105
-3.65148812999535
-3.29520032144824
-3.14845994874258
-4.12895951420661
-3.14831032330282
-3.29440476257727
-3.48800062519321
-4.08781471321013
-3.6771483650095
-4.34181191967968
-3.52408754353008
-3.22227758194856
-3.64142028322129
-3.67547576201698
-3.74162733191569
-3.37318813178479
-3.27169391544693
-3.50019591053015
-3.80375253992743
-3.69950551946066
-3.14116202937515
-3.63880019553106
-3.406687207298
-3.8254909231718
-3.72143486640259
-3.49936991411092
-3.83479490905771
-3.88314212690353
-4.48676633657145
-3.76293573742096
-3.46597143694863
-3.62205055974817
-3.18549608813998
-3.7613748660179
-3.37506553252548
-3.54364452186571
-3.63778884149623
-2.94275297462863
-3.76697502188232
-3.69569114486784
-3.69898328344847
-3.60965283238709
-3.36683911926683
-4.18733363079916
-3.84375396563037
-3.54073835569553
-3.88982293840839
-3.88338988657401
-3.72207421585799
-3.81604242714373
-4.05962088467469
-2.96467478028189
-3.2190680890242
-3.89957173836171
-3.89978537312699
-3.53770453020493
-3.4298077634736
-3.27834846067848
-3.88413468276882
-4.34902322786678
-3.34586423738508
-3.87011437747881
-3.55083419220119
-3.93378520964861
-3.62455407540994
-3.73679173888838
-3.46659875058613
-3.27697167973131
-4.13104215831205
-2.87307754756952
-3.60585645703654
-3.43471049802691
-3.33734693893926
-4.27468700369094
-3.06422417364134
-3.86678541316413
-3.64216617400034
-4.17147463902467
-3.82819231451471
-3.9948006385492
-3.69583534946047
-3.58645116217213
-3.48649978072858
-3.5316959110003
-2.99929617690326
-3.51082557912606
-3.61853366966243
-3.78300261878451
-3.32435957362421
-3.54604058438838
-4.25050570076315
-3.74854741402272
-3.6666339251755
-3.86945417250093
-3.19295435347241
-3.00269173044862
-3.53948622855951
-3.3099731679003
-3.03833676754135
-4.33356921906632
-3.61096256389552
-4.12506430995178
-4.03264225177114
-3.5954440000568
-3.57960187238664
-4.17599810839042
-3.37362645328608
-3.22262174552385
-4.04414054329516
-3.89785361909217
-3.65783125256436
-3.62947287562695
-3.23801953793698
-3.27202475910921
-3.60029883957946
-3.57434180733968
-3.7216635495756
-3.54549483475057
-3.43735091508575
-3.75493600968367
-3.41793500314069
-3.925717181631
-2.82163822697568
-3.57728383226015
-3.68222105407655
-3.2153565175091
-3.05272630226414
-3.9051312580775
-3.77089520596873
-3.7316703778709
-3.12219253534784
-3.64362509087354
-3.26437507516267
-3.58641686852201
-3.1346119771664
-3.97634322626673
-3.91017966960057
-3.17007386043129
-3.48974113944223
-3.90860339418867
-3.30471214460045
-4.33341757326979
-3.41885126644471
-3.79820838502598
-3.5859131375209
-3.81880449186223
-3.71227498493001
-3.64523487727314
-3.64402031452447
-3.57868221456609
-3.13359426273233
-3.66835435533116
-3.69877429447663
-3.60529107479178
-4.09596142986613
-3.59739882621506
-3.07917620762583
-4.21473021189734
-2.99213388610441
-3.23156305751838
-3.45922649381188
-3.7808459540104
-3.15385752517464
-3.42131368754686
-3.77032790214189
-4.14173978570727
-2.96851037207347
-3.2829496777814
-3.24229926449719
-3.86613021983447
-3.12095989743167
-3.11939571260061
-3.97894695550444
-3.53494969958968
-3.68689347982483
-3.99024694457036
-3.05824810268163
-3.51206556225382
-3.33536454569313
-4.13185341710617
-3.93050251241145
-3.64717343409366
-4.42966037016223
-4.20052066189335
-3.8585888494901
-3.43536808408104
-3.3310943233507
-3.55309990600124
-4.04208354649151
-3.61481616653895
-3.60281893147156
-3.47338698208794
-3.57380573017737
-3.34465336133646
-3.57429688789869
-3.6455103605818
-3.5159742127754
-3.60965380973291
-3.16728883435599
-3.63381888434718
-3.34976024125464
-3.15750593731018
-3.3483610188649
-3.86629702780491
-3.18950214337316
-3.05576082117563
-3.04648582752269
-3.87238662574905
-3.38833124623542
-3.35298139404813
-3.23981425395542
-4.01140242827999
-3.24786070280417
-3.38321613467262
-3.47257417207131
-3.81821199033683
-3.4827967582103
-3.26091997589733
-3.31307947693789
-3.34385819441663
-3.9024174486634
-3.55469333967662
-3.7020103039156
-3.98572245570737
-3.28117585284095
-3.44162057310866
-3.94369156083625
-3.76187288767858
-3.37673830171408
-3.06262325221602
-3.68645304221094
-3.90449985704186
-3.22078216596444
-3.8033676282348
-3.99604734914123
-3.67774088819815
-3.27546434363168
-2.8692754806624
-3.42463038801191
-3.32724371469391
-3.57417317390861
-4.19076073170304
-3.39725852202643
-3.66704212175829
-3.63443601620169
-3.77256043538522
-3.81821526112266
-3.87834128693967
-3.39938746160682
-4.0942825274268
-4.16319529584994
-3.71033133819748
-3.39376550455413
-3.28392722829273
-3.7253861150315
-3.78832263986548
-3.34203844432011
-3.38412274770946
-3.72917503762054
-3.4321313513516
-3.48937315478533
-3.2775538208044
-4.17882434080337
-3.29574171685062
-3.50382622326819
-3.41757813839052
-3.63633440370502
-3.53596940665533
-3.38019609256226
-2.99516757359327
-3.93171241099471
-3.3575289166297
-3.31898793739025
-3.19684630029772
-3.57777496994146
-3.50197601883732
-3.1781599882664
-3.36477971834796
-3.77897237554824
-3.96198647070372
-3.20210948008285
-3.60955302442892
-3.54219089988208
-3.29010099849591
-3.38293693645238
-4.09874206449125
-3.42471252800163
-3.90616104227478
-3.09649697781731
-3.16923715625269
-3.37803373772526
-3.66322621751447
-3.30711759839941
-3.12158551015673
-3.98683423557683
-3.33645641754806
-3.54115661129443
-3.72270909914458
-3.25642645738071
-4.15808288352637
-3.72009463208538
-3.63268150816325
-3.8105472248049
-3.66152973551958
-3.86487106998976
-3.01415340140709
-3.37264679540909
-4.33715905487897
-3.5441285477723
-3.74701298318551
-3.72006702108088
-3.09606861058255
-4.09562300138498
-3.43075679194133
-3.27619046779409
-3.62065076280277
-4.25338224895194
-4.02905555664478
-3.97855815182523
-3.67954422052081
-3.00100422892791
-3.68596186636611
-3.40060343510171
-3.93078476402559
-3.609035741029
-3.68295484596536
-2.99796978503201
-3.21034146374177
-3.48277077487503
-3.37777019563079
-3.33888154459896
-3.51324808682477
-3.48443190254358
-3.93554314392681
-3.48697218343881
-3.58546951735809
-3.11881412224463
-3.89442382732054
-4.16638058405313
-3.77378539181781
-3.39998680935337
-3.23817086047821
-4.23255353519216
-4.04238801291578
-3.243569053674
-3.8371706272041
-4.04583118221203
-3.46951477113116
-3.63695812714454
-3.68464159752839
-3.60615575739938
-3.54138759012216
-3.79132835113546
-4.14826002001893
-3.13138397373032
-4.18310759536599
-3.80188785495755
-3.84847346250435
-4.00012898352267
-2.99369990798123
-3.36630909356009
-3.40950513774771
-3.80347673053853
-3.71094937914883
-3.23790593364924
-3.97040773199102
-3.50906312302711
-3.37293251228454
-3.21090445421224
-3.61079729463813
-3.72906236016799
-3.43815430535787
-4.06242129619745
-3.95931603429881
-3.40668463949434
-4.04323556181757
-3.50983556035409
-3.71418923801365
-3.32991240316708
-3.9059613859353
-3.72274510873979
-3.34349038872632
-3.61979747847476
-4.26545395847624
-4.25535162095193
-3.16019378439739
-4.09208265612117
-3.44291313941662
-3.66434397037987
-3.85811148617014
-3.64115677370074
-3.14264845625043
-3.39113963900672
-4.01842901280184
-3.79482420224436
-2.8290035012423
-3.75015023981866
-3.47964023024045
-3.85908308019043
-3.64139660376461
-3.4246721580344
-3.74662957516231
-2.83908667990337
-2.97091134841609
-3.23364298564893
-3.85164844615768
-3.57892538143635
-3.19164258258517
-3.62375739287077
-3.24261447608935
-4.1082394787273
-3.98692517513502
-3.69317630276395
-3.45305480437891
-3.78275348705323
-3.40342389376645
-4.16888009982048
-4.11153976235133
-3.57319697696733
-3.63872811411511
-3.57937238118322
-3.69970567333511
-3.59267843212513
-3.98467515464599
-3.05910305295815
-3.95185789317649
-3.57589849168255
-3.07823636260312
-3.6851514683732
-3.79730126783947
-3.55272455891163
-3.65150859090794
-3.77258794947651
-3.52176620035288
-3.48250136771121
-3.71257828076167
-3.1978937939444
-3.94573076812672
-3.42749492344295
-3.69383165061176
-3.41030280297332
-4.01594565184217
-3.53999136778399
-4.10938237842161
-3.29506977631402
-3.49537014811129
-3.22157490427939
-3.91187499424861
-3.54769316458722
-2.93920911564325
-3.17341842001784
-3.94319616342725
-3.79919347113569
-3.51525447647916
-3.81928797647438
-3.57182004215369
-3.95916530982636
-3.22310312015658
-3.71730691888912
-2.99159504025318
-3.93512237916187
-3.41807402627227
-4.14609654791837
-3.63606646246884
-3.73720573154099
-3.76564704190427
-3.45775051735748
-3.67606585862547
-2.96675987573438
-3.70884647069266
-4.01220810956808
-3.90090969202571
-3.44818888735096
-3.21051636452437
-3.47493964538975
-3.65946800440361
-3.6374946833841
-3.44295126739433
-3.20137277862282
-3.54216958847197
-3.60940043259873
-4.26030139336074
-3.48479798726935
-3.35479428077621
-3.20806325602451
-3.84832706160134
-3.67713549765407
-3.49048573988497
-4.05952343528137
-4.02912691347842
-3.55459032375573
-3.07009565239117
-3.44631341700775
-3.46257306210708
-3.86585516249192
-3.34277725868289
-3.41736580517101
-3.85838582973265
-3.65011447437657
-3.40177841273853
-3.56515388039498
-3.88736885146556
-3.41390959435311
-3.38639952060556
-3.14511219823107
-3.3997926623457
-3.61471075621033
-3.7135456148686
-3.74869266561043
-3.69889372793705
-3.88223793968339
-3.39982947584799
-3.62051068454768
-3.20290904524232
-3.39875904523643
-3.56865622971343
-3.97334178220483
-3.38440148975863
-3.604308445852
-3.45033259331116
-3.13410781183084
-3.64896458537696
-3.36563358230706
-3.77952902449365
-3.48170915181806
-3.84864530107191
-3.8432454688136
-4.26915687260783
-3.91758857115199
-3.481962166585
-3.72898985723167
-3.36585773021699
-4.23930848489478
-4.13154889974005
-3.39252034913876
-3.76734117134943
-3.71842949909566
-4.14844960534036
-3.71069876689079
-3.48641332457353
-3.8544948705787
-3.68217007501246
-3.66786354039
-3.31722669313888
-3.61902506713369
-3.40588643965819
-3.31544203582831
-3.88507616561594
-3.34831090085708
-3.30175946445685
-3.39119870136152
-3.36131269294201
-4.11563818788756
-3.96050110833648
-3.39259730844965
-4.04807115132814
-3.46941167304463
-3.29486954028394
-3.30247085084274
-3.49635109812486
-4.21807090442329
-3.56918038248751
-3.60143511713714
-3.78516890084255
-3.59565292363171
-3.38058546531032
-3.25774428964568
-3.38521880438944
-3.26974156186539
-3.71457762374457
-3.81408977327813
-3.5903963139005
-3.68687095794128
-3.7803805592692
-3.2005994157655
-3.65453011666509
-3.35501152618335
-3.18374119668027
-3.44959604959586
-3.70837399021997
-3.69212808630326
-3.36554445347374
-3.41599484206013
-3.09886501266287
-3.89035593866433
-3.62143502807342
-3.85264657389066
-3.55102615175653
-3.70154535178751
-4.37247993334839
-2.99240143586096
-3.94311960574406
-3.35499157435518
-4.34431684887058
-3.68021077378376
-4.01316918593895
-3.72822742985455
-3.27877394950693
-3.47262114176755
-3.09797579345828
-3.64931849687256
-3.80630703595139
-3.48283613811912
-3.67807623290078
-3.67474997498913
-3.43388561824252
-4.76397028239425
-3.96738864283831
-3.31435265689083
-3.47393124274779
-4.04865516761385
-3.52938153506673
-3.62602914012791
-3.66168759618599
-3.88871823620103
-3.91266002439346
-3.35649095963406
-3.7055537798876
-3.4897771697628
-3.66320447696553
-3.32139728277654
-3.42581475727514
-3.43864379374077
-3.09536570383255
-3.34803326955005
-3.16939398965662
-3.64719702838693
-3.94942871632132
-2.91550782660929
-3.28129498051066
-3.4824710372366
-3.62566031903016
-3.41264507138649
-3.75763035492806
-3.4256196164573
-3.6171417028278
-3.7352038601612
-3.9284763979483
