1.69867034635473e-05
1.72401965039664e-05
1.72980074400535e-05
1.68374164374637e-05
1.69015031699273e-05
1.68112528778483e-05
1.69651845175541e-05
1.68966766905176e-05
1.71356380985995e-05
1.69123550477002e-05
1.68136636363692e-05
1.81118174853582e-05
1.69513323465921e-05
1.72266258466288e-05
1.67195197303632e-05
1.67098104225826e-05
1.63391087818654e-05
1.66960791554097e-05
1.69659059763359e-05
1.69201076224324e-05
1.71027483845099e-05
1.72896741891814e-05
1.69735708311613e-05
1.7925512035398e-05
1.65665485285833e-05
1.66860389773218e-05
2.23576983789793e-05
1.70736960526016e-05
1.6890039505318e-05
1.71581758012826e-05
1.627895938089e-05
1.68047848602241e-05
1.73396216952534e-05
1.67433858903373e-05
1.56262921808843e-05
1.66384448717808e-05
1.68094792350882e-05
1.98685247634831e-05
1.61183215132374e-05
1.8604193948672e-05
1.65041435025836e-05
1.65982246914246e-05
1.7442246055768e-05
1.68559693636128e-05
1.68001998235317e-05
1.69145403262855e-05
1.64960581396111e-05
1.67369610483963e-05
1.74125630922515e-05
1.69833105174635e-05
1.75042441394479e-05
2.55023081080051e-05
1.69468072150545e-05
1.69216419791709e-05
2.03261408108351e-05
1.75908146858479e-05
1.65964043496331e-05
1.68385600233173e-05
1.74582137335441e-05
1.62088413149669e-05
1.71560354833859e-05
1.67707612576547e-05
2.00105063177181e-05
1.67443401213595e-05
1.76008400585849e-05
1.7499553538587e-05
1.56104897836164e-05
1.78911605288646e-05
2.10075765695312e-05
1.69048032663992e-05
1.69912736654362e-05
2.23270278873102e-05
1.80673388178708e-05
1.63261458891798e-05
1.90819667598914e-05
1.60606940528241e-05
1.72302419480544e-05
1.70612206949354e-05
1.64902850549793e-05
2.3283239666505e-05
1.74120168064424e-05
1.68291887546616e-05
2.29189527830603e-05
1.96572582956572e-05
1.74923210130427e-05
1.67979137072173e-05
1.72102050122517e-05
1.6489500538789e-05
1.69126239570878e-05
1.69120734154733e-05
1.64674747677699e-05
1.82974569731583e-05
1.70676064045138e-05
1.7134809429209e-05
1.76055426350099e-05
1.63696136218438e-05
1.75492129652921e-05
1.92426899600646e-05
1.69323424509112e-05
1.66271510214942e-05
1.71479082869951e-05
1.64766110250413e-05
2.48236497923453e-05
1.65746768375475e-05
1.66771151707067e-05
1.66777061421178e-05
1.5894750174623e-05
1.76733235331912e-05
1.66405014245593e-05
1.80023958887908e-05
2.35679248270189e-05
1.68863054967721e-05
1.6766872621886e-05
1.72265116229557e-05
1.72490207937216e-05
2.02817251728719e-05
1.78380272799678e-05
1.75909732603863e-05
1.67110572419603e-05
1.65341190207981e-05
1.64450420013799e-05
1.76799260059653e-05
1.66774925471082e-05
2.44575090505928e-05
1.82666740559089e-05
1.61239263487815e-05
1.69078132222661e-05
1.78206190061958e-05
1.71060789860086e-05
1.6227602313154e-05
1.60853629217392e-05
1.57562284485397e-05
1.69165878209286e-05
1.76973647995621e-05
1.67914072920668e-05
1.72746223613847e-05
1.71526035456739e-05
1.65839620247973e-05
1.61811831988233e-05
1.71045992422706e-05
1.75496978846074e-05
1.68641547173531e-05
1.71072048207234e-05
1.63876793554707e-05
1.94514691040443e-05
1.72267076863038e-05
1.66275996819041e-05
1.61137577799092e-05
1.75057858267121e-05
1.65238763816137e-05
1.76668517175082e-05
1.69901518723899e-05
2.25363427654068e-05
1.69564487267444e-05
2.24330132912022e-05
1.69474437857213e-05
1.70537185040944e-05
2.25408744679966e-05
1.71074299382038e-05
1.78988008693453e-05
1.62244909947012e-05
1.70893238777854e-05
1.64481145664114e-05
1.74075220542691e-05
1.6501028072775e-05
1.71608077797892e-05
1.71980595895219e-05
1.96844885331982e-05
1.7663275508393e-05
1.6643838581908e-05
1.68276686792522e-05
2.05200793683278e-05
1.75497177562631e-05
1.98953542033784e-05
1.64061135653892e-05
1.72270278997268e-05
1.7677311054498e-05
1.71213808402387e-05
1.68194620924187e-05
1.66736411121417e-05
1.64726649349816e-05
1.71354187425225e-05
2.35099567865783e-05
1.65735656670426e-05
1.71615368132024e-05
1.67892902393966e-05
1.67846443715964e-05
1.69559461762339e-05
1.64145479610508e-05
1.8979561462343e-05
1.71775027354829e-05
1.76482913842131e-05
1.98548020714447e-05
1.68238156537632e-05
1.69054564499801e-05
1.7445222074349e-05
1.6835905898622e-05
1.7129480262496e-05
1.60261035042142e-05
1.69498470305504e-05
1.66626091151339e-05
1.64792015439121e-05
2.282748401722e-05
1.67933290602081e-05
2.32100647142998e-05
1.6307501716736e-05
1.66199686855985e-05
1.66057143964306e-05
1.66298945567462e-05
1.67521577841393e-05
1.7121003883447e-05
1.67373229137676e-05
1.85003321308667e-05
1.65575215869398e-05
1.6886146997982e-05
2.03850236946438e-05
1.69517401523052e-05
1.68680184539127e-05
1.60426162117043e-05
1.73954594882248e-05
1.64253950130874e-05
1.76789153257625e-05
1.63253157130526e-05
1.68422326697041e-05
1.68303598249449e-05
1.58418895974424e-05
1.69442077109681e-05
1.78369354632492e-05
1.63647724828245e-05
1.77105267655235e-05
1.73416710437462e-05
1.65355656285394e-05
1.77545017766689e-05
1.71788340489756e-05
1.6500234514595e-05
1.63462303177015e-05
1.65418988427678e-05
1.70614951256476e-05
1.68992907836755e-05
1.69502659307354e-05
2.42332739319458e-05
2.31925114156307e-05
1.73214885205813e-05
1.60967906649711e-05
1.63801951014439e-05
1.72254933199169e-05
1.71013803492126e-05
1.74419384293411e-05
1.63594223288856e-05
2.34069770693972e-05
1.70536839113173e-05
1.72773763911536e-05
1.52681729976708e-05
1.59687349256742e-05
1.65471087707845e-05
1.93386293732246e-05
1.72676846914553e-05
1.76265416879266e-05
1.74781439118586e-05
1.75328682306925e-05
1.8266727520967e-05
2.46267286183727e-05
1.78931997933916e-05
1.66995682921691e-05
2.49977164388141e-05
1.64826163575394e-05
1.6549057724381e-05
1.68749118248738e-05
1.98263807312238e-05
2.43995010259214e-05
1.70595061576638e-05
1.74677430493721e-05
1.63098969177321e-05
1.67316336856379e-05
1.62436606345874e-05
1.81469992694377e-05
1.72729416147286e-05
1.62922929129323e-05
1.56780122889156e-05
1.56849231343506e-05
1.74000786583128e-05
1.80905383137735e-05
1.65294910955785e-05
1.72161500050128e-05
1.73777300360592e-05
1.67291564416772e-05
1.71818768850986e-05
1.87132047493867e-05
1.65944994145127e-05
1.61893015476095e-05
1.82021412126165e-05
1.86609127243884e-05
1.77829880329738e-05
1.81491335263809e-05
1.67844032340028e-05
1.79134757798019e-05
1.76358680027075e-05
1.96663928266277e-05
1.778039669889e-05
2.00060955060532e-05
1.69494516369665e-05
1.70812081470532e-05
1.72846412029515e-05
1.82214829133501e-05
1.68390926912718e-05
1.75913650605283e-05
2.30660335788386e-05
1.73188990297469e-05
1.67319899064841e-05
1.77116901269881e-05
1.68339779186148e-05
1.9443070788323e-05
1.72960307963904e-05
1.72175114652114e-05
1.73608061679565e-05
1.70420985380203e-05
1.57466149877283e-05
1.7109382029724e-05
1.68940481910617e-05
1.72881649853034e-05
1.63752628881852e-05
1.64054363172483e-05
1.65030478574966e-05
1.78963509700469e-05
1.70805091544012e-05
1.76025718500238e-05
1.6973974733773e-05
1.74046419433602e-05
1.68040488346741e-05
2.29082445540296e-05
1.6980224289047e-05
1.71377636599271e-05
1.78920633915885e-05
1.69582463201354e-05
1.69417555843497e-05
1.727067993576e-05
1.70148966739039e-05
1.72467184637634e-05
1.64015169755541e-05
1.66902363562932e-05
1.90534381311739e-05
1.79327388116606e-05
1.75568291363188e-05
1.77503058837119e-05
1.66846251216363e-05
1.74230084128748e-05
1.69117021509222e-05
1.76360982103524e-05
1.70683428301009e-05
1.76777297740283e-05
2.34343511918585e-05
1.74111950476799e-05
1.72240824079393e-05
1.63868705278904e-05
1.73349167197318e-05
2.04219005831981e-05
1.71452823842319e-05
1.68997346570056e-05
1.61308908092727e-05
1.68988969353545e-05
1.60633728531232e-05
1.71960856135277e-05
2.03946887997767e-05
1.69673454617919e-05
1.67396290395177e-05
2.1438402675954e-05
1.57801923888099e-05
1.66858711607989e-05
1.62456308796437e-05
2.37490034275781e-05
1.62821398162288e-05
1.73891846817713e-05
1.6229325302552e-05
1.74051074677903e-05
1.720122052849e-05
1.66889041367493e-05
1.70870313136768e-05
1.67150163592292e-05
1.69021373027621e-05
1.76463454861397e-05
1.70330991803798e-05
1.72847955582214e-05
1.70663278028066e-05
1.7285887326959e-05
1.67273307439861e-05
1.64126708462772e-05
1.70345896225536e-05
1.68650888051595e-05
1.70897614001156e-05
1.75265252461835e-05
1.86905084540325e-05
2.35014873225807e-05
2.19001686998649e-05
1.69931829239674e-05
1.61322873642337e-05
1.76184854394844e-05
1.67626055859612e-05
1.72335783171244e-05
1.70674327786774e-05
1.62548604504732e-05
1.73423034834917e-05
1.74987000008259e-05
1.63830917703893e-05
1.69135412644569e-05
1.69024819674836e-05
1.78550248023159e-05
2.28411907954202e-05
1.70653153908861e-05
1.79998612676782e-05
1.73776017070553e-05
1.75757671627037e-05
1.72299822679615e-05
2.26496797911752e-05
1.69672103238081e-05
1.62013601365412e-05
1.71877618991316e-05
1.8719488394899e-05
1.80856475814255e-05
1.66560063297356e-05
1.62960000988351e-05
1.67948755123395e-05
2.39871063960861e-05
1.65002091471017e-05
1.71168623036548e-05
1.67438822908237e-05
1.70691812660616e-05
1.72467988110016e-05
1.71863536638494e-05
1.68217153335216e-05
1.63030405307345e-05
1.88967175745474e-05
1.63129682305828e-05
1.61895013179283e-05
1.74348040636027e-05
1.65624898140865e-05
1.84252528867826e-05
1.60433132022342e-05
2.32289624908789e-05
2.45857051923503e-05
1.90146890816256e-05
1.77456164735539e-05
1.81518060373896e-05
1.79020649193743e-05
1.63408579584346e-05
1.77637143416812e-05
1.67662586555939e-05
1.63321804506357e-05
1.74376260222174e-05
2.21016544659099e-05
1.71304740336312e-05
1.70021840257483e-05
1.81658800200559e-05
1.84691065310196e-05
2.00936361820482e-05
1.67699703861418e-05
1.68846987333706e-05
1.73855970309776e-05
1.58685595184811e-05
1.75085684884217e-05
1.71201637916062e-05
1.57173537761306e-05
1.75399658116194e-05
1.707738122606e-05
1.7339128450988e-05
2.37492335021373e-05
1.77925304486389e-05
1.75907090451109e-05
1.81154528594094e-05
1.63218418303994e-05
1.84421254715049e-05
1.77385880297083e-05
2.42758122402066e-05
1.75709206117208e-05
1.70907236037548e-05
1.61518902675216e-05
1.66310019504305e-05
1.66596527241562e-05
1.70705871341649e-05
1.72342930341849e-05
1.92185771717203e-05
1.74029662580342e-05
1.71035334060628e-05
1.67723482803152e-05
1.70188100110358e-05
1.5666483687006e-05
1.67573128741276e-05
1.74515556020777e-05
1.77361163143742e-05
1.68544869381811e-05
1.82041064902977e-05
1.67302150203798e-05
1.73879336810527e-05
1.67388429857445e-05
1.70390343191292e-05
1.6316171705286e-05
1.67646501704773e-05
1.64191137473306e-05
1.74034002428065e-05
1.81108074005373e-05
1.5638801610839e-05
1.73081097249022e-05
2.52678437503987e-05
1.66114145251707e-05
1.81395738419202e-05
1.92476211112244e-05
1.80558568063548e-05
1.66444288279917e-05
1.72023792306605e-05
1.74408445263851e-05
1.75657151464422e-05
1.80796221275499e-05
1.76023483763043e-05
1.66034924400297e-05
1.67065953647698e-05
1.95147743332753e-05
1.66647577070629e-05
1.79484502133113e-05
1.79845274130404e-05
1.88473913169201e-05
1.74428633194315e-05
1.63401816301205e-05
1.68551955738509e-05
1.66815942229856e-05
1.69906170659969e-05
1.71501695676588e-05
1.68805910227356e-05
1.69171283006352e-05
1.79968086553743e-05
1.62978721910723e-05
1.69557513066399e-05
1.64394601733501e-05
1.69353852393199e-05
1.7134191973438e-05
1.65156694365088e-05
1.73632368750403e-05
1.5995743375325e-05
1.75279163266229e-05
1.73131436881669e-05
1.61650182585827e-05
1.77642629825973e-05
1.68268888683627e-05
2.07090981330563e-05
1.77213790932931e-05
1.73753653810656e-05
2.31027305801405e-05
1.79431656212663e-05
2.36160738120882e-05
1.64260149741475e-05
1.61081342842108e-05
1.6709224147994e-05
1.79058620318669e-05
1.72003210600928e-05
1.6635330081419e-05
1.68096162782226e-05
1.68687140719362e-05
1.6346661224231e-05
1.63166726714274e-05
1.6866010329231e-05
1.58139359608409e-05
1.66019109596266e-05
1.63837316454817e-05
1.70563665935517e-05
1.59293047044462e-05
1.59074314123977e-05
1.61033909132765e-05
1.73109352056668e-05
1.59565726783189e-05
1.72000732683054e-05
1.56849466087854e-05
1.77600506936702e-05
1.66536248005935e-05
1.64789670527746e-05
1.63326058339915e-05
2.40780687452977e-05
2.30159899701209e-05
1.91105551450766e-05
1.75745174368426e-05
1.70024104570412e-05
1.61227745132787e-05
1.70863349496004e-05
1.67281311815124e-05
1.69393304428532e-05
1.70871084710583e-05
1.61605151410583e-05
1.6780281497588e-05
1.73891312126854e-05
1.67026175389017e-05
1.67497805404099e-05
1.762749359108e-05
1.65901386343057e-05
2.21656523325973e-05
1.70222206298025e-05
1.63304934069914e-05
1.69355497089511e-05
1.5716456799155e-05
1.64961778317472e-05
1.79165986357571e-05
1.71066725558483e-05
1.66582696510822e-05
1.63687191272099e-05
1.71853742453585e-05
1.74089248489394e-05
1.71277800957961e-05
1.73380920772031e-05
1.70426255346524e-05
1.67757697778897e-05
1.66947794345235e-05
1.7098910349236e-05
1.88416143615455e-05
1.74734473106432e-05
1.64369504754459e-05
2.09595792950902e-05
1.81285069151877e-05
1.69134814023442e-05
1.70744086800073e-05
1.83767314696046e-05
2.28123041677436e-05
1.68795880321423e-05
1.6457410969535e-05
1.88413911542205e-05
1.78918880225902e-05
1.74508841077415e-05
1.77897048699634e-05
1.77849803230607e-05
2.38012668661661e-05
1.65909755860927e-05
1.6963137813665e-05
1.7369677445134e-05
1.69685556469989e-05
1.64560905832945e-05
1.68459374019725e-05
1.66335784479137e-05
1.73023643946544e-05
1.66104922356293e-05
1.62832622263184e-05
1.73818804116001e-05
1.9022040266232e-05
1.74317110657942e-05
1.72273655419395e-05
1.85852879206948e-05
1.66080103176271e-05
1.84407770079213e-05
1.72664711311996e-05
1.67016614894832e-05
1.66427235365681e-05
1.73069803407919e-05
1.62611229927309e-05
1.68936671911939e-05
1.67732913556219e-05
1.80143728316234e-05
1.61765815668005e-05
1.66331289364752e-05
1.95873482680302e-05
1.72413080459721e-05
1.67399081376788e-05
1.57564508745383e-05
1.71794446585061e-05
1.69552739409835e-05
1.66664708682037e-05
1.73823733828299e-05
1.80682954427418e-05
1.76306585664484e-05
1.71912082102155e-05
1.74687671440852e-05
1.66102861545137e-05
1.70710242545098e-05
1.66585699106398e-05
1.68259974891074e-05
1.70201128653384e-05
1.77185045579144e-05
1.66614672435604e-05
1.67249911471309e-05
1.67993825717696e-05
1.60806096723732e-05
1.69807171154013e-05
1.70453496349311e-05
1.63481222085495e-05
2.26433380784546e-05
1.72847236689994e-05
2.05236234748806e-05
2.28659181428132e-05
1.6957824677956e-05
1.69171868418676e-05
1.73094784771647e-05
1.89721398637029e-05
1.78424816794358e-05
1.66013276123535e-05
1.64154572232543e-05
1.60816552924036e-05
1.64166450211094e-05
1.65952157590096e-05
1.63433915263866e-05
1.66006625294256e-05
1.65893032484114e-05
1.65199424555278e-05
1.70785226436547e-05
1.67267807118962e-05
1.66058944140232e-05
1.56940456704401e-05
1.72671183403995e-05
2.35665542270689e-05
1.70054346733224e-05
1.69648165621276e-05
1.63492734967153e-05
2.28510076872766e-05
1.78478702932929e-05
1.63540793583207e-05
1.70852657204279e-05
1.85555504967924e-05
1.72379640116589e-05
1.67772674506098e-05
1.68533622229966e-05
1.6606066403487e-05
1.60766581359503e-05
1.72675572216933e-05
2.40444185552169e-05
1.61334409450551e-05
1.7400423399969e-05
1.7557462065298e-05
1.72789303661139e-05
2.35497517554739e-05
1.68822147140448e-05
1.70911036916602e-05
1.68564450549722e-05
2.32805947569583e-05
1.63590374620843e-05
1.64287653527095e-05
1.67021811452209e-05
1.67096502114856e-05
1.67784697909456e-05
1.66115888358061e-05
1.69303941454656e-05
1.7238810802568e-05
1.67451948110741e-05
1.79295543954883e-05
1.69775214379076e-05
1.67544109286203e-05
2.31695505075823e-05
1.80460608513917e-05
1.71893829108279e-05
1.60503854001363e-05
1.77000966263386e-05
2.31755528492032e-05
1.67898999287631e-05
1.99326758836554e-05
2.38741392023153e-05
1.71808992264125e-05
1.65545760266233e-05
1.7402810094142e-05
1.7207132009317e-05
1.75871198883125e-05
2.40542294374151e-05
1.75879848461938e-05
1.6620820478949e-05
1.90161641074132e-05
1.77806489576218e-05
2.24955762038873e-05
1.67333127044327e-05
1.65574283642206e-05
1.63441756774516e-05
1.69042653373661e-05
1.63577271407684e-05
1.67526695370526e-05
1.73764760799839e-05
1.56903132145239e-05
1.61169029440087e-05
1.63094359222711e-05
1.98981479562442e-05
1.69422255597254e-05
1.65027425959856e-05
1.71754236813193e-05
1.60269506705109e-05
2.04508865734996e-05
2.34593995286567e-05
1.70706673528025e-05
1.72286977495801e-05
1.75528552329042e-05
1.63270334592648e-05
2.34878832414393e-05
1.72092103525924e-05
1.66116999608756e-05
1.69048043963923e-05
1.76512808803155e-05
1.73403417033849e-05
1.65263172104057e-05
1.72030056645604e-05
1.59895204929418e-05
2.31875472893662e-05
1.72943261853281e-05
1.6835481988886e-05
1.64947824519582e-05
1.68668593591951e-05
1.67272318026586e-05
1.63194230675863e-05
1.73034108143821e-05
2.30580334362613e-05
1.73006979290763e-05
1.64916002443429e-05
1.61927533802248e-05
1.78399623602769e-05
1.62134760149211e-05
1.70768722485703e-05
1.62501775070263e-05
1.7311419582178e-05
1.71533699230007e-05
1.78506379266594e-05
1.64782912198088e-05
1.63929920473895e-05
1.6361533535989e-05
1.99214887728779e-05
1.92312047155135e-05
1.60542209444216e-05
1.60915461968612e-05
1.7826316007219e-05
1.70247157213974e-05
1.69390681332522e-05
1.75624629403034e-05
1.97048690036272e-05
1.67918327524233e-05
1.67285254213988e-05
1.69181085004721e-05
1.6393960667289e-05
1.82053036875862e-05
1.72732830995578e-05
1.8506536020706e-05
1.74801885386021e-05
1.68936284238457e-05
1.75217670744633e-05
1.67166519756441e-05
1.71406664240287e-05
1.69024809754098e-05
1.70350306724941e-05
1.67763063905445e-05
2.31067534098386e-05
1.69300690130433e-05
1.6492703050171e-05
1.67554525723798e-05
1.70799612513546e-05
1.70268859176154e-05
1.68291790099429e-05
1.74428325703322e-05
1.64935639304402e-05
1.80506662834467e-05
2.33953476183609e-05
1.69723488977658e-05
1.71907404172873e-05
1.6238870333845e-05
1.77015686129202e-05
1.77441124320775e-05
1.74189552384602e-05
1.77501943141562e-05
1.69972287979859e-05
1.73235896311576e-05
1.60462613720164e-05
1.65405605629081e-05
1.7410422196601e-05
1.78001447486151e-05
1.67413933235634e-05
1.80000349439238e-05
2.0211093868113e-05
1.77554494666372e-05
1.65578059045556e-05
1.66588497068821e-05
1.79037319212045e-05
1.70156316752158e-05
1.69952298154664e-05
1.64620930835321e-05
1.71256525670654e-05
1.76338702122531e-05
1.77697226870884e-05
1.68245039474816e-05
1.70479870779821e-05
1.9908160870434e-05
1.66605059174166e-05
1.70922000667051e-05
1.64779196560198e-05
1.74268381592065e-05
1.69144011625044e-05
1.89975656565612e-05
1.61212367656627e-05
1.73200188394731e-05
1.72129532985456e-05
1.62216401678509e-05
1.64874225501927e-05
1.73735090745165e-05
1.67408394925866e-05
1.63264123759675e-05
1.72473389173462e-05
1.77327237032419e-05
2.312745033103e-05
1.7527097885877e-05
1.66472897330827e-05
1.7172044998963e-05
1.6656903527518e-05
1.81621226373183e-05
1.98149676908642e-05
1.88964459557886e-05
1.65907980788694e-05
1.73670737022578e-05
1.7070403781961e-05
1.79131289252725e-05
1.71575948228746e-05
1.80789292577541e-05
1.63901904558312e-05
1.70068414876773e-05
1.7136991238972e-05
1.8151642402097e-05
1.57364937517309e-05
1.63871076292071e-05
1.75026792290721e-05
1.59620102410212e-05
1.69895274941893e-05
1.69501139126195e-05
1.70209031465367e-05
1.79697593214512e-05
1.74589857795785e-05
1.61794182339018e-05
1.69972072558308e-05
1.92534451951393e-05
1.81104765147071e-05
1.76591219688781e-05
1.71125305821276e-05
1.75443399405976e-05
1.77103688737145e-05
1.70581029011837e-05
2.30713375364829e-05
1.68222443642221e-05
1.65505358860377e-05
1.66249861319681e-05
1.7099454194019e-05
1.65376480379065e-05
1.68704306038342e-05
1.65732038642411e-05
1.67564375278732e-05
1.77545650181093e-05
1.66971188945894e-05
1.6607113805658e-05
2.37646203024923e-05
1.76900675335356e-05
1.6048077071283e-05
2.31604000319117e-05
1.72061643511874e-05
2.02256859759598e-05
1.6199492108935e-05
1.63167839622704e-05
1.69401809449487e-05
1.74976319789303e-05
1.7650988078414e-05
1.66621192665278e-05
1.71068112663238e-05
1.74046687621763e-05
2.44397109564203e-05
1.59985417312052e-05
2.37072794605495e-05
1.63782195277544e-05
2.46946522588026e-05
1.73188155330649e-05
2.0301819605277e-05
1.7879440334839e-05
1.66912592286489e-05
1.75691276224687e-05
1.61105588038578e-05
1.78479919273228e-05
1.78478358788776e-05
1.68965413807617e-05
1.63494317367149e-05
1.67911326624004e-05
1.67830450954046e-05
1.83948395992046e-05
2.30180926484752e-05
1.68388224399087e-05
1.69852661352526e-05
2.37077494055713e-05
1.60041642882855e-05
2.33944524808053e-05
1.72226751273609e-05
1.7445832036708e-05
1.83748295612861e-05
1.66549438265242e-05
1.69285041639091e-05
1.66430531738474e-05
1.70138602383024e-05
1.67835373730763e-05
1.68871027863514e-05
1.63740555296507e-05
1.64490100008149e-05
1.63109822695685e-05
1.64769688501696e-05
1.73177265376856e-05
1.72633539582046e-05
1.59319253650266e-05
1.62482978696159e-05
1.73454294839254e-05
1.6442587181453e-05
1.6317289950072e-05
1.82182060419763e-05
1.66535367688633e-05
1.73097062886078e-05
1.62895247985564e-05
1.73310097784449e-05
