6.24113840388471e-08
6.37265372453482e-08
6.64816722649986e-08
6.16810317261242e-08
6.32764819955325e-08
6.31474084793795e-08
6.47756935181992e-08
6.52241119275068e-08
6.33647899026467e-08
6.4679284496943e-08
6.29395828471569e-08
6.77928868159991e-08
6.49184250222805e-08
6.84843833270319e-08
6.4817050332294e-08
6.23835194012662e-08
6.36949393566668e-08
6.14657296648545e-08
6.48219582444515e-08
6.6330743521104e-08
6.28948749989723e-08
6.38373182185013e-08
6.35648986179946e-08
6.82695402652468e-08
6.2182765641352e-08
6.35825508452257e-08
8.66409258126886e-08
6.39975163375753e-08
6.27503302522126e-08
6.68340635712481e-08
6.24619254327811e-08
6.42875450758961e-08
6.42152152006631e-08
6.54679134760776e-08
6.19083226003735e-08
6.32006618791619e-08
6.66537394192955e-08
7.50975275127302e-08
6.35484184337939e-08
7.34908284658763e-08
6.23855854940981e-08
6.31135879477739e-08
6.43881860374772e-08
6.17681117515086e-08
6.1572660706418e-08
6.21261833152984e-08
6.26233056842689e-08
6.16302756700591e-08
6.51372410187225e-08
6.61576199803783e-08
6.90109309339112e-08
9.57675716225126e-08
6.3429923509422e-08
6.45612694982769e-08
7.527371085961e-08
6.5129933143213e-08
6.64429980748679e-08
6.3354775865359e-08
6.56556387982806e-08
6.42801239799951e-08
6.69219244475954e-08
6.61677625791274e-08
7.32279755533416e-08
6.29625572899514e-08
6.53073031671266e-08
6.48594886032169e-08
6.3352990865862e-08
6.65214048072828e-08
7.48507431829082e-08
6.38597147112475e-08
6.72724295785752e-08
8.79468238648142e-08
6.52900631596368e-08
6.49662752352141e-08
7.4202090709111e-08
6.48461590362327e-08
6.3801661929603e-08
6.32108439514362e-08
6.1107667403146e-08
9.15467246730987e-08
6.56724804732025e-08
6.54806746131515e-08
8.96689487201148e-08
7.45788552111571e-08
6.52573472047615e-08
6.11091153550607e-08
6.37062533098163e-08
6.49592136157672e-08
6.45021969531397e-08
6.53241294926314e-08
6.20743483913999e-08
7.11364518118491e-08
6.51679375589261e-08
6.42471393834383e-08
6.35793815016196e-08
6.23430562911902e-08
6.67259780511127e-08
7.3341668003395e-08
6.5216494083783e-08
6.33026331573339e-08
6.72409248703135e-08
6.15132212004219e-08
8.93891992788291e-08
6.24374645920594e-08
6.45015378832889e-08
6.24578878668651e-08
6.10223122163076e-08
6.6308650969089e-08
6.30757516107794e-08
6.74374265062696e-08
8.8547076716573e-08
6.14376484503256e-08
6.26972936008283e-08
6.63323780627856e-08
6.5192151069731e-08
7.69072945684896e-08
6.79239608495274e-08
6.64946828891706e-08
6.24935736611603e-08
6.29462676444518e-08
6.42703832981666e-08
6.64206483579373e-08
6.36058678337346e-08
9.44942139695102e-08
7.01173601089394e-08
6.30946905042406e-08
6.50246428921921e-08
6.61803272624993e-08
6.36287784473503e-08
6.28411735964587e-08
6.14506232853496e-08
6.41492693100633e-08
6.38073081065335e-08
6.76847276602722e-08
6.47756282964749e-08
6.53021654805535e-08
6.2824203556849e-08
6.47575561118288e-08
6.32961838526413e-08
6.26097306188179e-08
6.44527157480643e-08
6.23962752668725e-08
6.56264590697683e-08
6.35114004613443e-08
7.33452543438881e-08
6.61856268929372e-08
6.15541327882399e-08
6.34664939341915e-08
6.62042318574214e-08
6.33044356544054e-08
6.34977185786503e-08
6.43882742801796e-08
8.89322653707768e-08
6.31587050487671e-08
8.49229620587854e-08
6.22225592331884e-08
6.21661097009828e-08
8.75847788083996e-08
6.43853330335464e-08
6.53985599682678e-08
6.30247613048036e-08
6.52576940516002e-08
6.32961579828594e-08
6.58825141431026e-08
6.15288106165954e-08
6.23053894814119e-08
6.44955767692605e-08
7.42307977501069e-08
6.65156303138251e-08
6.36122546846042e-08
6.4665880414235e-08
7.69933693359388e-08
6.43661108128394e-08
7.2606625509349e-08
6.33100953196406e-08
6.54455449596669e-08
6.50297766809777e-08
6.46214108090912e-08
6.64149384845946e-08
6.26848773183975e-08
6.13387810025634e-08
6.5189944772176e-08
8.76076933146136e-08
6.37987995017218e-08
6.60401709515025e-08
6.19203166718717e-08
6.19121065830662e-08
6.32741620629899e-08
6.59418173573593e-08
6.92838382841445e-08
6.32749770239173e-08
6.81221792600084e-08
7.28321888158995e-08
6.58420515618206e-08
6.16427198987867e-08
6.44462315588158e-08
6.30199544654361e-08
6.42477788014638e-08
6.36517328890592e-08
6.54652646049594e-08
6.24411913670543e-08
6.24747178321626e-08
8.87251878163667e-08
6.30597775068787e-08
8.84080396691085e-08
6.31644477893565e-08
6.41249731035913e-08
6.3858535119218e-08
6.39659077964493e-08
6.19261243026016e-08
6.59739329776109e-08
6.50797416172737e-08
6.6330002197994e-08
6.55915211857529e-08
6.5019943883396e-08
7.40282408858141e-08
6.264414637335e-08
6.25759255418311e-08
6.14120817231504e-08
6.33006790107555e-08
6.36517590600192e-08
6.78414820231047e-08
6.23807364158904e-08
6.54699823901108e-08
6.51985633057498e-08
6.27699860085798e-08
6.32428516112937e-08
6.30571151924085e-08
6.32748027992154e-08
6.56033731052349e-08
6.30206723989057e-08
6.35257438717226e-08
6.67193650747105e-08
6.72933202318008e-08
6.111102167632e-08
6.47883663866123e-08
6.48664770693901e-08
6.60276626493399e-08
6.59886673725477e-08
6.39752446452192e-08
8.72763950207719e-08
8.84594887448355e-08
6.40159162201438e-08
6.27029686356899e-08
6.23416519816109e-08
6.78359245061952e-08
6.58995568617357e-08
6.5188963017067e-08
6.38192993378531e-08
8.75775467580439e-08
6.46839915817472e-08
6.72306867196604e-08
6.21574080247048e-08
5.93762904863818e-08
6.38660353196256e-08
7.5432494353782e-08
6.54987451458955e-08
6.33256297803011e-08
6.44978570190241e-08
6.31896709709407e-08
6.57035953934778e-08
9.00156118201001e-08
6.67312881264603e-08
6.52748116124026e-08
9.34423371162374e-08
6.25207592437913e-08
6.29955513475113e-08
6.23956610994704e-08
7.38594089588997e-08
8.57667881366221e-08
6.62462911927513e-08
6.25582476024221e-08
6.36062477201041e-08
6.19337096962186e-08
6.34265899876613e-08
7.50240106675998e-08
6.70470901854501e-08
6.41792525282365e-08
6.09499458704106e-08
6.15078214347575e-08
6.48448854073614e-08
6.606763390306e-08
6.51071084166268e-08
6.29033254914993e-08
6.17220192684166e-08
6.31931659129504e-08
6.27104023405034e-08
7.22291466954977e-08
6.38198685009616e-08
6.23299183843651e-08
6.98829824680079e-08
6.80650727095657e-08
6.67953905445912e-08
6.87138835511433e-08
6.41087472158818e-08
6.50201757948534e-08
6.7671592896142e-08
7.26591932559609e-08
6.80712524636698e-08
7.41670055526425e-08
6.50893316326294e-08
6.63297121455114e-08
6.38028991557287e-08
6.77636870213891e-08
6.3490037180915e-08
6.58288127796672e-08
8.6133250711168e-08
6.5016550455222e-08
6.2196915966415e-08
6.33360785339136e-08
6.48393344427772e-08
7.37287069133978e-08
6.29131283775373e-08
6.38049780986953e-08
6.49939094917888e-08
6.49974824838836e-08
6.07940452679598e-08
6.23167920488781e-08
6.27496829940666e-08
6.55301426246655e-08
6.50577714429974e-08
6.31690275474213e-08
6.35220684198537e-08
6.67987858570046e-08
6.55425218426429e-08
6.58784202742088e-08
6.53172122439823e-08
6.54930955498863e-08
6.4239723837969e-08
9.01097426871894e-08
6.44171729549713e-08
6.3398662688775e-08
6.75562235098917e-08
6.47783069445016e-08
6.38441419948032e-08
6.5722117230056e-08
6.52786809856365e-08
6.29545928679593e-08
6.3047910179387e-08
6.40750115641556e-08
7.60678869417665e-08
6.73638376718097e-08
6.37636512340534e-08
6.60654368443851e-08
6.36043440029928e-08
6.63090640692993e-08
6.4340893762309e-08
6.40626643674523e-08
6.51239771470219e-08
6.41932383208673e-08
8.96584192360099e-08
6.39964088215524e-08
6.50396217828725e-08
6.36742543259308e-08
6.46829374458893e-08
7.91300736434509e-08
6.47173807017944e-08
6.38051289746158e-08
6.29346435488778e-08
6.6023892220777e-08
6.23503694711608e-08
6.80457261403005e-08
7.83928694946935e-08
6.48638180913677e-08
6.29708833329283e-08
7.80344023001241e-08
6.41636736353246e-08
6.28723125421754e-08
6.41032513169767e-08
9.12548136853364e-08
6.2543331606867e-08
6.28050529236365e-08
6.40987942502546e-08
6.44611314323326e-08
6.28147995221257e-08
6.24311455107903e-08
6.4066465781494e-08
6.09708336831018e-08
6.52297589497858e-08
6.65752662545457e-08
6.12953860622382e-08
6.76759034253938e-08
6.55015203732965e-08
6.3806208230873e-08
6.25827826372004e-08
6.28313089477702e-08
6.56303434229957e-08
6.50000066569484e-08
6.26651342527472e-08
6.32352356805359e-08
6.36156960177343e-08
9.05592294790195e-08
9.05793146821334e-08
6.35051070798277e-08
6.24937910758745e-08
6.34780345955409e-08
6.32548808124683e-08
6.52451154168349e-08
6.31907998533512e-08
6.42788891993646e-08
6.15948215628446e-08
6.53963889826317e-08
6.08130434089848e-08
6.6574670302658e-08
6.15401695138734e-08
6.4212581105812e-08
8.87952204009009e-08
6.28218253680293e-08
6.84914657970084e-08
6.52284385582869e-08
6.68081728893763e-08
6.40679650901291e-08
8.68039874571814e-08
6.47034605879821e-08
6.34255966702378e-08
6.48543783725474e-08
7.09679429850962e-08
6.53568899662913e-08
6.20210583661824e-08
6.21901868713674e-08
6.20965564229234e-08
8.82089926760286e-08
6.63515630246974e-08
6.38280123628971e-08
6.37899886908172e-08
6.27854799073699e-08
6.25009638252602e-08
6.55068254188841e-08
6.25950349066394e-08
6.33836952773516e-08
7.16708076899021e-08
6.35085334018062e-08
6.22687302843486e-08
6.31473874173248e-08
6.30464467515932e-08
6.61814054299097e-08
6.25601757483425e-08
8.56233512428486e-08
9.03765070715183e-08
7.24909498391787e-08
6.32210158716929e-08
6.56929280302113e-08
6.70604069056115e-08
6.24782606224931e-08
6.47910118425082e-08
6.31319910721651e-08
6.44703507133755e-08
6.50659474200585e-08
8.59709036792756e-08
6.26482822370776e-08
6.49014326415419e-08
6.86668633712337e-08
6.82107561467236e-08
7.75193068376033e-08
6.29993778024918e-08
6.3676610513238e-08
6.74959008159179e-08
6.24402316220476e-08
6.28972855100281e-08
6.28163443082729e-08
5.96392393389274e-08
6.41695432202233e-08
6.4896836334e-08
6.37695036313547e-08
8.7688834322112e-08
6.56301922786638e-08
6.7227690347964e-08
6.82185379108417e-08
6.21796167330997e-08
7.37181261051033e-08
6.56520409242335e-08
8.9496195036283e-08
6.38586539401977e-08
6.33074104644319e-08
6.15237923141858e-08
6.15238748921826e-08
6.42284837407859e-08
6.34917418977699e-08
6.32538633231403e-08
7.55679291484845e-08
6.63156772703624e-08
6.41390285329365e-08
6.31598733480817e-08
6.43862364081555e-08
6.09907892918766e-08
6.46306147379595e-08
6.42504858862355e-08
6.99863604577542e-08
6.66993921807054e-08
6.73242709441495e-08
6.40482798518334e-08
6.42584475414261e-08
6.14750853382878e-08
6.43577601645587e-08
6.27440956597465e-08
6.39236732508071e-08
6.3332674691216e-08
6.82857990807603e-08
6.64651362800158e-08
6.16439239824265e-08
6.55352490613318e-08
9.99377537823483e-08
6.43387442990211e-08
6.39430752195833e-08
7.54761523114584e-08
6.78251493322138e-08
6.32977925943332e-08
6.47242957418913e-08
6.52717739014261e-08
6.49288039395587e-08
6.93937605140294e-08
6.93087774529566e-08
6.15745470566888e-08
6.25031364475214e-08
7.34940496327352e-08
6.30084088791611e-08
6.57838652799834e-08
6.85240299825463e-08
7.37657465628797e-08
6.39470492493321e-08
6.34131913347762e-08
6.49146758987271e-08
6.20836407978279e-08
6.26903272163185e-08
6.5186447867556e-08
6.46469823161898e-08
6.42286952576493e-08
6.70416824651685e-08
6.29329577753929e-08
6.3562601059111e-08
6.30058683662737e-08
6.29249545256158e-08
6.56907626858696e-08
6.4349152144256e-08
6.66338823932822e-08
6.33161748725648e-08
6.97117716999479e-08
6.47643600778384e-08
6.20417803398591e-08
6.75584270317101e-08
6.33547725763486e-08
7.364815153369e-08
6.39116981009344e-08
6.68791882696003e-08
8.84081871242478e-08
6.65955456868285e-08
8.86937525266246e-08
6.27951624758999e-08
6.2462811568523e-08
6.16789963993674e-08
6.68298801257677e-08
6.30153172746681e-08
6.23364123446408e-08
6.41532235186132e-08
6.41497657781495e-08
6.24427848347805e-08
6.28411041963521e-08
6.38642709555763e-08
6.25738893564343e-08
6.33384716984864e-08
6.20103302644584e-08
6.34397041978065e-08
6.15716678458574e-08
6.25392844946207e-08
6.41916880204169e-08
6.54876339149247e-08
6.41102261336612e-08
6.67144508802071e-08
6.23363853236632e-08
6.38030317489598e-08
6.37761554638855e-08
6.29344181674446e-08
6.30797748356859e-08
8.72359521512945e-08
9.06867225915554e-08
7.54614488526314e-08
6.57946049024707e-08
6.49855939484174e-08
6.33411219240527e-08
6.61591890181268e-08
6.48622790821342e-08
6.36400733532778e-08
6.44968862436183e-08
6.30379188456152e-08
6.2672982451643e-08
6.30450639744977e-08
6.31616240165588e-08
6.25996240686208e-08
6.6996173934506e-08
6.29356396448872e-08
9.0150835871788e-08
6.53113521772502e-08
6.23324806729938e-08
6.39652523512671e-08
6.22082512909227e-08
6.44878877218033e-08
6.6734865514789e-08
6.09900599390739e-08
6.48205966886398e-08
6.30316045652148e-08
6.31757742048069e-08
6.9058159992268e-08
6.42493759234021e-08
6.51623145639734e-08
6.55342094514778e-08
6.25842958262108e-08
6.26196837281524e-08
6.26382308671869e-08
7.27121387317068e-08
6.49816016426243e-08
6.37714114299605e-08
7.57793252297888e-08
6.54259299031618e-08
6.31000537271153e-08
6.40246946439536e-08
7.03062958647289e-08
8.95514736912793e-08
6.31977508491389e-08
6.4019919062405e-08
7.54077438716704e-08
6.52777448453926e-08
6.30723066659962e-08
6.96252251460002e-08
6.92405273611311e-08
8.78708661296512e-08
6.36318110432633e-08
6.54581163508699e-08
6.61728869499769e-08
6.32170864826524e-08
6.41565023896106e-08
6.47240966158166e-08
6.54207320458778e-08
6.41803080977343e-08
6.34463842732212e-08
6.37367551228957e-08
6.55993340195097e-08
7.49054409931222e-08
6.71343041289881e-08
6.61909231262831e-08
7.43509164308438e-08
6.24725707976052e-08
6.8398476016587e-08
6.6032077753084e-08
6.35898489295063e-08
6.43952839655302e-08
6.4676836555765e-08
6.3742875204843e-08
6.42579688729868e-08
6.22684358511993e-08
6.46126132231639e-08
6.40512542748847e-08
6.41483342256769e-08
7.2933807602984e-08
6.40935144657044e-08
6.5909238109338e-08
6.26104395869222e-08
6.61822082206689e-08
6.61582666806818e-08
6.11696010791432e-08
6.71402783703848e-08
6.92675203816272e-08
6.44314861447827e-08
6.39590988421343e-08
6.46955062992704e-08
6.26928637432144e-08
6.35606712047968e-08
6.22652287968182e-08
6.2825375913454e-08
6.32935478335256e-08
6.6335135305234e-08
6.40971494280555e-08
6.16397042363689e-08
6.2590742815657e-08
6.24113559901227e-08
6.30990695763333e-08
6.43466420825299e-08
6.39061880264724e-08
9.07399849579302e-08
6.63410852552591e-08
7.43350836484613e-08
8.98494365824723e-08
6.33112338737579e-08
6.41585215556975e-08
6.5660182459615e-08
7.4404459162066e-08
6.79592317861275e-08
6.20205157584453e-08
6.09250050026139e-08
6.39861312888511e-08
6.13076632270509e-08
6.30299888525235e-08
6.27817003284499e-08
6.51410649921914e-08
6.56305540571155e-08
6.15476628982795e-08
6.32010681383829e-08
6.37029716923739e-08
6.25359555910152e-08
6.07890038441226e-08
6.24694887146567e-08
9.03139470938898e-08
6.60371064950907e-08
6.59560113959295e-08
6.42221105843017e-08
8.58285805025184e-08
6.56710311217735e-08
6.29230934754511e-08
6.38135630281618e-08
6.93425620477601e-08
6.86682522281437e-08
6.42474244662001e-08
6.75899738095106e-08
6.4214841007593e-08
6.21874193697967e-08
6.32107071607751e-08
9.13107943572711e-08
6.17336111665826e-08
6.41327207780451e-08
6.3975042233002e-08
6.62642421482014e-08
9.03160303824957e-08
6.33707034780264e-08
6.54772640947774e-08
6.46612677378164e-08
8.68749970274929e-08
6.06821199059783e-08
6.18822666009296e-08
6.35229509209164e-08
6.29210759408529e-08
6.22500415233059e-08
6.59437247042129e-08
6.15225184086657e-08
6.46057268343746e-08
6.01410921107495e-08
6.80073886399789e-08
6.32830785889601e-08
6.17208112454103e-08
8.77951524721107e-08
6.79060204858193e-08
6.56172755035858e-08
6.2660620147112e-08
6.66718138448516e-08
8.90109571204781e-08
6.41009949321585e-08
7.30491378332435e-08
8.89829226101637e-08
6.30403450597593e-08
6.39997037412928e-08
6.33519809828896e-08
6.54845285528985e-08
6.70019747190125e-08
8.8181192310383e-08
6.73969327360384e-08
6.34168100127488e-08
7.54559181105916e-08
6.68211815615569e-08
8.75808706305159e-08
6.43815556437451e-08
6.41973317203535e-08
6.21486934648496e-08
6.27041002141698e-08
6.56710573464707e-08
6.51856372099983e-08
6.45496818254169e-08
6.27796787256279e-08
6.51753883519698e-08
6.20398872625489e-08
7.50628418774581e-08
6.40678053967924e-08
6.41356604826e-08
6.46122482331491e-08
6.32560526967375e-08
7.21723979059392e-08
8.60466423990968e-08
6.66800115631818e-08
6.36132811475731e-08
6.45832360396453e-08
6.29383841148925e-08
8.88776999197177e-08
6.28948993549713e-08
6.20392059220291e-08
6.34996831627804e-08
6.2668689098189e-08
6.46328983255915e-08
6.33524475076846e-08
6.52420563866513e-08
6.22791807033265e-08
8.76418392861728e-08
6.44040453251997e-08
6.34021958648873e-08
6.35230654491443e-08
6.14343090582121e-08
6.07760346218726e-08
6.24000320821345e-08
6.12926542098208e-08
8.6139389249109e-08
6.85445571712223e-08
6.33433107747936e-08
6.37093306049075e-08
6.87712458742409e-08
6.30984285412364e-08
6.24056804959921e-08
6.34031860780508e-08
6.37622521211565e-08
6.44421943514676e-08
6.46880929414732e-08
6.15162534501585e-08
6.32987876351229e-08
6.31589205873012e-08
7.39336397890734e-08
7.47548349950376e-08
6.08573054165104e-08
6.37557925201892e-08
6.5470440281536e-08
6.32517463190139e-08
6.38458602604767e-08
6.42318907262261e-08
7.62007914792816e-08
6.40217759684592e-08
6.33398956166582e-08
6.25909441465044e-08
6.33766193392547e-08
6.9487384689792e-08
6.38634936347074e-08
6.94879662567733e-08
6.36285053988903e-08
6.49543200812317e-08
6.27901815181594e-08
6.33551886808095e-08
6.64739538232616e-08
6.46457869957538e-08
6.51953825818926e-08
6.27429281753734e-08
8.75346627701472e-08
6.67789791066191e-08
6.37804008142061e-08
6.20934986648202e-08
6.31798105154838e-08
6.54916591520698e-08
6.50884749586028e-08
6.44623435594598e-08
6.28314173593969e-08
6.77783118027682e-08
9.14400642191119e-08
6.66447388957597e-08
6.42811709362704e-08
6.11865253754271e-08
6.48139748108254e-08
6.39015913568366e-08
6.39916684286872e-08
6.36527361394226e-08
6.32158248063858e-08
6.34019404673527e-08
6.30261195132085e-08
6.25975298891559e-08
6.30525769284068e-08
6.26976162289261e-08
6.3484136963511e-08
6.57777562550917e-08
7.28587605414144e-08
6.70103829304736e-08
6.38364094222775e-08
6.35238633129363e-08
6.82604372962445e-08
6.34659712370759e-08
6.59915685507823e-08
6.24858235597316e-08
6.27643044755214e-08
6.46356490720221e-08
6.66879422317175e-08
6.46133671120639e-08
6.38496101399536e-08
7.49415384567905e-08
6.19165291388913e-08
6.41644159993492e-08
6.14100669390558e-08
6.35000828370645e-08
6.36321824216708e-08
7.43654196823631e-08
6.31626826798498e-08
6.60538349600759e-08
6.36798179279162e-08
6.51686809897338e-08
6.28296247249377e-08
6.78837465086714e-08
6.3120328414057e-08
6.42964708058978e-08
6.63322102924462e-08
6.41391067417141e-08
8.85939520573765e-08
6.39972678981827e-08
6.67280158776115e-08
6.79208257460502e-08
6.49558272803251e-08
6.81468642797928e-08
7.24582701791321e-08
7.47178745778397e-08
6.29533627733052e-08
6.66034885944164e-08
6.53975152143385e-08
6.5057616873326e-08
6.66348232029969e-08
6.63217691751839e-08
6.46465552715953e-08
6.6256831029852e-08
6.64835788231266e-08
6.80119521280757e-08
6.1587047320124e-08
6.09226640836749e-08
6.56465549996619e-08
6.14534573851341e-08
6.57384495731535e-08
6.43749416660863e-08
6.47507617190127e-08
6.39783753819951e-08
6.6028934638164e-08
6.32569337161845e-08
6.30512051374517e-08
7.43656098615008e-08
7.02229242390251e-08
6.79012153788421e-08
6.51898889350508e-08
6.23213052100767e-08
6.41807738192972e-08
6.38002287094893e-08
8.68967371028986e-08
6.36591267025895e-08
6.40086736787409e-08
6.44251080892117e-08
6.50578161816551e-08
6.34719653109086e-08
6.36988962184689e-08
6.24117478467032e-08
6.11253873845426e-08
6.21768702071118e-08
6.18857057691894e-08
6.42528497597135e-08
9.09104221203722e-08
6.85210859977377e-08
6.27291904532882e-08
8.83643925199967e-08
6.45430412007151e-08
7.28449670334333e-08
6.20704758846027e-08
6.32028213425588e-08
6.53685810205202e-08
6.34908410522972e-08
6.74259334028036e-08
6.39338212778777e-08
6.12843948434017e-08
6.5692969557822e-08
9.21692149799009e-08
6.45541464950788e-08
8.73873097846779e-08
6.03881117567055e-08
8.69591355602871e-08
6.49048563403704e-08
7.51690731467054e-08
6.87204531083567e-08
6.36688457333009e-08
6.66964318559512e-08
6.45988489822228e-08
6.55013197231192e-08
6.77648441285371e-08
6.50206138100786e-08
5.91896542066078e-08
6.53120087186717e-08
6.40315891297792e-08
6.80607070327235e-08
8.70412810183321e-08
6.359626477775e-08
6.4223887408711e-08
8.78152077733956e-08
6.22272192432294e-08
8.88547959556132e-08
6.54299238264549e-08
6.478836532511e-08
6.73023581655613e-08
6.53496733930626e-08
6.48886118912427e-08
6.24775757271867e-08
6.41193974127372e-08
6.23732929531754e-08
6.27153191636395e-08
6.43838301203857e-08
6.42587150984988e-08
6.25653210713441e-08
6.22055861414463e-08
6.34190182748347e-08
6.38924648542426e-08
6.16825642386115e-08
6.24086318821918e-08
6.61841964380037e-08
6.19648727300435e-08
6.28028795901717e-08
7.02606265811298e-08
6.28048669011071e-08
6.50714916423574e-08
6.29886292607715e-08
6.3417399683335e-08
