2.03444123551844e-05
2.44841464258804e-05
2.00634583976143e-05
3.96320653100666e-05
5.42221111923626e-05
6.43299773756396e-06
2.123569224385e-05
2.92019788324748e-05
1.80668797360819e-05
7.00521378312395e-06
3.87915017420406e-05
6.74553784115086e-06
4.42325678156781e-05
1.95076663614474e-05
4.07051119520578e-06
1.22504693058401e-05
2.33246040257524e-05
4.23810387051228e-05
4.58022045634398e-05
2.24564294591981e-06
3.1889055056088e-05
3.53362408825907e-05
4.01969601080067e-05
3.52363620334659e-05
4.01417407226975e-05
4.22326093841882e-05
2.35380044776659e-05
1.64829406291608e-05
2.48957466939507e-05
4.60269383521621e-05
1.9903118323982e-05
1.32343886211964e-05
2.13658949106304e-05
2.03721270765061e-05
2.08383775576836e-05
4.48955093769369e-05
3.81919814719251e-05
3.30105925206032e-05
5.32426598696935e-05
2.01882280219214e-05
3.401590820913e-05
2.26544326818907e-05
1.76698169064036e-05
2.71424695550439e-05
5.22617116987618e-05
4.42360540774008e-05
3.52323111390961e-05
2.56146870861684e-05
5.23058547246524e-05
3.72135013089341e-05
2.64729187948531e-05
3.07230892688789e-05
4.12419575302978e-05
3.79457265279019e-05
3.99397609309218e-05
1.68689135993594e-05
4.11824154745299e-05
1.17796259112982e-05
3.85614775426274e-05
3.526351070537e-05
2.02965476505872e-05
2.95844615276359e-05
1.96970588723349e-05
4.17682420066709e-05
1.66919601829883e-05
3.11206318884058e-05
2.99424316902296e-05
5.18342445610439e-05
2.16600908432459e-05
1.69863380169809e-05
1.12687654534513e-05
4.76585901639387e-06
9.996356255692e-06
1.65632604265523e-05
4.42508333378616e-05
4.92673526927734e-05
7.6699537638919e-06
4.13499205795473e-05
3.62700957491655e-05
4.55981741792746e-05
5.65125242440563e-05
7.37972089760167e-06
3.62155521394353e-05
2.62297965650873e-05
3.82503911790039e-05
4.83215180641342e-05
4.61337543185294e-05
4.1692909302232e-05
4.88623812758782e-05
2.33418716697105e-05
2.53392875450478e-05
3.56091343635768e-05
1.09550966616132e-05
7.04203550014791e-06
2.65216641824824e-05
7.00490829516782e-06
1.25494196638795e-05
4.38135246163218e-05
4.01892971559869e-05
1.54225267667977e-05
4.50346366991512e-05
3.94461950686249e-05
1.04992607324349e-05
4.07655200175593e-05
2.70099246469296e-05
1.02838511458318e-05
2.97171060123787e-05
4.029740735446e-05
3.02005113977335e-05
4.31000136955034e-05
4.03402606367895e-05
1.52849722302294e-05
1.47974305952258e-05
4.21039387399856e-05
3.10128865076163e-05
2.03547519128482e-05
1.66853743392895e-05
3.75145641777305e-05
2.08827039287125e-05
4.24229884404812e-05
8.9040280615906e-06
4.90686758395965e-05
3.33873055462987e-05
2.09346293159058e-05
2.78216227508013e-05
4.28810595368918e-05
3.2084309209636e-05
3.00591796423774e-05
3.28792056952579e-05
3.29455061488823e-05
8.91295619341597e-06
5.21362514867438e-05
5.03141958669502e-05
4.83247263485332e-05
3.95658851750143e-05
4.38997906804077e-05
3.98881587956308e-05
3.53655434065963e-05
5.22477899245782e-05
5.64538259625807e-05
3.87341681133022e-05
1.6573523909614e-05
3.90631552163881e-05
3.57302949951328e-05
3.9379750205208e-06
1.62652494468923e-05
2.71138531775791e-05
1.98401943230254e-05
1.22683540042131e-05
1.195635543585e-05
2.63424943032358e-05
1.73484808554644e-05
4.06561969783881e-05
3.76541510294035e-05
5.2927044192099e-05
2.42141359662119e-05
3.42529558037289e-05
1.3668101367905e-05
3.98880878170474e-05
6.26210853272113e-05
4.37183041815319e-05
3.96316136378319e-05
1.69175802951387e-05
6.69849055268845e-06
4.5028560065803e-05
5.45832546024681e-05
2.59368646670039e-05
2.21666654552001e-05
4.65231990937418e-05
4.07469151060834e-05
8.50662606677407e-06
2.17175407339195e-05
1.72040256846419e-05
2.20341660445266e-05
1.42865392298018e-05
3.664512591034e-05
5.10532318311064e-05
5.45929987413214e-05
3.91650761776361e-05
4.09376807118011e-05
4.43059794197429e-05
4.218438697206e-05
4.24471906337349e-05
1.87278323607068e-05
1.98763781493533e-05
3.4412044865122e-05
4.62233226230769e-05
1.54804656866383e-05
3.36296047358689e-05
2.43858866162998e-05
3.82898194553e-05
2.19714786428227e-05
3.3027687917577e-05
3.80093746388714e-05
4.48784454773587e-05
2.86459560577354e-05
1.76901994455386e-05
2.75163591754159e-05
3.45031369308164e-05
2.25875352964129e-05
1.07985842184637e-05
7.76235641138945e-06
1.86462549126827e-05
5.88854983462676e-05
3.67590002935008e-05
5.75693850044254e-05
4.43752804176605e-05
4.80918992672771e-05
4.23739540410204e-05
3.66156848393806e-05
3.92722031367429e-05
1.41276768814535e-05
2.29693001059885e-06
1.64278834125319e-05
4.43765947731575e-05
3.14935475351424e-05
2.94234351249714e-05
2.14217813758114e-05
6.63155141257713e-06
1.71775280402266e-05
4.93717682453598e-05
3.82280688574039e-06
3.84198934617958e-05
4.17082363163604e-05
1.85074036107799e-05
2.82142731203188e-05
2.9282063145112e-05
1.99170199688232e-05
3.08959037441001e-05
7.44719642302785e-06
2.31004061566972e-05
4.21321981937594e-05
2.98966795923881e-05
4.32782295371018e-05
4.70857172945351e-05
5.58889526798867e-05
4.22588295603954e-05
4.46100541915921e-05
1.60560058060999e-05
9.68399278877237e-06
1.96685271398169e-05
2.34337091608449e-05
3.25849972254296e-05
4.24505968851598e-05
3.44833384538079e-05
4.0456138731193e-05
3.07922437585727e-05
1.95756448874539e-05
8.42312427756053e-06
7.00389658267807e-06
3.35083513020298e-05
4.3978012322918e-05
2.05867294739175e-05
3.4192950152739e-05
8.5047993669966e-06
1.01296954369526e-05
4.27800427207753e-05
4.22568077380869e-05
4.66670416318947e-05
2.86326673327663e-06
1.97006771084415e-05
4.89056356655723e-05
2.77057894808741e-05
3.89612195591375e-05
2.23647104963807e-05
4.20561836890787e-05
4.29554486283233e-05
3.96144952805099e-05
2.61355111157567e-05
1.07519089100599e-05
5.1060540216713e-06
3.25965277196282e-05
2.27434547260098e-05
5.89341263145256e-05
2.57974318413499e-05
5.14010308313208e-05
3.97324604146483e-05
4.74996500486973e-06
4.08559573689565e-05
5.41541518089965e-05
3.08927205403069e-05
4.45851865073036e-05
1.49833661820929e-05
1.3719118694495e-05
1.48040881775924e-05
2.47768966918284e-05
4.30971541765198e-05
1.28577091949311e-05
2.41098228454606e-06
3.06426596929752e-05
2.24536801695646e-05
2.06066007378994e-05
2.44289217390776e-05
3.84764858901783e-05
1.20844208569782e-05
1.44815422653308e-05
1.33568658059609e-05
2.99663098547997e-05
2.61807125284651e-05
2.95390133657099e-05
8.66293079053616e-06
4.30944100575135e-05
2.91605046534232e-05
2.59588259617474e-05
4.12895253254442e-05
3.57258540081526e-05
1.72562967499616e-05
2.38646215369474e-05
2.78441565096624e-05
1.49461558911786e-05
4.79746882557264e-05
4.89969121641995e-06
4.5449305964211e-05
3.80186346023777e-05
3.16651890197353e-05
2.64263576001231e-05
4.7345285472086e-05
2.05310188156852e-05
5.57972609557337e-05
4.77395259222112e-05
5.00745336393566e-05
1.92454476040455e-05
5.72518289858775e-06
3.55353182998155e-05
3.11486313247865e-05
3.59348228886103e-05
2.31075731526322e-05
3.17770369400663e-05
2.72068856328204e-05
4.79799138274128e-05
3.31746929256079e-05
1.01866043859198e-05
4.04233782713842e-05
1.70605935235559e-05
3.76372244615485e-05
8.37007149039641e-06
6.32037474604511e-06
7.78851144487769e-06
4.75697502054036e-05
2.84640219813514e-05
3.857266225165e-05
5.26252493705677e-05
1.72410613975219e-05
4.34401068666213e-05
7.98694606740879e-06
3.08009965080925e-05
3.83668089179929e-05
5.10167864831809e-05
3.14758245998087e-05
6.18170004917699e-05
2.3908317728981e-05
2.51724707908788e-05
3.79694798481952e-05
4.70370131389915e-05
3.41842725143191e-05
3.42720999370158e-05
1.90683283936786e-05
6.71117065153734e-06
4.48122989987683e-05
2.70848356100945e-05
3.91069594845349e-05
1.20254334981873e-05
2.52163161825082e-05
1.73747143707117e-05
3.84181226909796e-05
5.29373806749615e-05
5.2091609151246e-05
1.598153744639e-05
2.96185876366752e-05
3.20833897659275e-05
2.33275485198468e-05
4.81431124330277e-05
2.79038242095832e-05
4.55161244810252e-05
5.60033731400585e-05
3.51409379136632e-05
6.80446671808799e-06
8.84235174418901e-06
5.13515276314753e-05
3.81330681782762e-05
1.57885054843601e-05
4.24959407293778e-05
4.12811371031607e-05
3.143100913848e-05
3.22694939687599e-05
2.56744202313703e-05
3.13237294133702e-05
5.46235732148004e-05
3.65205459481505e-05
4.25250997523637e-05
4.36313290021645e-05
4.57939650870887e-05
3.75042757020708e-05
4.92797290570257e-05
3.30303639277033e-05
3.76763961412973e-05
1.78060162178901e-05
3.37158908704679e-05
5.01277300470344e-05
1.06506602361152e-05
3.20520410500214e-05
5.25362158937052e-05
4.38278040292615e-05
3.57176439065024e-05
4.87757944751601e-05
4.53209689399796e-05
3.76070672485236e-05
3.54427954426808e-05
3.0380252924715e-05
5.89180960172435e-05
2.67329589096977e-05
3.52616764881193e-05
1.89799750888005e-05
3.79439746869117e-05
3.87818736459076e-05
8.58727638690191e-06
2.77489618980906e-05
3.09875043403354e-05
2.89253532620899e-05
4.4704104213014e-06
1.674583916157e-05
4.28642684025961e-05
4.99604449299559e-05
4.19802789272492e-05
3.65868848163872e-05
1.39554749050843e-05
3.990461965481e-05
1.76975500782714e-05
2.41781357955122e-05
4.38382366658105e-05
4.8483092314303e-05
4.06963089578324e-05
2.42743111634549e-05
3.46385795554386e-05
4.74701750928841e-05
3.30603982602365e-05
3.90526972639061e-05
3.51785280617261e-05
4.75924154434774e-05
4.25932456947264e-05
3.21153986401585e-05
3.04955775232518e-05
1.74372442255116e-05
4.66171125191529e-05
4.68526429294505e-05
1.38564027874161e-05
3.04391504207014e-05
3.39108944225596e-05
6.07363121537298e-05
1.88655287241458e-05
5.15582000692858e-05
7.9682017189602e-06
4.6439460302274e-05
4.25277086784987e-05
1.71431551289127e-05
4.05467574592262e-05
1.67163793628307e-05
2.98475797940118e-05
1.15198161795274e-05
1.28429315786378e-05
5.49618878053851e-05
4.9548061512418e-05
3.52862560304168e-05
1.00320398587585e-05
3.32952219931078e-05
3.72521879775465e-05
5.09167680595619e-05
4.34264887073215e-05
3.91488310381448e-06
3.45435609909714e-05
4.402023371646e-05
1.73107441142193e-05
1.74322171234367e-05
4.79313022770025e-05
1.60983274738507e-05
5.6233637387943e-05
3.84866178062085e-05
7.56783899475426e-06
3.27147087194984e-05
2.30932962862745e-05
-9.80414035266295e-07
3.54022114981828e-05
2.70640085554476e-05
2.01006123903034e-05
4.1363599355938e-05
3.76638555850746e-05
1.96065432281015e-05
4.92029038925845e-06
4.70821508977167e-05
1.29008060258436e-05
4.05430883677371e-05
1.8602094325143e-05
3.79368851691222e-05
1.60730184696293e-05
3.94859401613942e-05
4.09356834609435e-05
3.47129470090714e-05
3.29663125578569e-05
3.73791872007213e-05
1.86100947168391e-05
4.60518250355771e-05
1.44413529142536e-05
5.16313381616224e-05
4.33485471492502e-05
3.84793485486536e-05
4.18950483280947e-05
2.34319196952735e-05
5.05792519605216e-05
5.41899563311199e-05
4.61962242178131e-05
8.59155878525512e-06
1.06033507169853e-05
3.9201560320088e-05
4.74357417493494e-05
2.22445769184221e-05
9.7002460296888e-06
4.31983622354973e-05
1.65530971258482e-05
5.40118057833398e-06
1.26047400671436e-05
4.44536677965402e-05
2.20482581392172e-05
3.66525703749064e-05
3.54371441475272e-05
8.91321743665788e-06
3.41548321711228e-05
1.48492854893749e-05
4.18926744133732e-06
3.87488466815273e-05
1.50190468017091e-05
2.64688047853321e-05
2.29631828825164e-05
4.27395528674614e-05
1.87543353371514e-05
1.71766495258195e-05
2.5765395660399e-05
2.07087366384726e-05
2.29627813509561e-05
1.55997841462084e-05
1.64832085929765e-05
5.9444398054872e-05
4.80043806447849e-05
1.27242726711353e-05
2.69720338389309e-05
1.47708721212562e-05
3.79442538703849e-05
1.0581094834028e-05
4.077172574173e-05
5.24221258838556e-05
3.4223725956008e-05
3.65587390438842e-05
5.51481688014291e-05
5.51772714253849e-05
4.09778894079385e-05
2.99387149500654e-05
4.33822747361164e-05
2.84574310926423e-05
4.60096072978381e-06
3.76517475354315e-06
3.91324518082234e-05
3.46056991769087e-05
1.21282911029916e-05
2.30262290822269e-05
3.50666721202759e-05
1.58360650913427e-05
3.76534515120424e-05
2.62196082088833e-05
3.79419624719036e-05
3.65875085544613e-05
6.72799749557602e-05
4.91263307575368e-05
1.46652377308466e-05
9.19821396964919e-06
2.04819911327316e-05
4.09031264961916e-06
4.05191864668771e-05
4.31135087441972e-05
4.43359985995451e-05
1.29133674982652e-05
4.80018279345229e-05
8.02959579055158e-06
3.9714656915813e-05
3.92498779265694e-05
2.98843057883483e-05
5.77074227351153e-06
3.75501798855321e-05
4.12565842025717e-05
4.07845369140847e-05
3.46331878603152e-05
3.47556823344916e-05
3.90305972573286e-05
5.775537616576e-06
1.83826236228465e-05
4.8581965949758e-05
3.4004719600783e-05
1.88365449967116e-05
3.93350743740455e-05
1.82632209333583e-05
1.76108675716064e-05
2.32963141292574e-05
3.94683692447225e-05
4.07543259994603e-05
2.38701946415967e-05
1.13813134156153e-05
3.87440021173342e-05
2.90956114685093e-05
3.91499803348412e-05
3.31404235752545e-05
4.99830095964288e-05
3.86664900011173e-05
3.40314210822446e-05
2.87935193506828e-05
3.2295505571955e-05
3.61685335163343e-05
4.54387416418238e-05
5.22823145460587e-05
3.93293240790497e-05
2.96688042030862e-05
8.60262696830645e-06
3.4787481357397e-05
2.30291135255602e-05
4.23490204296529e-05
2.26750051586629e-05
5.06559218553496e-05
6.06606398149298e-05
3.27806936240674e-05
3.95289312464875e-05
2.58511733813356e-05
5.87643285654882e-05
1.48465292777427e-05
6.20714505865702e-05
2.63488306743233e-05
2.98475013597544e-05
9.58999122663749e-06
1.3081976520902e-05
3.95234609895095e-05
4.06723736967965e-06
4.63741909546939e-05
3.95892007652091e-05
4.06632515259409e-05
3.04456764587565e-05
3.91302504851225e-05
1.58840311408681e-05
3.01055624730983e-05
4.38923215873819e-05
2.01262899478556e-05
3.2204715174665e-05
1.87348089312017e-05
3.98694643089896e-05
3.13992527749812e-05
2.24566543325578e-05
6.15050440889183e-05
4.78097691067385e-05
2.06542586825075e-05
5.06202052041228e-05
4.75840384443979e-05
4.63371920832133e-05
6.35579679098475e-05
1.19418272891771e-05
4.34085488305253e-05
3.61409368253751e-05
3.94344062597589e-05
3.81710622440051e-05
4.40899598103679e-05
3.14295673159527e-05
3.70002147245088e-05
5.31644691998528e-05
5.08122975997734e-05
2.28364608244871e-05
4.70271035001847e-05
7.23928699870477e-06
1.83544845472991e-05
3.38891524533246e-05
1.46113747448659e-05
1.73939789802732e-05
1.20667078458103e-05
3.95632380364144e-05
3.73491585098813e-05
5.13962350327433e-05
2.84366773533127e-05
4.09565736884934e-05
2.14054048846201e-05
2.91458654598331e-05
3.11308349433022e-05
1.46603367403048e-05
1.40499574722549e-05
7.75296963552583e-06
5.02598444688913e-05
4.57987217416913e-05
3.44421417400215e-05
5.70239391393741e-06
1.6616358349401e-05
4.99134569003732e-05
4.21059740476277e-05
2.81277954313879e-05
5.80741145564114e-06
2.04889404463977e-05
1.7882371499727e-05
4.69877861889511e-05
1.93562975455156e-05
9.73272129041378e-06
1.04469652176267e-05
4.69255954710956e-05
5.16916823137977e-05
1.90214606464111e-05
5.76698656861231e-05
4.33423682125045e-05
4.8265009554977e-05
2.81675203216517e-05
5.0885076086907e-05
4.84498437986017e-05
1.03050489206801e-05
3.45217846172272e-05
3.33756388949475e-05
2.98939355637324e-05
5.14627759634876e-05
7.18003234449293e-06
5.56716044898201e-05
1.40925488857749e-05
3.44760964717029e-05
4.74581525925263e-05
1.72922078589175e-05
3.76811429191831e-05
3.80022130175244e-05
1.70877330887632e-05
4.81710246920345e-05
5.64816443522489e-05
2.09014716606278e-05
7.32030414252043e-06
3.61979873676895e-05
4.05181249500397e-05
1.73260745793708e-05
5.29971441995098e-06
3.64392120470681e-05
5.20731162404466e-05
1.48943732691908e-05
4.89780877544484e-05
3.09753349119489e-05
1.35029728458424e-05
2.92599313195143e-05
5.33386315805281e-05
2.67338032843766e-05
4.77147923587135e-06
8.04752857832555e-06
3.57822899087223e-05
2.33163340746489e-05
5.33772017710891e-05
2.5101387016381e-05
2.70544882135e-05
1.81406695053364e-05
4.74862236205221e-05
1.62213297798991e-05
3.62982311095768e-05
4.38540804051205e-05
4.57710107039601e-05
3.9630815076783e-05
3.88160131355926e-05
1.46514843227122e-05
3.3875548610334e-05
1.05525650025382e-05
4.40006591035914e-05
4.66440017972502e-05
8.12860238058657e-06
2.79467104180952e-05
2.01011862474277e-05
1.11643761078207e-05
5.90959817199947e-06
4.88329492401611e-05
2.87878350764391e-05
9.88233351011629e-06
3.42467543953573e-05
3.6286493013472e-05
1.59930850283607e-05
1.25333420597094e-05
3.40012298706251e-05
1.77955536335661e-05
3.78647175325564e-05
2.68484814906618e-05
4.22660227379795e-05
2.12502486535184e-05
5.3985925262035e-05
3.36763278241119e-05
3.98623114668505e-05
2.33825198774666e-05
7.69223896943796e-06
2.86368331310036e-05
2.93376950482845e-05
1.19806414218419e-05
6.34591160889969e-05
2.35405825615885e-05
4.49271974952164e-05
5.45819606322663e-05
1.09032006396883e-05
4.37842867626205e-05
1.71443975594869e-05
1.62656158388663e-05
5.3174657018851e-05
2.87920801061152e-05
1.68346121325901e-05
4.62903405027242e-05
4.95621074733848e-05
1.33282301265468e-05
2.7011404276002e-05
2.70586734768308e-05
3.6715756918625e-05
1.31423509451643e-05
4.41711041090485e-06
3.35741334973169e-06
4.44810960500082e-05
3.84275734763902e-05
2.27017727679308e-05
1.82007493521926e-05
4.39755108100585e-05
2.84698416833623e-05
3.12390959989191e-05
1.03471223218462e-05
4.88484535511925e-05
3.1387243951932e-05
1.4656557878808e-05
4.5183593721121e-05
3.49878466383432e-05
3.75991670554515e-05
3.14518916221242e-05
1.47926623710714e-05
4.81917709295053e-05
5.58928370311632e-06
2.87177343945727e-05
3.91647738535077e-05
2.77964566184997e-05
2.94626084220252e-05
2.58335538353429e-05
2.49763793500521e-05
3.37195476845829e-05
4.55475830429913e-05
3.99607496432968e-05
5.34890909608394e-05
4.23865079292676e-05
4.77925249055232e-05
8.54964847175547e-06
4.19542868543327e-05
1.5921066154202e-05
3.10085330321387e-05
3.48428971434819e-05
5.19627023284569e-05
2.90342068928735e-05
4.48619084646616e-05
3.68643095746519e-05
3.26308661648859e-05
7.69149144240637e-06
4.54288720959024e-06
5.88042168690264e-05
6.7016874235876e-06
5.13493750042763e-05
1.85526523508931e-05
1.4313745223045e-05
3.79995623736762e-05
4.44319383432541e-05
4.08714243649246e-05
3.98582625981353e-05
4.11606821673009e-05
4.84121006044476e-05
1.59449557260533e-05
3.07370989432101e-05
4.30347628390174e-05
4.42380252409668e-05
1.42923856034793e-05
4.03246024192458e-05
1.25902390871936e-05
5.27272412452891e-05
4.81640765127962e-05
3.93458046512753e-05
1.94798403319617e-05
3.24780497806913e-05
8.54691941960299e-06
4.64459112368489e-05
4.79563853852733e-05
3.33235993328678e-06
4.08092860490659e-05
3.50880940566147e-05
2.83437755673617e-05
2.46848022498025e-05
3.64569642245428e-05
3.78800980542242e-05
3.30873128542394e-05
5.2722476377807e-05
1.65711334435169e-05
3.8739375942385e-05
1.0201553269457e-05
3.52897208633061e-05
3.37688612444326e-05
1.44100039464224e-05
5.08390134425911e-05
8.05358068807091e-06
3.85451475241675e-05
2.00813848009283e-05
4.10962012847919e-05
1.68528149420468e-05
5.63937796690454e-05
3.22707490055719e-05
2.79106206729801e-05
4.40614232008609e-05
4.02178068967899e-05
4.25111978519402e-05
1.20098397999834e-05
3.17815803834137e-05
3.41673899604699e-05
4.60036785423166e-05
3.59772764203151e-05
6.6592614402563e-06
4.55039909549404e-05
4.01574301886976e-05
4.02214230759183e-05
4.9401745738792e-05
5.51333625476825e-05
4.76370076759633e-05
3.3052984721286e-05
1.80806304428627e-05
3.48094681196446e-05
4.92858458171001e-05
2.00463630995355e-05
7.50421556175945e-06
2.7303814509514e-05
4.95355309451161e-05
1.73093503242404e-05
1.36579842859468e-05
3.28165506841632e-05
3.83654650969328e-05
4.85649947041404e-05
2.35684246718324e-05
2.44766219929895e-05
2.76518877911116e-05
3.75241156564599e-05
1.64435354721448e-05
2.66143967817508e-05
5.15528981958048e-05
3.32288289898719e-05
4.23828566001254e-05
1.22844753074269e-05
2.25325651548432e-05
5.02336365408378e-05
1.50266117333548e-05
1.15684984290041e-05
3.39826649115383e-05
2.09490234714399e-05
3.95277636202106e-05
2.8945038572472e-05
4.18482336150254e-05
5.68886772692301e-06
1.25149350695143e-05
3.69532619998943e-05
4.88187589899273e-05
5.44883036532876e-05
7.84791681292714e-06
3.8837717061333e-05
4.51563973302299e-05
2.16875671569992e-05
3.6319580467086e-05
3.08040202454036e-05
5.4223745044547e-05
1.34930216194647e-05
4.57261567005463e-05
4.48923700892027e-05
2.07201862967755e-05
4.87321283622249e-05
3.99773921347408e-05
3.66482465767052e-05
3.59221244171383e-05
5.46758581804454e-05
3.59894982938026e-05
2.6924578124246e-05
3.44184647910824e-05
4.20656312903825e-05
2.52282288079946e-05
3.30644778411391e-05
4.13346215929793e-05
3.95034386685923e-05
2.39393321110806e-05
3.42865318449446e-05
2.44745687369904e-05
2.37539334498844e-05
4.87732713521069e-05
3.31181246408342e-05
1.32079193941639e-05
3.44766809323318e-05
4.564067720017e-05
2.64000456655407e-05
9.93403237964267e-06
5.00421083493772e-05
5.54056319063709e-06
4.68588995533646e-05
1.61755317168042e-05
3.29819034722242e-05
2.51736932122833e-05
5.10121073832782e-05
3.22241381027113e-05
7.83181209830497e-06
3.64273234026726e-05
4.08290652323393e-05
3.79754050909996e-05
3.86522193911813e-05
