7.92844639002657e-09
8.28342526740991e-09
8.59018312051605e-09
7.47893271395299e-09
7.80696095194087e-09
8.20455371810636e-09
8.26797148489266e-09
8.33124120351357e-09
7.66787848795153e-09
8.28836291186095e-09
8.01553275068082e-09
9.14392488105037e-09
8.28357630544573e-09
8.71914039866303e-09
8.05395017116828e-09
7.84487362615176e-09
8.1713692731415e-09
7.49263509208631e-09
8.64589903508644e-09
8.72089508950893e-09
7.50270609830015e-09
8.62607007020434e-09
7.72321194133172e-09
9.89049302630093e-09
7.51647837908956e-09
8.84117426389615e-09
1.59423245651489e-08
8.08136053614458e-09
8.44408591526351e-09
9.03182951438724e-09
7.78674912447229e-09
7.87341366169985e-09
8.7471256683983e-09
8.15094606158381e-09
7.64814653032571e-09
8.05700022618572e-09
8.78725427785681e-09
1.18418257174898e-08
8.25692143286095e-09
1.09657730681857e-08
7.91706696412658e-09
8.1668740375133e-09
8.53643321355905e-09
8.15446622931017e-09
7.04713680584036e-09
7.69037001255784e-09
7.95889776256486e-09
7.73179287910039e-09
8.72865943125459e-09
8.52601808846352e-09
9.38112992125012e-09
1.83060650708215e-08
8.04438289831517e-09
8.62201590153547e-09
1.13705644552313e-08
8.74323348031689e-09
8.36539330979371e-09
7.70326968112101e-09
9.41572415447877e-09
8.37038376898422e-09
8.52949130103909e-09
8.84421977476516e-09
1.04398453522234e-08
8.28412299878932e-09
8.8414228276553e-09
8.35066314151509e-09
7.88917048888388e-09
8.9007080937624e-09
1.1631164450577e-08
8.25771289600986e-09
8.839463780608e-09
1.57455011405555e-08
8.78184636921854e-09
8.50092704230109e-09
1.11841256419957e-08
8.28841967546343e-09
8.04766961879777e-09
8.19260795480455e-09
7.73418447479734e-09
1.63199680331306e-08
8.30486789114038e-09
8.34076655075978e-09
1.65276522189156e-08
1.10321947468903e-08
8.98891591307494e-09
7.71559811153384e-09
7.96588074130078e-09
8.4984053020165e-09
8.46205985819013e-09
8.70904562039219e-09
7.59258682938635e-09
9.95015251770065e-09
8.71087232130654e-09
8.11812870612973e-09
8.25127689770334e-09
8.23957135745356e-09
8.62527513308095e-09
1.14220879121283e-08
8.47141355380873e-09
7.98108372835019e-09
9.25200723855655e-09
7.98807312605403e-09
1.57390055535973e-08
7.82292108594e-09
8.04748270016128e-09
7.78303745583832e-09
7.79910075528099e-09
8.56262014525871e-09
7.90369824670753e-09
9.27031539494895e-09
1.60270650885635e-08
7.86018744310499e-09
8.3327555823001e-09
8.92745353947016e-09
8.3559584812046e-09
1.2044694399484e-08
9.67940552507381e-09
9.4958385299129e-09
7.50875827951102e-09
8.17904852656345e-09
8.33745537397005e-09
8.89738040467163e-09
7.94397182368947e-09
1.78238387843782e-08
1.00475971790719e-08
7.99237634133619e-09
8.289112188766e-09
8.92438918714302e-09
7.77064071085581e-09
7.80019782073173e-09
7.61436138578081e-09
8.00541024547945e-09
7.86649841801835e-09
9.41066439201342e-09
8.33142339360471e-09
8.53921331975001e-09
8.05587151140237e-09
8.45415650509546e-09
7.75127978511918e-09
8.00097765183797e-09
8.27451263446118e-09
7.73346038982809e-09
8.61735609153083e-09
7.73996274071828e-09
1.08369230245446e-08
8.9438747605396e-09
7.81392693129508e-09
8.39156375175358e-09
8.91959988863823e-09
8.01025467265598e-09
7.92094189603658e-09
8.40200755982383e-09
1.54645270429354e-08
8.18125963823374e-09
1.54292599743425e-08
7.85787276797418e-09
7.47862245966042e-09
1.56289263366152e-08
8.12377680183719e-09
8.64122771148789e-09
7.8926257480543e-09
8.39723102318505e-09
8.11309187753345e-09
8.74350214354815e-09
8.11920941070185e-09
8.35349074080508e-09
8.06556690471998e-09
1.09119184804904e-08
9.15909707039534e-09
7.94409619860918e-09
8.40137282450098e-09
1.15589800111018e-08
8.28896254743682e-09
1.04565638520493e-08
8.07383623911169e-09
8.78953805593953e-09
8.82195430288503e-09
8.53691623397395e-09
8.11378591605743e-09
8.25082483604902e-09
7.80251279740725e-09
8.23953778734882e-09
1.49206428949625e-08
7.87262841950959e-09
8.86296977559389e-09
7.38083026669897e-09
7.32805883003017e-09
7.71865044729952e-09
8.60242899889058e-09
9.52592370332894e-09
7.7058835955169e-09
9.26079483796182e-09
1.12493351918404e-08
8.6758395051743e-09
8.23247264228717e-09
8.60243314008818e-09
7.88875014275798e-09
8.09801108395504e-09
8.33159608420397e-09
8.7350248502518e-09
7.46768550002071e-09
7.85889227970328e-09
1.58906106329245e-08
7.78172776761127e-09
1.56983239545384e-08
8.13795876589077e-09
8.30910167237805e-09
7.99219747616296e-09
8.16873784159391e-09
7.51498195167039e-09
8.92656668732475e-09
8.65597678126382e-09
8.71596277876824e-09
8.61293289461612e-09
8.8473453990107e-09
1.09778270374025e-08
7.68625455242466e-09
7.92160073355111e-09
7.70007595816234e-09
8.10503655248948e-09
8.03558214422133e-09
9.48303935154982e-09
7.75845434309797e-09
8.7880016598644e-09
8.89310932031166e-09
8.0889063451183e-09
8.22369473847918e-09
8.18924333275784e-09
8.07623513727101e-09
8.6574865012044e-09
7.94222797601715e-09
8.29038047820747e-09
9.1495017742187e-09
9.2469344509459e-09
7.78165105142945e-09
8.52535947597272e-09
8.34703622743663e-09
8.45206660461354e-09
8.57914865082288e-09
7.98134977617878e-09
1.52531273013342e-08
1.56368534467759e-08
8.28943577748273e-09
8.09993110083413e-09
7.81467802064288e-09
9.2485060629714e-09
9.15821179353463e-09
8.55926895808828e-09
7.91301394514456e-09
1.54310867360103e-08
8.0071825318077e-09
8.60152467239074e-09
7.92865488722623e-09
7.32954886380867e-09
8.12619859502631e-09
1.12366876779617e-08
8.75048407154865e-09
8.1579133167197e-09
8.49457491350564e-09
8.22294666864314e-09
8.46025270695072e-09
1.53917244584192e-08
9.36240101383397e-09
8.09513006193718e-09
1.87825443894998e-08
8.11562357554427e-09
8.10051485636889e-09
7.87840161180279e-09
1.05348566910735e-08
1.5245766085871e-08
8.96518521554723e-09
7.78078006809971e-09
7.83843280047413e-09
7.81965732046684e-09
7.94282425055494e-09
1.12768765627505e-08
9.01643634033597e-09
8.04581217208771e-09
7.33441000119752e-09
7.65185876122917e-09
8.70009167844798e-09
8.5096214942397e-09
8.59798800442416e-09
7.5531436120492e-09
7.58896601200666e-09
7.94375033027834e-09
7.99722453564469e-09
1.04962953210157e-08
8.37302251945295e-09
7.64630883343734e-09
9.91048482917534e-09
9.02131816904452e-09
8.95061889962467e-09
9.09651262500905e-09
8.54625025845045e-09
8.48795178443311e-09
8.92058683157844e-09
1.04923527252286e-08
8.87740331112531e-09
1.10852577860576e-08
8.25302719255158e-09
8.74765392180439e-09
8.2936058465571e-09
9.31727126621647e-09
8.02896013918974e-09
8.37604328721956e-09
1.50445797838894e-08
8.69369833501239e-09
7.72601069863989e-09
8.00583793161305e-09
8.45463319217626e-09
1.14839434079572e-08
7.47338539945044e-09
8.11227775611576e-09
8.07651755511077e-09
8.58699756771131e-09
7.55101600186376e-09
7.97564971976453e-09
7.37544534531555e-09
8.36133191184419e-09
8.68581434614396e-09
8.17427505674424e-09
7.62185907231144e-09
8.82881463903752e-09
8.37557589630103e-09
8.59948327947913e-09
8.62307382562879e-09
8.54914698741888e-09
8.47458713059803e-09
1.57802201533105e-08
8.65615195824008e-09
8.17875831683703e-09
9.1806486567633e-09
8.07355354677528e-09
8.23849225117186e-09
8.51265883968323e-09
8.99972192087833e-09
7.83244033483254e-09
7.96115881633392e-09
8.14096460586798e-09
1.11015425504481e-08
8.86252021768181e-09
8.14472897110522e-09
8.76725806336942e-09
8.20120401696991e-09
8.80477594848763e-09
8.06467168547532e-09
8.566493507682e-09
8.64327348176564e-09
8.5603949667338e-09
1.62620614645509e-08
8.32780108865892e-09
7.70679884557269e-09
8.29310854336212e-09
8.24326516983752e-09
1.27265042189138e-08
8.81255950320526e-09
8.22097928961261e-09
7.87804783429528e-09
8.7797557506404e-09
8.04032330193578e-09
9.16435510413135e-09
1.24682908524756e-08
8.21891703515766e-09
7.83637235911952e-09
1.25708180771074e-08
8.35957034367042e-09
8.01005623725286e-09
8.32220231342009e-09
1.6068397699235e-08
8.14174427176843e-09
7.54292116913721e-09
8.31966722719459e-09
8.04674588133087e-09
7.92956836402888e-09
8.14028205797585e-09
8.41798916081819e-09
7.69684222764554e-09
8.49917806463449e-09
8.79052301663687e-09
8.05533298755632e-09
8.98032400761248e-09
8.4929975195861e-09
8.04367064269441e-09
8.25010156788736e-09
8.25564182855334e-09
8.95038459511005e-09
8.67587054617855e-09
8.21440154005917e-09
7.71313892366117e-09
7.8972223894561e-09
1.63859440848171e-08
1.62606185988886e-08
8.30887590507436e-09
8.1210107818025e-09
8.15797665194063e-09
8.04501256258943e-09
8.39417518031643e-09
7.96322358924167e-09
8.12299461500169e-09
7.75572520173425e-09
8.80564796555724e-09
7.71243928673198e-09
9.15438117484465e-09
7.3661865289209e-09
8.12734088094576e-09
1.5578703160363e-08
8.08034092577865e-09
9.22535642997646e-09
8.36863673788981e-09
8.88152328135374e-09
7.85564728412947e-09
1.54620050777006e-08
8.40611072752826e-09
8.00860337681968e-09
8.32648695950286e-09
9.67518649845137e-09
8.68893363460831e-09
8.29587201346107e-09
7.42007079485355e-09
7.99956475862074e-09
1.6509482612691e-08
8.87522920916054e-09
8.44703004444941e-09
8.3868795853819e-09
7.90446641581643e-09
7.75400419359599e-09
8.44323102624134e-09
8.36065561544455e-09
8.13517716082952e-09
9.93413834501082e-09
8.04007145343088e-09
8.0867900742824e-09
7.79185289611478e-09
7.67094071228612e-09
9.2213829592976e-09
8.03004948656789e-09
1.57913973655787e-08
1.54888661585676e-08
1.02752008747252e-08
8.06947353698054e-09
8.94987679115408e-09
9.05036605734251e-09
7.91461057256359e-09
8.59578093003726e-09
8.39925680239267e-09
8.2448651423433e-09
9.04768354296861e-09
1.52610428425309e-08
8.09186832697999e-09
8.51875172222022e-09
9.42108379905148e-09
9.2558452712487e-09
1.22244295094323e-08
8.74362666173958e-09
8.26435022576354e-09
9.43071102290584e-09
7.76285359953023e-09
7.70442745566737e-09
8.07427374288082e-09
7.53145782954028e-09
8.49689411761482e-09
8.1204932151386e-09
8.2987449682023e-09
1.51859530477779e-08
8.86950089638999e-09
8.74967872478526e-09
9.12960169462148e-09
7.63433033052616e-09
1.1084812149531e-08
8.0612079893949e-09
1.57813206183738e-08
8.15807814433428e-09
8.18819327312995e-09
7.84151694918885e-09
7.98327251426172e-09
8.4539355765898e-09
7.97128517138342e-09
7.77902908245295e-09
1.18004127379278e-08
8.77614434544749e-09
8.26584318705257e-09
7.68045255971793e-09
8.27218750105303e-09
7.99836867577718e-09
8.61602558936854e-09
8.19132626602533e-09
1.01322314042481e-08
9.15029325753273e-09
9.47823478956665e-09
8.0653510273165e-09
8.0226067117165e-09
7.50696130926829e-09
8.75962594456891e-09
7.64270160841236e-09
7.7493060037179e-09
7.81295824618987e-09
9.0208251887216e-09
8.96827614206638e-09
7.76886295097453e-09
8.54439089630957e-09
1.92012180776896e-08
7.99942702587182e-09
8.21492581756762e-09
1.0741230314092e-08
9.23136992671788e-09
8.30652165458273e-09
8.39122665895592e-09
8.28139682494032e-09
8.96844052382522e-09
9.82787860465181e-09
9.71302137813009e-09
7.40911491199376e-09
8.00410476889679e-09
1.08822753775161e-08
8.1780892396983e-09
8.40585577302206e-09
9.3362164652091e-09
1.0888979548812e-08
8.12109123311785e-09
7.78596632042648e-09
8.1748828542051e-09
7.70417571007414e-09
8.44226528679447e-09
8.95449488727792e-09
8.21389569739641e-09
8.1419915054285e-09
9.02152943797677e-09
7.76270978091707e-09
8.33004917943305e-09
7.99606727065969e-09
8.06899350290908e-09
8.4852745373755e-09
8.4232382620983e-09
9.20118778762438e-09
8.20296709054812e-09
9.87774234553391e-09
7.89810179945404e-09
7.55343357859442e-09
9.1378247402504e-09
8.0591303718891e-09
1.04528608628073e-08
7.61070893619239e-09
8.63733389561012e-09
1.55764914204328e-08
8.88328588555443e-09
1.51249730456425e-08
8.27082145441889e-09
8.21271456995382e-09
7.3984307013884e-09
8.63272443585933e-09
8.01856887265725e-09
7.82657192652122e-09
8.17704240154191e-09
8.36296546889893e-09
7.94433251204621e-09
8.0890761248506e-09
8.37999007075336e-09
7.95050575420303e-09
8.18019267406996e-09
7.76977812139012e-09
7.94227401141272e-09
7.47483954296588e-09
7.76380675596727e-09
8.15415274618428e-09
8.5992850181025e-09
8.70444996083423e-09
8.67550864917592e-09
7.45941911488696e-09
8.02672821717213e-09
8.17799397418841e-09
7.84514974886911e-09
8.02115382811995e-09
1.57917261705342e-08
1.60801823071658e-08
1.09452322017241e-08
9.02674383443375e-09
8.52907992907589e-09
8.40009798533294e-09
9.16948347313802e-09
8.49481117993557e-09
8.12052229101439e-09
8.5903978548434e-09
7.96860288987031e-09
8.07192505174695e-09
7.92638907000724e-09
8.09853982115494e-09
7.79963899286565e-09
8.69627806715564e-09
8.15979942789311e-09
1.6056075455076e-08
8.1845010587154e-09
7.57169867108004e-09
8.21260499601585e-09
7.79195804857988e-09
8.10852598549284e-09
8.92229105453095e-09
7.7077346932525e-09
8.1799008304721e-09
7.51059735937165e-09
7.95047864343427e-09
9.47324680875407e-09
8.28009043276846e-09
8.56496934209262e-09
8.96779777956139e-09
7.84237253848502e-09
7.99866699372934e-09
8.15985251055862e-09
1.03738436879063e-08
8.24725475521794e-09
8.45156371772622e-09
1.14275299100175e-08
8.39666881002163e-09
8.26187240067196e-09
8.47117486673794e-09
8.87547311984307e-09
1.61536462110159e-08
8.06672324846729e-09
7.75237748599197e-09
1.09653575002144e-08
8.42576883020829e-09
7.69757419271923e-09
9.1108144162279e-09
9.35707655985987e-09
1.52113661192755e-08
8.24610896131976e-09
8.55032412898463e-09
8.50536118564465e-09
7.88943149202834e-09
8.27648554284687e-09
8.0884551218645e-09
8.27136019781043e-09
8.49264739120605e-09
8.01167965996133e-09
7.90081309955422e-09
8.44261785616658e-09
1.16998729392686e-08
8.93254341004161e-09
8.87563848764304e-09
1.15657432148162e-08
8.30366156215773e-09
9.12294605552552e-09
8.93195325120104e-09
8.43114431510893e-09
8.82253109553523e-09
8.7830615064521e-09
8.26637354044193e-09
8.0300332861548e-09
7.59334589921166e-09
8.48355717438643e-09
8.12935713247005e-09
7.97762925897829e-09
1.07644228169506e-08
8.36812348041414e-09
8.58715195841574e-09
8.13174162435064e-09
8.93200080881807e-09
8.42313635042845e-09
7.92551100622666e-09
9.33303107676286e-09
9.45074680388216e-09
7.9283336708165e-09
8.01134575301139e-09
8.58492344556977e-09
8.02214654102984e-09
8.23061262783322e-09
7.83596301229405e-09
7.86388965378628e-09
8.22077082427864e-09
8.71042542212805e-09
8.46693464687818e-09
7.89378699044889e-09
7.9502623843564e-09
7.66105152679969e-09
7.60126707800504e-09
8.15015836890509e-09
8.33369921796124e-09
1.68126949511134e-08
8.76410287149181e-09
1.12706694449673e-08
1.68735219063429e-08
8.32546209331185e-09
8.06475064465463e-09
8.45524227200027e-09
1.07780996445921e-08
8.96293299457921e-09
7.6551354338631e-09
7.8426932435179e-09
8.16941872256333e-09
7.71046957489636e-09
8.08644632941952e-09
7.82779544041922e-09
8.7416145316867e-09
8.50839223439744e-09
7.97555061607151e-09
8.07351240358456e-09
8.26698194571212e-09
7.942084656939e-09
7.16444489982404e-09
7.80221925847833e-09
1.65586119536514e-08
8.46285839636651e-09
8.90853311592607e-09
8.17868273745273e-09
1.55484288677246e-08
8.67536434575351e-09
8.04802300716026e-09
8.53086435087231e-09
8.78533025924724e-09
9.16511492143106e-09
8.4779654808328e-09
8.68578257228672e-09
8.0469420195455e-09
7.63503816237908e-09
8.40352771486588e-09
1.66709088018237e-08
7.73028813074583e-09
8.23292055809516e-09
8.21996281263144e-09
8.78584848650585e-09
1.56658368039107e-08
7.8780331687591e-09
8.30936755935246e-09
8.33905852075816e-09
1.52307283963796e-08
7.64426316848439e-09
7.58392512260898e-09
8.29111241559525e-09
8.23166131142429e-09
8.13480943852798e-09
9.12684074868935e-09
7.36598435863301e-09
8.33560977977834e-09
7.1831159146358e-09
9.37035311669326e-09
8.32871674257376e-09
7.52444655877753e-09
1.54078683440146e-08
8.83853843723628e-09
8.58520261777011e-09
7.89001665467094e-09
9.22335716178965e-09
1.61523088488609e-08
8.42951214475429e-09
1.07314627796645e-08
1.61664337176436e-08
7.69651586511759e-09
8.02484303081048e-09
7.80937351423302e-09
8.51781505379938e-09
9.1087578406583e-09
1.58667255860054e-08
9.00759617118671e-09
7.52384474497604e-09
1.19004740589309e-08
9.17699029443984e-09
1.55489006783483e-08
8.25368442977429e-09
8.0784774955773e-09
7.99628605040931e-09
7.78654176990708e-09
8.71627752269341e-09
8.43519440124054e-09
8.24550539174107e-09
7.84450879415481e-09
8.28128050083471e-09
7.68897247455863e-09
1.10975022727596e-08
7.90708801540101e-09
8.24622717228312e-09
8.24081187882863e-09
7.93692577444943e-09
1.05679973756397e-08
1.54621703133491e-08
8.50938420398083e-09
7.55817374349487e-09
8.60236031760548e-09
7.90158050204463e-09
1.62086968278587e-08
7.98008238672497e-09
7.81174373964866e-09
8.58799727753735e-09
7.47467346831715e-09
8.26177379910665e-09
8.30775531195545e-09
8.54334276118359e-09
8.12912682621084e-09
1.48167504556698e-08
8.19208132554975e-09
8.03192834281469e-09
7.91287787932786e-09
8.12119845092848e-09
7.00394294788184e-09
7.98337233173539e-09
7.83496320762331e-09
1.55894761197328e-08
9.48222988358853e-09
7.81520024944502e-09
7.99549669046208e-09
9.90677354108308e-09
8.22122802186984e-09
7.79670099919283e-09
8.38155629877486e-09
7.91386132672426e-09
8.02454845816285e-09
8.35881415902016e-09
7.71423374903056e-09
8.11501205510604e-09
7.57724848934478e-09
1.0514881736032e-08
1.12749612178467e-08
7.93974389005496e-09
8.12148560955761e-09
8.50484184755684e-09
8.13778742649727e-09
8.32166000164909e-09
7.93656381770221e-09
1.1688333000307e-08
7.73539834382834e-09
7.97128769473543e-09
7.64406998321646e-09
7.79543024431454e-09
9.71591041089106e-09
7.9201063392414e-09
1.00923821696877e-08
7.83556007315166e-09
7.94095371398319e-09
8.42736751134811e-09
7.93463450358332e-09
9.14719536389734e-09
8.10724115513718e-09
8.01242286153407e-09
7.93307614900324e-09
1.5889391378639e-08
8.46110269945186e-09
7.90217744594839e-09
8.01614771700003e-09
8.39510438366792e-09
8.87981742190806e-09
8.37544483001324e-09
8.40477385007986e-09
7.86515988690404e-09
8.88549069603817e-09
1.71208900621232e-08
8.70395052758498e-09
8.41523861832316e-09
7.87999494620604e-09
8.44654724841389e-09
8.25298534266335e-09
8.14920277953635e-09
8.53609505230523e-09
8.24240139361263e-09
8.13288769007349e-09
7.77380635227769e-09
8.04355135245536e-09
7.84572351913241e-09
7.71162245056492e-09
8.14560090283783e-09
8.9563807317395e-09
1.09707926971713e-08
9.15416380776827e-09
8.31033048398634e-09
8.28321343974278e-09
8.81752181663223e-09
8.31090521976155e-09
9.08515529807804e-09
8.37451054064683e-09
7.94973783291077e-09
8.58413795871839e-09
8.77240012715875e-09
8.46960761680942e-09
7.93339861240484e-09
1.17009078260337e-08
7.92915440336978e-09
8.19584473736082e-09
7.48279832691082e-09
8.24582628153987e-09
8.28319230656677e-09
1.13490506988884e-08
7.79559966337835e-09
9.02772409838845e-09
8.47535131211007e-09
8.13823108146288e-09
7.68570492666981e-09
8.90958679713957e-09
8.2240723574502e-09
8.15369802790361e-09
9.27614207921132e-09
8.11445463744628e-09
1.62385107390114e-08
7.3274916203595e-09
9.08713205669928e-09
8.91442827081537e-09
8.39343196852792e-09
9.37679512315874e-09
1.05072431006582e-08
1.0903308237866e-08
7.65424746307963e-09
9.08159335126061e-09
8.23582081891052e-09
8.66522311671268e-09
9.45001959580289e-09
8.86904161396392e-09
7.97056170711288e-09
8.41746679858199e-09
9.15463013472429e-09
9.58542206327667e-09
7.89448613391382e-09
7.47380438273091e-09
8.65372007268379e-09
7.93242247711915e-09
8.13493711502774e-09
8.64450054306711e-09
8.1652999241423e-09
8.17709829392566e-09
8.92594914616124e-09
8.00943776685146e-09
8.38284482288664e-09
1.01673455491909e-08
9.67408538263789e-09
9.06125080493732e-09
8.84673735034733e-09
7.69259412875957e-09
8.36176971094078e-09
7.95662742731428e-09
1.53146152964861e-08
8.16224765119045e-09
8.28746612986221e-09
8.102574415837e-09
8.89668036270797e-09
8.1865481314078e-09
8.36891629597602e-09
8.24822120473711e-09
8.17076261238664e-09
7.6613176236868e-09
7.59903650488638e-09
8.48404851585958e-09
1.5436698775719e-08
9.39619741771576e-09
8.37227996709748e-09
1.55135980326333e-08
8.1161759573065e-09
1.06439634004577e-08
7.95730181809713e-09
8.42884250518557e-09
8.29062869640499e-09
8.29352992979371e-09
8.99557015428139e-09
8.33298942322825e-09
7.16992361627205e-09
8.10539668472553e-09
1.59836706914643e-08
8.24154718366938e-09
1.54480169234908e-08
7.5487514872382e-09
1.55633465145359e-08
8.31434789776214e-09
1.15538089417488e-08
9.15070596658112e-09
7.67639896240027e-09
8.82906267643377e-09
8.72914266229914e-09
8.4212875960464e-09
8.71910858437866e-09
7.93481708187903e-09
7.14960945407283e-09
8.43080669414248e-09
8.32207638314953e-09
8.90619022264582e-09
1.57651555329476e-08
8.14795804695989e-09
8.37635895872104e-09
1.57611503486081e-08
7.74633670376221e-09
1.52585220745285e-08
8.1424776590144e-09
8.46434674785222e-09
8.8150972922334e-09
8.51706730682886e-09
8.66874686513717e-09
7.82291401384109e-09
8.52491519196466e-09
7.37073886267708e-09
8.08715568475722e-09
8.54912503507939e-09
8.0166853906226e-09
7.94890453006713e-09
7.93403107250876e-09
8.24121636071298e-09
8.29304159410035e-09
7.8235122118783e-09
7.95667165116281e-09
8.91451963359639e-09
7.90355024047071e-09
8.14337549319641e-09
9.53204371749614e-09
7.9736878403296e-09
8.62758842179691e-09
7.90309368672151e-09
7.81635931060319e-09
