2.25947023127522e-06
2.24512577315805e-06
2.22454184069677e-06
2.1274733246341e-06
2.22212346298761e-06
2.21347144719073e-06
2.17905630505478e-06
2.15023928461207e-06
2.11679798623613e-06
2.20856430961759e-06
2.19448825591874e-06
2.30815140019273e-06
2.26809893226915e-06
2.14009805557736e-06
2.13997742926489e-06
2.15911982134104e-06
2.18565773231312e-06
2.15796981346379e-06
2.16690804756254e-06
2.23696552372339e-06
2.11693602641763e-06
2.23730645543107e-06
2.15924317744865e-06
2.23465831091027e-06
2.11291819397451e-06
2.34420905873326e-06
2.38973561675866e-06
2.21603101960748e-06
2.29150883642168e-06
2.17741081384176e-06
2.22857171075255e-06
2.13799645918228e-06
2.33307043365881e-06
2.1951614084824e-06
2.17635018394897e-06
2.23510251497235e-06
2.08774248342166e-06
2.16959244290355e-06
2.21476400823475e-06
2.12687816497563e-06
2.278309136159e-06
2.20477178220968e-06
2.2559601403081e-06
2.27594288771307e-06
2.137672794242e-06
2.20211195636634e-06
2.2048644042547e-06
2.28032576455759e-06
2.24855518414153e-06
2.19010157205873e-06
2.13105366679493e-06
2.23157491452903e-06
2.22622854175591e-06
2.23514754561752e-06
2.05503186700419e-06
2.26088804493915e-06
2.19213867886506e-06
2.14847633473728e-06
2.31432532701869e-06
2.19575373897255e-06
2.10078820862098e-06
2.31633409766266e-06
2.0391683348208e-06
2.26508197625475e-06
2.23836109135266e-06
2.22554668526494e-06
2.209002175162e-06
2.15108155418357e-06
2.13971050370827e-06
2.28032773821165e-06
2.05498253140086e-06
2.31058312559938e-06
2.28098789476245e-06
2.19793192710551e-06
2.1439590677189e-06
2.19158388623526e-06
2.21928021634195e-06
2.27348608574035e-06
2.24090565309201e-06
2.30091957466833e-06
2.22733885513126e-06
2.14728591255282e-06
2.28672284665144e-06
2.17151544065394e-06
2.23262343349128e-06
2.24064093854354e-06
2.15626277816233e-06
2.2213046149555e-06
2.28844919470096e-06
2.25485628501923e-06
2.14470067256412e-06
2.12534142846004e-06
2.17080826473053e-06
2.23761381948165e-06
2.15515780876883e-06
2.2566988889895e-06
2.1521896576175e-06
2.19827758380003e-06
2.25128562267231e-06
2.13322134709564e-06
2.21198820809343e-06
2.25603130587798e-06
2.17808833981542e-06
2.20513158027968e-06
2.21715951401566e-06
2.25246262491881e-06
2.22735498211878e-06
2.10643364103126e-06
2.184942048347e-06
2.16975453355731e-06
2.36905509444601e-06
2.28636710313355e-06
2.26873304905732e-06
2.21569853146586e-06
2.18856673813428e-06
2.12993560406037e-06
2.2564264106781e-06
2.30157321960132e-06
2.07857194685507e-06
2.26671382441106e-06
2.16523568809986e-06
2.18007291824837e-06
2.18273985521325e-06
2.1540068735869e-06
2.21130230280544e-06
2.24329796407932e-06
2.22191506969321e-06
2.20079190972693e-06
2.20176022824057e-06
2.20055641693016e-06
2.22440649929489e-06
2.23212486075042e-06
2.18347242892864e-06
2.2541007999157e-06
2.24542552224681e-06
2.19086869668798e-06
2.19702875555855e-06
2.30257677278059e-06
2.22632081760212e-06
2.20438120131095e-06
2.27328428496622e-06
2.24543265459484e-06
2.30627521540527e-06
2.14652285559691e-06
2.12117873624515e-06
2.20781245152482e-06
2.22174063440149e-06
2.3062190026134e-06
2.14485745989322e-06
2.26224698262274e-06
2.14539183679364e-06
2.22749765833697e-06
2.27697316941545e-06
2.25679677443074e-06
2.42828633659627e-06
2.19716672133011e-06
2.12665479144961e-06
2.36371974074895e-06
2.16670179126771e-06
2.20058406046013e-06
2.17415414605215e-06
2.23477681324562e-06
2.20078331621905e-06
2.14270472596153e-06
2.22511044789737e-06
2.22419709719955e-06
2.1206497907142e-06
2.12880941240893e-06
2.29518201289944e-06
2.14659201100862e-06
2.21258198967609e-06
2.09070049586604e-06
2.27567651780493e-06
2.12044270097308e-06
2.25728308505854e-06
2.2347974010619e-06
2.20972718993607e-06
2.28943529851993e-06
2.11747782850435e-06
2.29126251301934e-06
2.25671212983361e-06
2.20159247184e-06
2.25083595351164e-06
2.19737549037578e-06
2.31943106051015e-06
2.15687695086377e-06
2.12082317523561e-06
2.13862422059857e-06
2.20584244445004e-06
2.1819493100882e-06
2.12756706897967e-06
2.27109987979961e-06
2.23192989513454e-06
2.32736892278761e-06
2.29975876578012e-06
2.28567124742141e-06
2.18497456423796e-06
2.14668213809159e-06
2.25323741399146e-06
2.34919458701002e-06
2.1269615277865e-06
2.17021039583212e-06
2.33863655766656e-06
2.1936335775812e-06
2.36529445140837e-06
2.21808696400313e-06
2.23071774226478e-06
2.24512806370783e-06
2.27979095183879e-06
2.17911728151863e-06
2.27776983823777e-06
2.2245907413454e-06
2.13154685496422e-06
2.30341562697925e-06
2.260543052926e-06
2.13074114882534e-06
2.13961032476778e-06
2.25425910366883e-06
2.22212803135301e-06
2.23585747409806e-06
2.17762772738922e-06
2.20097478035337e-06
2.20091378243529e-06
2.22302711868952e-06
2.35521256773385e-06
2.24659094766075e-06
2.26407931197767e-06
2.26263051633524e-06
2.2314914864136e-06
2.23479541997579e-06
2.21739793683624e-06
2.28111203685384e-06
2.21257968566457e-06
2.1244176010725e-06
2.22564866616787e-06
2.23771591668379e-06
2.28671921090674e-06
2.12734251955597e-06
2.19320871432032e-06
2.166804630824e-06
2.33486872120427e-06
2.27786209956281e-06
2.24521406065837e-06
2.21608516010628e-06
2.19882709748201e-06
2.24900881080537e-06
2.23226000050208e-06
2.24524031823466e-06
2.15868253899009e-06
2.34721758467036e-06
2.15007061533399e-06
2.15554840781789e-06
2.29674266346143e-06
2.26054547840312e-06
2.20752621356807e-06
2.1027512630867e-06
2.29387924657034e-06
2.25949816853064e-06
2.23383437384131e-06
2.20173828077543e-06
2.21559219729398e-06
2.27717705241535e-06
2.25840672541096e-06
2.12116663037624e-06
2.3773467688445e-06
2.27985329935283e-06
2.25310053621329e-06
2.18669730462022e-06
2.04574128959667e-06
2.22377987283498e-06
2.21111234854703e-06
2.18487756030977e-06
2.21782470454675e-06
2.25538750713486e-06
2.22648938303595e-06
2.1978665993764e-06
2.22334183452788e-06
2.18023484150882e-06
2.15934251178569e-06
2.2036802910997e-06
2.32630231074148e-06
2.17412441369189e-06
2.17985288949173e-06
2.15122911946988e-06
2.21044240203411e-06
2.1639411389436e-06
2.21949216584932e-06
2.11315701690206e-06
2.20770984156009e-06
2.20741968855865e-06
2.22389932301032e-06
2.17576513133222e-06
2.10938570005548e-06
2.10755962810763e-06
2.31663741425705e-06
2.23474298241646e-06
2.16369908315623e-06
2.12622006863678e-06
2.10725096164876e-06
2.03451597001593e-06
2.17563810297421e-06
2.1938961904386e-06
2.26200616211711e-06
2.28223225530717e-06
2.22962033650725e-06
2.06758116316756e-06
2.32206934790514e-06
2.15482405283307e-06
2.23276399302706e-06
2.19540807681425e-06
2.16841600066117e-06
2.24020913480424e-06
2.08123183196627e-06
2.22444714364739e-06
2.16335056775844e-06
2.27166533748902e-06
2.24138337352958e-06
2.21324415379664e-06
2.11486261127472e-06
2.1657623960762e-06
2.32439212453579e-06
2.28166485109605e-06
2.10891972816164e-06
2.19416461899676e-06
2.25938924944141e-06
2.13789042783396e-06
2.26841999642087e-06
2.2583417301883e-06
2.23563072834176e-06
2.34223794321436e-06
2.34335332356576e-06
2.25884587524742e-06
2.28095054888932e-06
2.1400452460727e-06
2.26354284170672e-06
2.12388321435882e-06
2.33478261033039e-06
2.20668228863218e-06
2.21595151064856e-06
2.24697730031297e-06
2.13285983881456e-06
2.15377189974006e-06
2.16979765022041e-06
2.19889276219502e-06
2.13573476521848e-06
2.18020014911267e-06
2.24121662223471e-06
2.26322648306516e-06
2.18621349280977e-06
2.22425007514841e-06
2.3559749112428e-06
2.23809022370294e-06
2.07364998157031e-06
2.21627377459701e-06
2.15655809931909e-06
2.18074412929508e-06
2.33369666977198e-06
2.20760639756215e-06
2.18350608032601e-06
2.19947098727988e-06
2.25052348492026e-06
2.1496257040945e-06
2.15267972169092e-06
2.20467706550445e-06
2.14460722717484e-06
2.13353654901051e-06
2.28639786445589e-06
2.26080257406294e-06
2.21456706967338e-06
2.25620897565149e-06
2.3121695055561e-06
2.12900175942223e-06
2.24317996707575e-06
2.05650199029561e-06
2.23725923684762e-06
2.26870027633531e-06
2.23510361723473e-06
2.23560312888262e-06
2.19903391785592e-06
2.15334398318533e-06
2.26108846327693e-06
2.14710190818325e-06
2.2873716794941e-06
2.20170746766054e-06
2.30489080918058e-06
2.23044773990739e-06
2.29708367354419e-06
2.17864676332454e-06
2.29044871162692e-06
2.11456648354859e-06
2.20364353694342e-06
2.35413882797515e-06
2.30935775097563e-06
2.27330835104263e-06
2.33052924557204e-06
2.16205149404478e-06
2.21491568918984e-06
2.23528131700327e-06
2.25513697764104e-06
2.16664242500404e-06
2.16661457757268e-06
2.21272794229003e-06
2.22419663101394e-06
2.25699632193453e-06
2.11538312405981e-06
2.12260773380957e-06
2.35400828098677e-06
2.19975191774873e-06
2.15501569790699e-06
2.22470961485382e-06
2.16972250111978e-06
2.14602878542139e-06
2.41267759217018e-06
2.21795831463293e-06
2.24419989820801e-06
2.23505061050652e-06
2.09833659396125e-06
2.16055773822104e-06
2.36308652307076e-06
2.12367016681206e-06
2.19850930489507e-06
2.37929008678407e-06
2.18635784237447e-06
2.23895843252687e-06
2.28036975233126e-06
2.21043793501827e-06
2.18040396085647e-06
2.14877190788214e-06
2.35416191070087e-06
2.22605839992331e-06
2.11137068648138e-06
2.19507359092352e-06
2.30995918726825e-06
2.17324828881804e-06
2.15581504069189e-06
2.34412345057378e-06
2.23586627741361e-06
2.36509364389541e-06
2.22202880561542e-06
2.15734755580566e-06
2.20308079477011e-06
2.25056510801805e-06
2.20248606471295e-06
2.14378754949397e-06
2.16156895640184e-06
2.22744676821558e-06
2.24433053702248e-06
2.23066905365262e-06
2.37351997846704e-06
2.30127350238267e-06
2.17683586387566e-06
2.14910013408699e-06
2.18436785295438e-06
2.13033667138534e-06
2.4041554684182e-06
2.2201584273019e-06
2.21398538025781e-06
2.24810161483502e-06
2.12987337796071e-06
2.27707735779737e-06
2.3562285628018e-06
2.23512089225959e-06
2.1284885151059e-06
2.2524425726004e-06
2.3177046785849e-06
2.22672100874415e-06
2.16454886710938e-06
2.15790622337516e-06
2.19581289527797e-06
2.14192606223408e-06
2.19398632339248e-06
2.33478898128632e-06
2.18522709402194e-06
2.26292856808655e-06
2.2121050561709e-06
2.25671123426129e-06
2.20348349981007e-06
2.19172037669182e-06
2.12734903768406e-06
2.12545292167168e-06
2.19734696574326e-06
2.19410142965988e-06
2.13516884551913e-06
2.22331815798566e-06
2.23774959287874e-06
2.30608825480645e-06
2.15619062257868e-06
2.21783896565938e-06
2.23909203594808e-06
2.35732412274797e-06
2.2288256716681e-06
2.20578811303627e-06
2.21318459238856e-06
2.26890135178645e-06
2.14712948820287e-06
2.23879529402657e-06
2.14264946548567e-06
2.29189039782679e-06
2.23797736661048e-06
2.27326189729972e-06
2.18548845021683e-06
2.20541247614368e-06
2.17066319705106e-06
2.24038250273717e-06
2.08811848420565e-06
2.22066301889697e-06
2.22541892171336e-06
2.22009340967524e-06
2.14008912279026e-06
2.30985165715663e-06
2.22345161996639e-06
2.23351068640128e-06
2.17516519695243e-06
2.19031433840634e-06
2.17276456970179e-06
2.23093684904056e-06
2.18421272785279e-06
2.16447703718442e-06
2.08743094102645e-06
2.19744120150386e-06
2.16621129855979e-06
2.15850249348566e-06
2.23176747277748e-06
2.23496286501334e-06
2.29054937925448e-06
2.21908449345102e-06
2.19814031762752e-06
2.22597116923998e-06
2.10444524392054e-06
2.2242912698061e-06
2.21553716289227e-06
2.22701299458049e-06
2.15067825587443e-06
2.18620728045767e-06
2.31383239921716e-06
2.20532570505214e-06
2.1876888714466e-06
2.16028336187655e-06
2.20532904992314e-06
2.18952276084907e-06
2.24844950666874e-06
2.03399584991701e-06
2.11550206265443e-06
2.06731854382538e-06
2.33650047502186e-06
2.19990762250898e-06
2.23496919931058e-06
2.3589838663445e-06
2.23873489775951e-06
2.08702515658517e-06
2.21778450805938e-06
2.21505209521911e-06
2.21222767859868e-06
2.22837257432521e-06
2.2586385194083e-06
2.26256832108909e-06
2.3332403294655e-06
2.29799419973054e-06
2.20989142021681e-06
2.26768704269121e-06
2.24122176452629e-06
2.14197788729362e-06
2.15970231900716e-06
2.16041421321326e-06
2.2934531116399e-06
2.30342769591321e-06
2.29294513225345e-06
2.1121864457711e-06
2.10519076623888e-06
2.17690106045163e-06
2.26747946878706e-06
2.19384754672511e-06
2.20315256357148e-06
2.36071059289704e-06
2.26515717236215e-06
2.06356127257087e-06
2.28588667382669e-06
2.20328841876683e-06
2.29398154082728e-06
2.23250442420966e-06
2.23332906610882e-06
2.22365109979711e-06
2.2448973193493e-06
2.25875823216734e-06
2.29745886168627e-06
2.19970522707248e-06
2.14341564038326e-06
2.1719388612434e-06
2.19604022250044e-06
2.29505632140375e-06
2.30401306758731e-06
2.13051289018248e-06
2.17499315191766e-06
2.21333811870546e-06
2.18048395953804e-06
2.21991652279104e-06
2.19567357574092e-06
2.17484819905049e-06
2.15254009993334e-06
2.115219036725e-06
2.19597642643941e-06
2.210223044239e-06
2.18315893626085e-06
2.19734631064125e-06
2.3307043877361e-06
2.21449279730301e-06
2.19854548243963e-06
2.22134316196294e-06
2.06847119035237e-06
2.23164654985366e-06
2.25800779926224e-06
2.06725480844341e-06
2.21673919622832e-06
2.30828057200154e-06
2.25845121182721e-06
2.01910403628201e-06
2.38317415715772e-06
2.17791607982512e-06
2.13858390374659e-06
2.08327089566571e-06
2.24545016060563e-06
2.10001887072045e-06
2.16085004669394e-06
2.20040601208589e-06
2.27492581848723e-06
2.25076549545513e-06
2.30623121459873e-06
2.23148775147036e-06
2.16300936027938e-06
2.24735795890479e-06
2.18357220726632e-06
2.18996669369075e-06
2.23587668566023e-06
2.21595816893172e-06
2.20135065652467e-06
2.13589349823615e-06
2.21639871171708e-06
2.2322096578028e-06
2.16985065187137e-06
2.23243353200678e-06
2.31164561804001e-06
2.17977438918644e-06
2.24321061296647e-06
2.3299173918886e-06
2.24396021873363e-06
2.23782762594996e-06
2.34127475762188e-06
2.1452015443147e-06
2.17359005045091e-06
2.2188064357875e-06
2.24958626152067e-06
2.23399091998704e-06
2.10654397067106e-06
2.15885791052518e-06
2.26833686645526e-06
2.29525968988259e-06
2.24744373494831e-06
2.21341160490616e-06
2.19856545338601e-06
2.19098372490206e-06
2.19951790625563e-06
2.18211838985107e-06
2.17090405124723e-06
2.2514277558538e-06
2.20057213540298e-06
2.2056961195303e-06
2.22968359436454e-06
2.17366536352265e-06
2.20287308621358e-06
2.27023074202252e-06
2.27234299440556e-06
2.21758053599064e-06
2.252466003796e-06
2.14918653203043e-06
2.15140039146983e-06
2.25537682967769e-06
2.29321391600191e-06
2.31418224949066e-06
2.17790279785783e-06
2.19549517616806e-06
2.37489585116697e-06
2.30965274743101e-06
2.19171281851881e-06
2.14655503917217e-06
2.10243622234785e-06
2.19621043408975e-06
2.11422131945078e-06
2.2609186640627e-06
2.16953021982955e-06
2.24637431578226e-06
2.2032329787578e-06
2.17801472351807e-06
2.21899899203551e-06
2.19408725543438e-06
2.24058237015532e-06
2.22711846223072e-06
2.24250571625849e-06
2.26738841797647e-06
2.13568061272418e-06
2.2028865473829e-06
2.28602339999967e-06
2.19167685036395e-06
2.20621979484364e-06
2.20390881624885e-06
2.39402589363018e-06
2.2599600784373e-06
2.2006506837664e-06
2.27516076624467e-06
1.94232997301771e-06
2.26830264732843e-06
2.23693816904102e-06
2.15388429739736e-06
2.15813489865113e-06
2.15221488954681e-06
2.32625465278523e-06
2.33127271548141e-06
2.22291195553068e-06
2.20884675178912e-06
2.13709010200945e-06
2.33967224821173e-06
2.28295837575256e-06
2.24285728674424e-06
2.20886539594172e-06
2.25157715487028e-06
2.27303028571606e-06
2.23576600681175e-06
2.17473910028082e-06
2.16886227551234e-06
2.24778048125371e-06
2.20345012381189e-06
2.2844317559367e-06
2.14714023388558e-06
2.0636791105839e-06
2.13645945469813e-06
2.18504721145008e-06
2.27334088727261e-06
2.16515689378866e-06
2.38554435391303e-06
2.12254822808315e-06
2.34680083541116e-06
2.19223345300869e-06
2.29135298526904e-06
2.31694034051407e-06
2.26048672509556e-06
2.10214216832553e-06
2.39956177334874e-06
2.08384818425941e-06
2.26657143580121e-06
2.22515310164866e-06
2.2639525883386e-06
2.32030476067031e-06
2.32725861880231e-06
2.18390475884076e-06
2.13664735272735e-06
2.2744840101679e-06
2.26138516201935e-06
2.34030443851691e-06
2.24410530121809e-06
2.22879291521485e-06
2.19112547531927e-06
2.16524672778005e-06
2.2729637274568e-06
2.32121837393904e-06
2.24948706212981e-06
2.15323927787689e-06
2.1633734544232e-06
2.17272654853998e-06
2.16976771512355e-06
2.17224111320588e-06
2.26539139020418e-06
2.14421304307271e-06
2.21894813346454e-06
2.03995334308399e-06
2.38448074984679e-06
2.2058861883809e-06
2.18081335535027e-06
2.23378742777821e-06
2.17812878864137e-06
2.39180439432449e-06
2.20673851563117e-06
2.20492639704071e-06
2.35236910909373e-06
2.12056550857964e-06
2.14666939945565e-06
2.30051921532777e-06
2.1868551176219e-06
2.26985891852266e-06
2.19464839518575e-06
2.22864169096871e-06
2.14037701009905e-06
2.20618883787541e-06
2.27336406879275e-06
2.07519168503437e-06
2.18803082703438e-06
2.22660901088638e-06
2.38753371279101e-06
2.26188749814973e-06
2.17034137998625e-06
2.20799259279675e-06
2.3185809496797e-06
2.22776393533836e-06
2.16717763411949e-06
2.25810749837829e-06
2.08877944575385e-06
2.16645762911492e-06
2.18984300737155e-06
2.16062073555976e-06
2.2720279490951e-06
2.15035536299533e-06
2.08274777708856e-06
2.13270725051343e-06
2.25961871310227e-06
2.2395884371166e-06
2.28138104447638e-06
2.12547324635376e-06
2.27318938167891e-06
2.1659928976591e-06
2.20788335987487e-06
2.11538091018554e-06
2.21943486479151e-06
2.09154921180752e-06
2.18802133300087e-06
2.17010943534172e-06
2.07382544622081e-06
2.3141487786858e-06
2.15273711012747e-06
2.14986070038627e-06
2.31575942340005e-06
2.2055566581136e-06
2.25310993944408e-06
2.1231426524017e-06
2.15210324304659e-06
2.21002637700967e-06
2.32478312238559e-06
2.20413192709207e-06
2.12901262991341e-06
2.29836100752941e-06
2.26148699402918e-06
2.27305606410939e-06
2.15957611705996e-06
2.21158691160824e-06
2.19532076493167e-06
2.18903452870534e-06
2.39494597808455e-06
2.30038980174872e-06
2.22168758766908e-06
2.26426880408832e-06
2.20319180320556e-06
2.22077206995455e-06
2.19820291989093e-06
2.31229591663671e-06
2.27237581370697e-06
2.13603500038367e-06
2.16995755863823e-06
2.23894093478951e-06
2.22049466828831e-06
2.15384289649143e-06
2.20006445227831e-06
2.1479948786048e-06
2.13453222000913e-06
2.20892277582038e-06
2.26179743642978e-06
2.19821006121735e-06
2.15193389567513e-06
2.26657879017003e-06
2.2764094728933e-06
2.28148596205419e-06
2.24052680920113e-06
2.31210418769124e-06
2.14546119036411e-06
2.225571472268e-06
2.14276091428452e-06
2.12432289881535e-06
2.248952713137e-06
2.20397127502665e-06
2.17845227379928e-06
2.16188365970911e-06
2.27543134327695e-06
2.20813372799618e-06
2.17980891723641e-06
2.26194473124367e-06
2.30310416064114e-06
2.25469800663987e-06
2.16838914194596e-06
2.17446790172298e-06
2.26721706845123e-06
2.25877343241664e-06
2.32201244696582e-06
2.20003582159592e-06
2.36318078242862e-06
2.04107022639175e-06
2.35355951606626e-06
2.20413268636778e-06
2.1853161396477e-06
2.27996300569353e-06
2.10526437495435e-06
2.12333571580346e-06
2.16416439608986e-06
2.23908495914608e-06
2.17895468387451e-06
2.22398333518212e-06
2.23911978022122e-06
2.28633169376985e-06
2.17830753336166e-06
2.19056249463301e-06
2.2571566483063e-06
2.227157168922e-06
2.23481218118852e-06
2.21167808764083e-06
2.20103930256417e-06
2.24977172101099e-06
2.17029272308051e-06
2.26210860087545e-06
2.12035211554875e-06
2.22950099494288e-06
2.36094016556466e-06
2.22950199285635e-06
2.29119361034335e-06
2.00999216795961e-06
2.12080664124839e-06
2.11479966075544e-06
2.27707120740972e-06
2.20062369638675e-06
2.1763479939905e-06
2.1670271632246e-06
2.31869740841631e-06
2.29223551900135e-06
2.2153008862662e-06
2.21282380284882e-06
2.28678266735595e-06
2.25524621218734e-06
2.18706663441814e-06
2.27388697822226e-06
2.32894466762171e-06
2.17467096777834e-06
2.11836712195672e-06
2.31741477999827e-06
2.2652974063366e-06
2.13923528877666e-06
2.25389527741093e-06
2.34569686235505e-06
2.12909575474987e-06
2.08493371305523e-06
2.24021225048571e-06
2.24548322824225e-06
2.18914643192484e-06
2.2372643212057e-06
2.09302107691608e-06
2.21134238363427e-06
2.07705733616472e-06
2.08060740718108e-06
2.26483799617336e-06
2.21131470011136e-06
2.31356798953185e-06
2.21861844091744e-06
2.3307576836764e-06
2.25247788069661e-06
2.1248526065325e-06
2.15469972667918e-06
2.17680413822304e-06
2.27396134361124e-06
2.26491249050686e-06
2.15807581786648e-06
2.12260503447664e-06
2.15890383424561e-06
2.17536021932915e-06
2.28267484285219e-06
2.25362644241574e-06
2.12872515335145e-06
2.29954119259517e-06
2.29819679183673e-06
2.21925906360189e-06
2.31472497471461e-06
2.16844530092277e-06
2.26160077004329e-06
2.12364384994371e-06
2.24740424248347e-06
2.09881011469193e-06
2.14437489758567e-06
2.26698759550237e-06
2.16348275214566e-06
2.27631552120151e-06
2.13923583343793e-06
2.21982859385056e-06
2.26597757039396e-06
2.18606357874797e-06
2.24028987876018e-06
2.26667269620092e-06
2.21625033132407e-06
2.17520786700899e-06
2.20783940132598e-06
2.25101977029994e-06
2.28571818662818e-06
2.24160763585517e-06
2.25265889385234e-06
2.13395382342275e-06
2.25096348795163e-06
2.18994972144986e-06
2.21536130334892e-06
2.23208602409051e-06
