0.944225959637947
8.04007691629624
5.32488327230942
10.4187217309426
8.73096785050245
10.1592901518538
-1.33838096917339
-2.08825178768529
0.268518516534527
9.67343400814855
4.0031428709417
12.410657284527
7.91588542465877
3.38039538510532
-2.83317191318861
3.6549070116838
4.4706963734501
18.5487090621199
4.89944908504413
0.822264222548711
7.88547852375564
8.18914640800324
14.3762472741017
8.10612315671426
17.9694711305882
5.69119186679063
4.04388936436726
4.97688668701585
1.08798129948764
4.4004749812683
11.5727262025897
0.786378800879561
11.6273551040774
31.0453448791574
16.8916137377763
1.79999585285191
11.457873289218
2.96931592482895
0.979388912193258
-2.45999778448038
7.91970853443308
20.8173556878688
3.66486032520982
4.01137804504128
17.4066420494514
13.5394332593314
2.25991888447163
6.04002254106649
7.14104871381517
6.01335476586974
0.597563888816126
14.6248129995251
-0.720440986736207
7.74370212541942
20.6557514113986
12.5038848536343
3.3213345685075
1.40240048246301
7.0086702762726
2.8544498044065
-0.334448987298401
6.46609424820667
15.5578291793137
6.21816068887836
-0.438237435089718
9.95417414302892
14.7412005706584
18.3669356827083
6.90828620527179
8.042185281147
-1.11852836576998
5.66862936713312
2.01704282191145
-0.0729432881959156
10.4237335075887
0.447732706396209
5.68506308652059
5.32552871468329
10.6567532831339
2.83395961818849
27.7385519794994
2.48035990622998
15.2802817007363
8.89970507339046
4.20854436878483
37.7065447708992
-0.104034262372465
4.32358555725284
2.9068682890711
0.39812118879729
5.30753487047605
-1.42430540972487
10.3328410765176
12.185280245518
6.10991388474156
20.6975213744973
2.4176947263303
1.71417001670784
6.84326294063874
5.44970699231169
18.4157466524495
-0.452730114915539
13.2320891629705
6.89383831628641
3.95835286910437
1.61487921157868
10.8606434489966
4.06776849166192
6.31836561328726
8.66078145560641
16.0631675718108
1.00827839861358
8.64023781179435
2.79744976035965
0.568818200572082
4.18304221199878
-1.21799754366555
6.84806805815583
8.03553977236209
3.89267852630826
6.0170811944248
4.0391552942408
1.63751477388257
2.27293882377171
1.25176820196918
16.8753234224588
12.9280674937079
8.51534525525869
14.0570000087132
-1.15052857395801
-0.45254711788823
6.97237502720884
9.39863077190887
-2.34419791725179
5.27831265685711
4.40793528071106
2.87724566667885
0.44926314285442
9.36252087342348
5.92712532890209
2.6290506154437
5.39068036124547
6.91467414051419
15.0166978174835
0.492807373827986
-1.01237381632507
10.9120487592945
7.69580181950835
-0.524906421668788
3.14045775835859
17.1506864871683
5.71128409336052
-1.4994787280931
8.69438702298146
1.74047950862405
2.42518899827428
7.18446270256345
6.30074678621702
2.2855877931828
9.15749538494799
8.27815624303776
14.7481391447681
5.43513963368355
-0.514247188162926
-1.8695027362287
7.91910425847027
6.13388988011343
-3.18654855398324
16.4035145375497
11.7474989330424
-0.055241309189455
12.8708892674941
10.2513267607211
4.59244799851183
10.1416001712405
-0.80247705041586
2.42012017517982
8.0343162105778
-2.01090882533515
2.01193889216188
17.9850081974627
0.929931070898078
20.7590685589255
8.47113800756063
-1.01255158142465
3.86500484532678
-0.280064361190512
-2.68995202174426
9.02125575695879
6.5437083631947
11.9422911354255
5.75371919273562
4.6202714007012
7.99090482469467
4.48070043551763
10.6906730217057
7.23500125259909
10.6911719515169
10.1379948127923
0.711569131732176
5.47648557541061
4.62799208100262
1.1276406002803
11.2989338817688
9.89503573602462
3.16814547101535
14.295477996017
10.4148684386068
9.30591806167195
-2.7061778479067
5.00813734697169
17.7995938066865
6.8101727367681
7.97164112591145
15.0647306379948
1.16831038206533
1.90015406973214
5.08439327705958
5.71466552016636
-0.881900894912746
1.50677654322226
8.90171842758866
9.96142923988577
6.75425223525713
3.75453355477873
0.343304687071054
9.51716255361521
5.23517004591997
6.73393077743765
8.2547192421647
5.87306298930116
16.2743094576347
1.43839102410675
0.357264611518985
0.590414971631731
0.201541615387896
-1.41746051067435
6.24875212458494
7.31025003806133
16.2566838834148
2.75610341910954
4.68298537602072
8.14114908393844
7.50071221991561
8.03242315357443
11.2210177647358
8.70868505896374
1.47722459360057
3.56628136550933
2.84176671440002
7.80124252630924
25.2189318384293
4.49869588122237
1.63578752104206
1.44942539678152
-3.66476118379364
3.17784824156763
5.36627042008422
4.72345177629245
8.56051723869655
3.87087754452557
23.6721262233493
11.4769825844112
16.3387683373768
9.99598623556926
3.98235843770078
9.63837438159248
8.05529700784189
4.9058164403757
9.94884838843041
1.32385081596453
4.80912179967936
18.7746320958156
10.4043521204495
23.2741547275822
7.16905276387922
2.38360273648902
5.89164420685438
1.6658352632096
11.1783520073269
11.8273431501552
10.4248853459168
12.8460467337668
-1.31587519878167
20.7522600067906
12.9676212805351
10.4632239057455
3.99190740950837
17.0244865122546
6.83699000073682
0.992002649173855
3.93848310300825
15.3271842711158
6.36788998357019
4.00886915138415
0.916376255613727
8.18352278970406
1.80825060839254
10.8856572880049
7.05654697987427
4.46489428136658
7.36638702833579
14.8963039639219
4.41765948185923
-0.531803053510771
5.2975624230146
8.61355081137617
-0.985971931827976
7.15041991819305
4.0239382374408
7.76466309889895
3.95677922769164
17.4431042898071
9.00639510646954
7.07029452028075
10.4790157709344
13.5157787528154
13.0023834000056
-0.936289448717957
17.8769817145461
4.9904961476642
11.1750051069845
9.4670597549391
-1.572074442587
-2.86194763824301
9.05554301022312
0.424608007282131
15.3415979165592
9.43081658690517
23.5423096203209
-1.08438054549833
9.25756673292983
1.53668787982167
16.5974010514939
4.0861746766933
14.8468876966541
6.03138299668706
11.2320398573668
-2.46625436383727
4.70475419285617
15.1174555211314
16.5075992568709
9.09019082208681
11.466858629908
11.5485897789155
3.79458300891758
0.6742522670786
8.63678253186754
-0.379820153150263
11.2077051813916
4.06635247717929
13.4730931984103
6.01312444513121
21.8789777850013
15.5057318065451
2.58611576409237
2.6998100033594
1.29345310615668
7.17298709973863
0.892745707356198
3.46336034359092
0.743094570743892
-3.32697822875741
5.71104962588277
2.94700456371845
3.38529042928872
15.7758500316097
0.569717442138199
6.13481217000685
11.5321045406729
6.17239487707752
11.4039990514724
6.61878101149875
1.63292788671015
12.6232551906667
3.70405777530743
12.2208305025025
15.7146599448091
-1.50695016967813
6.74826597959543
7.15691896047827
4.96898133391562
12.7697108835371
7.56852603258062
5.34569311353562
3.94408695371442
15.1587959856206
2.26073353225786
7.54657239206165
4.45342081327044
8.89748102674957
16.2147398908255
12.4737983684714
14.8566005277108
11.4671733196626
-1.74808202287693
2.92041120084343
4.50715279351016
5.14301097506211
15.1008646341228
6.23594604329628
9.19475197751683
15.4941241221206
-0.00464209751260114
11.9728745942851
12.0434199262772
2.18250866632206
0.256751061202067
5.07065459157957
3.56030998553604
4.20676271920422
5.15978524512502
9.2099495346373
7.01428251019377
-3.12022853273425
1.68370381851639
15.5786756031291
15.2074842285471
-0.729818293785343
1.92086432706913
6.04127453094816
19.5415274942715
0.703105921184488
7.46938455537907
16.5405057562874
11.5855157755506
4.85592621090132
3.90566327643
5.66967128683336
-1.04621657440157
14.0194735931951
14.9859504395262
0.0158836539974345
5.00101320006377
1.98763751945569
-0.511463965030316
-0.543130989863698
6.25340771911522
-1.23139060337712
-0.181524355791339
6.29027039635946
0.899121763725134
6.92417432044897
-0.00281324379625403
6.17814339624385
10.6231444698387
6.13310193399025
5.73676856396958
2.75906260129318
8.325084331276
1.27076138427367
6.72118631551893
15.5103502306639
1.34909212647415
-0.79704730867229
8.92619415203933
2.79757772007054
0.0359139157716299
9.18992821816084
7.43973677516499
16.9896221864539
12.558639722061
8.65861238092941
2.91529292135658
1.28054042469876
8.58417120148965
8.50577592690593
14.1713107767426
1.03710303157106
9.18826475214325
20.134651076208
5.8805284379124
20.0538397231766
29.8158578258677
-0.336443077624608
1.8295516017879
1.76927588031549
3.46174357915299
3.43469014198979
16.6969175057056
11.0460771842287
5.43670315645727
8.32506418682522
12.2000731861309
22.9488806260691
5.29372222914901
7.80979455589045
6.11076354804743
21.04434201431
2.90158971585686
18.333163381054
1.08108560836763
11.9119565700448
1.84441826684656
3.50587521235548
9.11443302640066
9.57534930271402
5.47922241754145
9.52203887487474
24.5560178059702
0.368163778420126
6.59393484919576
-1.00317013773565
9.19971443027157
7.94940844667462
9.09218427805615
3.70049806329678
4.93863173050477
8.54184548476076
-0.889264027121726
0.72727837337402
2.02813455433932
10.1260738552652
15.2826354537791
2.80359059628995
7.72194996406597
6.57476759994881
12.2412428905235
13.4204175308581
6.74092464598118
2.60027749087953
6.8326744978167
5.90053773530212
12.617412552781
5.74024129196971
13.5723580627968
11.5975673885171
13.2209472121245
8.56607230696454
7.08851942599506
0.0548880332490853
11.9395233773937
-0.980550363121097
9.63523440821291
0.639031479772484
9.95158005577525
13.3416948036954
12.2880607730893
17.0627867369507
0.540565563195628
22.6106817974344
6.01483315949804
-1.12001104790249
14.9142019739035
11.9083795285552
3.64667610649281
1.90200639929333
5.19996862294931
2.01854316110291
7.07168399618547
14.7898391906093
8.72930626845198
9.36314148807617
10.5221576935783
12.4154842531568
5.1697380919901
6.72742831042092
5.10601330553698
4.28305263263928
8.95782420867488
4.98629430279902
4.69383288275083
12.9995223697998
3.12775805296826
-0.317376566487837
12.9649147894875
8.95187724475863
-0.78103307094284
20.3036755828879
10.9963954474597
-1.49439796748629
-2.35498152202399
15.0485781773102
15.8174200420589
5.74600566832328
8.55562696712934
11.8359378970033
3.38284802591977
1.89604107508308
8.03645519004203
8.67032280850992
18.2550196251498
0.414536012448139
-1.95791693736726
3.86478153678274
-2.06464253608624
1.62394293994669
7.54054384357414
1.81932839931255
8.2236108039682
12.3639755432704
2.45664586758789
-1.36534037680906
7.33346378475437
7.01367554912486
-2.2195348849325
4.76599316805243
17.1961574788123
20.1505526551288
-0.520754733822287
26.0679282113913
16.9230429334368
7.03003358676244
4.394189897812
6.22153265341251
14.5023676688171
6.760624039454
5.58260755509764
3.99740121934553
3.68142198412124
14.7773593547576
-0.448046449858793
-0.763936244474735
10.9889347805705
22.6079884786092
14.1773126550981
-0.0904487690470432
16.449657942458
9.18927509777768
2.04312377699205
-0.848419008673886
0.299466531447365
11.7855828166108
2.6720666901291
6.65863630350384
13.7703254725449
6.99066914585478
4.75974708849139
-0.625612358302646
0.0292563619857447
9.15872884436476
-1.55557687241435
2.64372046849178
12.7436061163224
7.74070772970856
15.8515470206834
9.13175895205768
2.66889585982062
11.5352090101983
4.83906466969836
7.85010533336083
7.38816836400576
4.88822830959805
7.07521549095861
0.72484418076931
7.68374501058668
4.03181344113841
2.37407580556965
0.345971134727165
8.6534279341646
-0.786636219371189
1.91810524564335
3.70234306527209
7.05405962865689
0.776833308222763
5.78569319238761
1.98796628951789
6.85942328489693
6.62506794639694
5.55885210926544
6.45137600779071
1.66203741580102
2.03684499863948
8.09172016722607
1.13393380434763
11.1075784897304
5.56741685946122
4.42786509559278
14.9458610167482
10.6913544758941
0.137587735472152
14.7400301105866
2.54977447173417
5.48059759172872
1.81364205238219
2.16342538545746
-0.837147906244354
0.87982487147633
13.7727820062804
7.26178813189165
0.238269230617789
-3.44860424748606
-0.149987467035089
14.5049704792707
7.64645568740741
1.71488320440073
8.20522805857934
10.6774226067675
4.95582141793705
-1.90338382338791
9.15989533720324
8.60845607051965
9.52055603084807
10.0571996641121
6.10055906099001
9.44054443147422
1.77019371381903
4.44324271311177
9.3260444020691
2.92321732778339
8.73022696697331
10.6291098998005
5.39167470578434
1.45987389463244
3.1198276410654
4.06001539939416
10.6221284270624
-0.7241363669267
8.71734579046768
12.0893146886123
2.61489229793756
-0.415054613161828
-1.24238060861387
19.6435725737381
1.99750711083334
5.63527720938816
7.41820710146874
9.69336832437557
4.22296466591274
11.1617170067215
5.75329615106909
3.95672427355589
12.4572003910563
7.80813873074533
0.674684873782667
3.92415182709294
10.7579822450858
11.7946807301688
-1.0241996422136
5.08407819243189
6.38547583360423
-0.232813202933698
10.0525691361115
4.88910299659358
11.2221589866402
7.08628930269663
-0.040112237126209
-1.58861818632977
10.2292075981842
8.44610686829276
7.69435711072799
16.7232312665085
1.82672126940088
17.3209288199251
5.17696235226674
7.24414147007542
-1.52593484745182
14.478806314387
5.97003046570978
21.4503342614925
2.39348972569792
4.33333694963858
7.73453134499618
5.0245746257051
10.9791685816348
3.73507091613158
7.96183244575741
0.581906159591199
17.7637110019385
10.7364962409659
6.09352168915302
14.1180577066783
14.6896869807389
11.6528782369628
9.78335142521416
17.9551106328009
2.30644526740241
4.79255980892697
0.508179674853181
9.26732509116744
5.31923355031756
4.6352935011015
10.2821485418036
18.7236618502924
4.68746088763612
0.971077677750714
5.68785912415069
4.37135371423005
9.57601672133785
1.21997660376815
0.0946511711824769
6.58635296333239
4.70115914702956
8.66357876711845
12.4227986423946
16.7616581790393
-1.39852108995353
18.9902601328184
3.04686420089899
2.86450097215902
2.21893804293018
2.17483311744581
2.45140855900513
6.23730407130643
9.42032969530169
7.82214030584839
8.75329889564398
2.8972796268431
12.3554807472144
19.8297344494515
0.776542587537961
16.8053946232354
4.41921991988272
1.3271713747348
0.664482152132223
5.91708988501989
8.09556292478715
5.74384617785699
4.23367060944895
-0.915502320843871
-3.66773370218016
13.4136072131544
2.82821778843208
7.02009716485861
5.84205997261427
-0.922288138817862
2.77544988503303
11.9143822384365
5.16748974665381
5.862148385007
9.6892721680174
0.198732934772011
-0.227474627016136
4.79385360789217
1.9427357954421
13.7256794230278
1.24740144949544
21.7463185417413
0.863272112338677
10.5647108720601
10.1404756107627
10.5187921070099
5.77227814068954
7.72101204114995
-2.42027156409858
6.89659158164181
7.20099410435682
6.19461334095547
14.6203737663566
5.55059784997013
9.80693768848334
12.0351140186179
10.2554836372973
10.6087902309578
9.42799865789732
10.361641497055
19.5245861783737
2.41596135121631
6.01902605027624
4.57806616197377
-0.073747639603198
8.37868301875244
13.7143015111133
1.61120840541219
-1.4105970702434
4.67841046686112
11.9563616780847
31.8037623374557
1.52780441556433
2.20744286667912
1.91373809279253
2.13927415134447
11.9541287271654
15.2988168002464
0.629475215785078
-1.00102065355884
3.26317863557608
11.1816157372671
8.25164797808986
7.15633696762097
1.05106005884579
11.1141128569091
14.6845353476045
-0.327879897184062
5.69738183110042
13.5978073047626
6.85208492392121
7.94292995047249
10.6451384572297
4.03527476049533
15.1088933917687
9.89150040399977
7.63023768341316
19.2646584736563
5.20868189680812
13.2166858900202
13.3583679583835
3.69980307852836
0.536557598610898
5.25976424664634
4.16279964601983
16.5055847625077
5.40748105440935
3.91486880367972
12.4652105680508
2.88698995111884
11.6419936497218
11.5111327401477
10.3525384211212
-1.43652599360212
3.66241500395142
0.00417517226344444
10.3737543397572
-1.57743561142456
13.9749517408344
12.8964074226553
12.0262763618751
11.0255858373814
4.90857115953509
9.53514626862898
-0.697826731771329
5.83040223337821
2.54622992440238
16.4665690219525
6.74292211601414
7.25670239991098
6.92156508043422
7.66512623638016
0.525700877531108
1.4731591931295
15.1200122424688
1.13973889382294
4.43798729884065
6.05004447232545
16.423064333007
10.4893215152276
8.72271654327403
4.06220655042034
1.47305563512634
1.5008145423493
24.9447680681392
17.2780619721391
13.3140114082571
3.57178707842888
0.358465571754664
-0.118508785851645
18.7495107101666
7.64568965712203
2.92321439031321
0.267774668601987
1.9705547180547
11.7485178062948
10.0483728541799
16.9644763248322
1.79893314997003
2.22361704440027
1.01493469060222
8.60191056735721
6.48296184946742
10.4638102671123
7.39370182862592
12.9379823868551
18.0427698611064
6.75149174135254
6.63834518603767
3.4342257199952
6.34456105164611
12.2900761895003
8.26619956966363
9.16579609868279
17.4399854153933
4.65618895586397
1.98135000405637
-0.877991033465833
7.39748520295257
4.46205014391467
11.7506006679725
8.05279482908577
14.1895945466232
14.1185103551034
2.5118323752863
21.7043388926571
3.27642965522034
3.69341132318164
-2.43915673499953
1.01723862645611
4.92249082576598
-0.62224726854663
6.66133907417634
3.28745312012336
7.18686605176845
7.82209380874087
1.61841839066233
10.1365676796277
10.577688860024
0.629904723802156
4.4455328296491
11.7078736506215
3.68499803132329
7.00439818853965
-0.283089444604684
9.81322085450688
0.682620870063033
14.7062835259437
8.38248757078827
7.76251601036824
-0.808674483927234
0.612128525669391
8.3955127349077
7.49440029415018
