1.65409828741671e-05
3.15492032318608e-05
2.32494113971038e-05
3.47954766436989e-05
1.86700297549359e-05
2.95478187174002e-05
1.13868157413988e-05
9.64016860510813e-06
1.73387823813865e-05
2.2359104994715e-05
2.29300830194337e-05
3.44871276394717e-05
2.19616042981793e-05
2.06586194001477e-05
9.09524763915601e-06
2.00050839888747e-05
1.80371581387703e-05
3.59321102854544e-05
2.06755141586593e-05
1.47991406338267e-05
2.36406478844483e-05
3.24110430277952e-05
2.27032338413703e-05
3.2590995295166e-05
3.46928244258078e-05
2.2756816522209e-05
2.92483673199325e-05
2.28571034041633e-05
1.71838292400847e-05
2.5116360062835e-05
2.65896738676252e-05
1.81701236464389e-05
2.98450192320316e-05
4.93009796347269e-05
3.37149427012761e-05
1.5949440096836e-05
2.992369641102e-05
2.13539920736436e-05
1.60658680861038e-05
1.16907289535214e-05
2.16031993227671e-05
4.164535726569e-05
2.49681634514275e-05
1.74370663808778e-05
3.40494164403134e-05
3.28217803928099e-05
1.65073226033778e-05
2.0946689904453e-05
2.33855613676693e-05
1.82793360255921e-05
2.26203281001921e-05
3.20990965997398e-05
9.66356946654525e-06
2.40201235689683e-05
3.2623427008013e-05
2.38795950113054e-05
1.44675833281521e-05
1.52146705157574e-05
2.24755435884831e-05
1.99465305584359e-05
1.31284893132675e-05
2.21978922010996e-05
3.44545889122397e-05
1.91529856718108e-05
1.46864002686637e-05
3.03325200988735e-05
3.48083789801908e-05
4.20026003865571e-05
2.60678869706758e-05
2.87045629701027e-05
1.12798935225218e-05
2.80637582691018e-05
2.15219961678e-05
1.68181689513677e-05
2.99581553007605e-05
1.48292114824296e-05
2.4535228218415e-05
2.56644374072778e-05
2.36423439783345e-05
1.7707530668697e-05
3.75849745252655e-05
2.10277522680265e-05
4.12280069193297e-05
2.58782983374382e-05
2.21415941983726e-05
4.90552068399938e-05
1.20045482444319e-05
1.85027756612282e-05
2.24405608294604e-05
1.50599040284892e-05
2.14321940632474e-05
1.26408703050375e-05
2.55340820561576e-05
3.2820939689774e-05
2.54945478227055e-05
3.27964261171671e-05
1.46559910698239e-05
1.57342961439839e-05
2.30967235071245e-05
2.5701996038144e-05
2.94302619903683e-05
1.0919926981813e-05
3.34743949667822e-05
2.53718945163766e-05
1.89437507500863e-05
1.49029344904744e-05
1.88275393026684e-05
1.98239724937666e-05
2.78490826749006e-05
2.79004773980162e-05
3.03967739268435e-05
1.71480563563383e-05
2.52967099072313e-05
1.92183557275929e-05
1.39854819851402e-05
2.42560658082408e-05
1.22439520688003e-05
2.14624650379015e-05
3.05106927747456e-05
2.36876379348959e-05
2.94448363082345e-05
2.1162599486337e-05
1.61133436389111e-05
1.59443580673554e-05
1.7027006296361e-05
3.42012934304177e-05
2.93268817433386e-05
1.74549680657133e-05
3.44732542288084e-05
9.14851091332058e-06
1.42387860050187e-05
2.59382293891014e-05
2.78498918856946e-05
8.78939388934564e-06
1.68585470473413e-05
2.18045120031167e-05
1.77451797993626e-05
1.44676207692578e-05
2.63915058868572e-05
2.35072427592811e-05
1.60978936560206e-05
2.18597328739484e-05
2.26893423412835e-05
3.4838309121383e-05
1.70907139842645e-05
1.1656548499166e-05
3.16783283331272e-05
3.04199294699708e-05
1.15715017318827e-05
2.18868345616872e-05
3.3847334203818e-05
2.46852531744175e-05
1.31536152871271e-05
2.4092560984227e-05
1.78691906588965e-05
1.7315637697854e-05
2.57441614255138e-05
2.24013509410073e-05
2.34002816294461e-05
3.16695565253179e-05
3.26192870130166e-05
3.11164078785181e-05
2.72088204523045e-05
1.14244045367353e-05
9.82131872909992e-06
3.46803104272854e-05
2.26514765408232e-05
3.84067619016098e-06
2.75490241172608e-05
2.78629651035624e-05
1.52852692581084e-05
3.22992127793988e-05
2.67985831960844e-05
2.20978630243036e-05
2.53140221684041e-05
1.45876995886818e-05
2.11487553253906e-05
2.58958123620138e-05
8.57220663601115e-06
2.01307177028517e-05
4.23175513235585e-05
1.42316897723804e-05
3.32793562037012e-05
2.88774859955293e-05
1.44423206939117e-05
1.73370689456301e-05
1.5656557256836e-05
9.48178534563222e-06
2.74333185468228e-05
2.10948713981459e-05
2.95774253721553e-05
2.4778113692513e-05
2.27314629353497e-05
3.01647011465791e-05
2.99369081497287e-05
2.24952857394871e-05
2.43477094622296e-05
2.62799486276402e-05
2.40259104739658e-05
1.26257776210032e-05
2.69867411295727e-05
2.22208248498178e-05
1.53919213502681e-05
3.55250205583667e-05
3.22782495272881e-05
2.06404052812967e-05
2.87111490648715e-05
2.42427427315309e-05
3.17566119466236e-05
6.19119245271471e-06
2.73120122038568e-05
4.14188842615009e-05
3.14273579747829e-05
2.51541943922409e-05
2.69740642277353e-05
1.4432165509878e-05
1.76810175956331e-05
1.48099133496405e-05
2.57400471765241e-05
9.95982647260351e-06
1.79215842904529e-05
1.80758480441848e-05
2.06458233086351e-05
2.02125101188312e-05
2.08848980705167e-05
1.50225474351763e-05
3.2403292975838e-05
2.67490765827091e-05
2.63410444264764e-05
2.12408249965797e-05
2.46828789812707e-05
3.69103826576584e-05
1.81283512192252e-05
1.94888395776997e-05
1.57563214676372e-05
1.54305328582625e-05
1.12191886389639e-05
2.34719042395232e-05
2.98781625373299e-05
3.17225864541917e-05
2.16036120762849e-05
2.23524145009176e-05
2.64116627953489e-05
2.28232133817039e-05
2.55727231873188e-05
2.70442195630152e-05
1.92827650158088e-05
2.12515503002808e-05
1.92619867059161e-05
1.75869847566821e-05
2.55702412572423e-05
3.51630702534707e-05
2.30861048491652e-05
1.40907669789927e-05
1.88117459664546e-05
1.56013530987396e-06
1.65292668176866e-05
1.97475026721906e-05
2.20881588570243e-05
3.0457013195897e-05
1.60846805490495e-05
3.7375276340441e-05
3.40798238095692e-05
3.48378407729985e-05
2.19545924851183e-05
2.55912903421097e-05
3.1799089355409e-05
3.95721688635924e-05
2.18788476178318e-05
2.41286840625532e-05
1.08903004587978e-05
1.96928078487976e-05
3.97831756106109e-05
2.59952510048531e-05
3.54184994476948e-05
2.85593156795368e-05
1.40869859105074e-05
2.53774369374806e-05
1.6517287246416e-05
2.49550131574512e-05
3.66597490993388e-05
2.79086027006984e-05
2.0942980922156e-05
1.08673457812883e-05
4.31179736867141e-05
2.9182411124604e-05
2.62859968419645e-05
1.84178354800295e-05
3.44831987040427e-05
2.07218595783482e-05
1.83064731338237e-05
1.57028177954009e-05
2.85276742865475e-05
2.3999955792041e-05
2.28374012607065e-05
1.40502947566183e-05
2.50570605913458e-05
1.87677364677532e-05
3.42111603311885e-05
3.37695364828959e-05
2.36194694793817e-05
2.78447082372093e-05
3.00194416618251e-05
1.9234801131893e-05
9.61852746143648e-06
1.93826095564362e-05
2.90375498902773e-05
1.486170754458e-05
2.79586325714567e-05
1.97123511580355e-05
2.17905102525538e-05
1.69318620071278e-05
2.90486109473527e-05
3.07820793296842e-05
2.9216421218157e-05
2.93016631943703e-05
2.29439548283428e-05
3.04547543963448e-05
1.20459928158074e-05
3.53835627267156e-05
2.1809849236264e-05
3.02589299685842e-05
2.50316743025474e-05
8.09924885489607e-06
4.78780257606295e-06
2.17638270461013e-05
1.47850548839205e-05
2.94690200066841e-05
2.593484473134e-05
3.87680559093407e-05
1.53745077460418e-05
3.24364706341539e-05
1.83367207271628e-05
3.02249693591898e-05
2.16445015509441e-05
3.10755197217486e-05
1.82260870832067e-05
2.55809586426798e-05
6.22511338401897e-06
2.31025957015629e-05
3.58941606401114e-05
3.54001687464707e-05
3.41701905501088e-05
2.74562390016659e-05
2.26471566298194e-05
1.96423045627852e-05
1.53447649027703e-05
2.52929006462087e-05
1.40771668791869e-05
2.6327089618374e-05
1.93172644338448e-05
2.92225578759566e-05
2.28489905255676e-05
2.82662277018367e-05
3.13082607281027e-05
2.65363417850813e-05
1.71873192175138e-05
1.38178820154895e-05
2.63295660862703e-05
1.41665471742804e-05
2.14361813596754e-05
1.74079182301229e-05
6.87364198231848e-06
2.95028413435121e-05
2.10694483716966e-05
2.26901468247545e-05
2.83147604777461e-05
1.86070531152026e-05
2.46334346270527e-05
2.74543593593581e-05
2.59434099263598e-05
2.16778254695969e-05
2.24551810904096e-05
1.83883578232372e-05
3.25013470151335e-05
2.8057858947853e-05
3.45744267323509e-05
3.24376391511181e-05
9.0711575947977e-06
3.13136061701008e-05
2.31636859486009e-05
2.63376161181643e-05
3.33650599184776e-05
2.28642329205609e-05
2.20325041758426e-05
1.97086136848854e-05
3.05419451590234e-05
1.59018874131384e-05
2.04909365093424e-05
2.17382335936259e-05
2.55526471645032e-05
3.16783526014778e-05
3.34434580147137e-05
2.91743319530262e-05
3.9434235804365e-05
1.23427305789793e-05
1.86630214854121e-05
2.98163705228503e-05
2.06206834088913e-05
3.37640993449159e-05
2.75587781591124e-05
3.77755476834777e-05
2.89511066633461e-05
1.59061851312115e-05
3.19960536717956e-05
2.84724557450871e-05
2.55897823503263e-05
1.73021853441606e-05
2.36808392839664e-05
2.14327274858179e-05
2.6394610593783e-05
2.49709305223636e-05
3.05669616259364e-05
2.4654688162543e-05
6.00569247611205e-06
1.79932786454229e-05
3.53972578226523e-05
2.73420677950772e-05
1.44397195837292e-05
2.05117842072425e-05
2.23648780520558e-05
2.76491040214758e-05
1.19513699277437e-05
2.38475061401633e-05
3.53411545883814e-05
2.64984428786916e-05
2.27577585382678e-05
2.19233567576106e-05
1.82676448843443e-05
1.55026162034287e-05
2.99922334105714e-05
4.12904033452671e-05
1.19927700074474e-05
1.66510357741746e-05
1.87936219710361e-05
1.17111024121752e-05
1.28907870266105e-05
2.22191447933962e-05
1.29879068562373e-05
1.55776761081399e-05
2.50655335625363e-05
1.34954159201078e-05
2.51688768419455e-05
1.21915090612487e-05
2.80874577098706e-05
2.10568915998531e-05
2.36093688679014e-05
3.10697047585399e-05
1.50206694823192e-05
2.65339416665598e-05
1.61241426384793e-05
2.10109849428438e-05
3.18367359241649e-05
1.76142523828878e-05
1.55067188472023e-05
3.00296501268391e-05
2.27565770073612e-05
1.5394442503126e-05
3.11686912780787e-05
2.26595575987273e-05
3.60420596656524e-05
3.11533368043658e-05
2.42935844853499e-05
1.75439844085697e-05
1.5768658769925e-05
2.69995746715012e-05
2.74911714112461e-05
2.81708663926948e-05
1.57588349248397e-05
2.49229483494636e-05
3.54089165605243e-05
2.20698807915308e-05
4.65375514283393e-05
4.36734798597399e-05
1.33970402753501e-05
1.98371984819513e-05
1.91375366761619e-05
2.30027449375315e-05
2.09776832796895e-05
3.41723068501365e-05
2.25673289055681e-05
2.54480112752145e-05
2.34163405579708e-05
2.59626930612255e-05
3.7394732071924e-05
2.98995479748479e-05
2.34892330264564e-05
2.24128610213945e-05
3.4284933063802e-05
2.07353570273263e-05
3.49132516157199e-05
2.09967166571548e-05
2.48081364387942e-05
1.18882078636284e-05
2.4478322037028e-05
3.03891897407121e-05
2.33392669712106e-05
2.24391935649558e-05
2.97384999396945e-05
3.88460708191085e-05
1.9170967453268e-05
3.05995755398605e-05
1.48820061855353e-05
3.14391310164113e-05
2.19572618810514e-05
2.30826690189794e-05
1.95675151575484e-05
1.9470993309023e-05
2.15830103163985e-05
1.15765864755892e-05
1.79529918382191e-05
2.02980404949479e-05
2.86748558278464e-05
2.57884089978317e-05
1.8765094684846e-05
2.69509095191785e-05
2.37843512049971e-05
2.85198308932523e-05
2.88064505428502e-05
2.16611058656341e-05
1.91027594686287e-05
2.78314181855899e-05
2.36985487352358e-05
3.60233270353555e-05
2.6730042963622e-05
4.22839126016029e-05
2.87631187365711e-05
2.358610342174e-05
2.56775842790575e-05
3.15379567452018e-05
1.59659259513665e-05
3.41926440339001e-05
1.29629586315416e-05
2.47679367951893e-05
1.35090990153552e-05
2.58169735957162e-05
2.97322838806921e-05
2.85136345455116e-05
3.543300195012e-05
1.13707070421565e-05
2.92741723344355e-05
2.18031622119923e-05
1.31512729190046e-05
2.87681436552026e-05
3.09479616852901e-05
2.07350642737083e-05
1.74013710584716e-05
1.9521368456479e-05
2.11126749599473e-05
2.05635723272686e-05
3.00567300780549e-05
3.03299649696337e-05
2.88834227895682e-05
3.05055697053412e-05
2.66089430140368e-05
2.20456180195634e-05
2.11966570996136e-05
1.87907650789357e-05
1.92437575896427e-05
2.67169569598576e-05
2.08003071351646e-05
2.50198852216757e-05
4.02720504886746e-05
2.02690713237163e-05
1.15935212678837e-05
3.23441250811137e-05
3.07262578188763e-05
1.14896030653472e-05
2.57099118273848e-05
2.96284357546271e-05
1.00977545677707e-05
9.71472764649677e-06
3.21419382259999e-05
3.4033987901224e-05
1.83693016205077e-05
2.92707802392177e-05
2.75316761768401e-05
2.3490171713324e-05
1.88644971577571e-05
1.83970794192979e-05
2.74559180044179e-05
2.64218365349431e-05
1.25882713561561e-05
9.11436957481667e-06
2.19336296913879e-05
9.02407470638906e-06
1.3550274539775e-05
2.33088309119212e-05
1.67745669092308e-05
2.43973494016595e-05
2.37114920492878e-05
1.70359411356954e-05
1.2660782796788e-05
2.18902466712927e-05
1.92889682812975e-05
9.53401027796048e-06
1.93635287408597e-05
2.5594754285453e-05
3.41547865181632e-05
1.7847608097436e-05
4.19114956801836e-05
3.95203624877535e-05
2.2688023408519e-05
1.96732833983319e-05
2.30375242240437e-05
2.81644943254934e-05
2.66433348373445e-05
1.96666996876672e-05
2.62058261597666e-05
1.51166303061108e-05
3.88468582610538e-05
1.07605129342114e-05
1.33712848330911e-05
2.86289904103425e-05
4.2529480965736e-05
3.26460161400516e-05
1.60108828691731e-05
4.02011871870503e-05
2.52171182906862e-05
1.8168467531184e-05
1.21654515287891e-05
1.71100087546089e-05
3.95373731136971e-05
2.01629727412377e-05
2.84164830267881e-05
4.41708527231723e-05
2.36337313792043e-05
2.47512241101445e-05
1.36026726788786e-05
9.58635435037375e-06
2.83849797116389e-05
1.07975364351505e-05
1.45477605544639e-05
2.42719038889536e-05
2.50374123308672e-05
2.97423444773074e-05
1.72335557275012e-05
2.06706837962262e-05
2.95081033866276e-05
2.28281536905395e-05
2.90582878050461e-05
3.17854212582546e-05
2.89458941186527e-05
2.18881739414192e-05
1.52858913631401e-05
2.63064784329836e-05
2.61504949288746e-05
1.64593828396644e-05
1.45999164626474e-05
2.42150530119352e-05
1.29375427354944e-05
1.5720017229523e-05
1.94266627699115e-05
3.07012130513933e-05
1.8502220496678e-05
2.63771943870813e-05
1.71076447695354e-05
2.2713164892375e-05
2.20860618437627e-05
2.2275411100081e-05
2.60043941481965e-05
1.57113491114121e-05
1.69805323263936e-05
2.75340853106779e-05
1.90298226957374e-05
3.44246151171831e-05
2.60101758038671e-05
2.16021512119451e-05
3.70470606709531e-05
3.06318757124809e-05
1.36231114813667e-05
2.65068023398766e-05
1.701270879541e-05
2.44051584531981e-05
2.10076473188512e-05
2.0585025315101e-05
1.18034458428005e-05
1.52984721147369e-05
3.16066797250108e-05
2.67604689951517e-05
1.08076273657609e-05
3.5859648303254e-06
1.50736307475216e-05
3.19850530557901e-05
2.32528758691605e-05
1.53814210644841e-05
2.09763743615435e-05
3.14004934214237e-05
2.6483350226144e-05
8.01835828593093e-06
3.23576658125371e-05
2.18824765587546e-05
3.79254205115634e-05
2.19005676373858e-05
2.38250006220859e-05
3.01273893774143e-05
2.26107716062986e-05
1.59472443243657e-05
3.06865713143658e-05
1.47994552823516e-05
2.99030952147719e-05
2.31776106503328e-05
2.52861742853404e-05
1.85724899604119e-05
2.58555983709637e-05
2.08656823515338e-05
2.44822966136331e-05
1.72668972246716e-05
1.6633857237429e-05
3.44131033258005e-05
1.65804964110643e-05
1.63717846745852e-05
1.1536646774756e-05
3.5250135644292e-05
1.89917173612266e-05
2.09558596196152e-05
2.57198808706584e-05
2.16934838928268e-05
2.83576144782779e-05
3.17886004383382e-05
3.29141237929536e-05
2.33827589883631e-05
2.72611863150178e-05
2.3834819394327e-05
1.5128166938419e-05
1.97982879521674e-05
2.72098057402355e-05
2.78011607999796e-05
1.8281068634153e-05
2.22965876252347e-05
1.91625747190095e-05
1.09118211857544e-05
3.20536023331524e-05
2.6782870705414e-05
2.9799424842293e-05
2.65233834095205e-05
9.18475258601177e-06
1.25908031405168e-05
3.20597121041382e-05
3.03862814145683e-05
2.37987946603262e-05
3.57840876649253e-05
2.13630188851209e-05
4.07775144526949e-05
2.53049283605357e-05
2.70026103539488e-05
1.28218197909019e-05
2.99595810047758e-05
2.68488148704652e-05
3.35895381708918e-05
1.61399790925519e-05
2.13492086290545e-05
1.94167889058278e-05
2.07061658720542e-05
2.86286765773999e-05
2.18327853156193e-05
2.27278236794203e-05
1.73558877295791e-05
3.10585159678653e-05
2.96714864960445e-05
2.48754987851828e-05
2.64804802166285e-05
3.3510086750897e-05
2.69517873491856e-05
2.82684006020306e-05
3.6759028737534e-05
1.55050488274958e-05
2.50262256112988e-05
2.0123224837529e-05
2.72584580685931e-05
2.05388820909733e-05
2.98979672450558e-05
2.44799084018895e-05
3.02267379534352e-05
1.53356758321744e-05
1.99057725635346e-05
2.25768602157209e-05
2.27580130487578e-05
3.3595380021507e-05
1.40855563122933e-05
1.30124341723897e-05
2.45162095956173e-05
1.83453665849308e-05
3.69353833928976e-05
3.21672845170826e-05
3.06569367948583e-05
1.3645972374754e-05
3.89656380450295e-05
1.89490223135983e-05
2.07180137228889e-05
1.75174954845276e-05
1.51432213102205e-05
1.75421140520089e-05
2.22033645199797e-05
2.90448399220882e-05
1.64518511521561e-05
2.771977334912e-05
1.96370747908255e-05
2.77372202892551e-05
4.63189988451168e-05
1.58336810709021e-05
2.91363994949448e-05
2.25098223667814e-05
1.98653931502297e-05
1.59235559606533e-05
2.25807607201612e-05
2.97790088847211e-05
2.89666992440206e-05
1.99465084532676e-05
1.56233230187244e-05
1.54530627589175e-06
3.06542678391599e-05
1.80681893342315e-05
2.55060570796289e-05
2.61792659087853e-05
1.2034424125251e-05
2.03579493487931e-05
3.24977523466678e-05
2.12688734068718e-05
2.89137106616363e-05
3.02690957257959e-05
1.56650347556336e-05
1.86053530818776e-05
2.10154830876351e-05
1.54157725880021e-05
3.45744725932606e-05
1.46311776974572e-05
3.57553843823642e-05
1.74031877180908e-05
2.77848125459096e-05
2.46976966086034e-05
2.61332799440358e-05
1.86664109266318e-05
2.59737402719627e-05
9.33459899890516e-06
2.15910732058468e-05
2.84128342799004e-05
1.91725337864116e-05
2.86956983717539e-05
2.51033861151294e-05
2.52183787129902e-05
2.54369699254667e-05
2.71438112952527e-05
2.64767882488895e-05
2.47155035995441e-05
2.49272189886543e-05
3.33765039698551e-05
1.81843220488116e-05
2.06217339889861e-05
2.06412235334929e-05
1.74753962273297e-05
2.37390981719625e-05
3.46899639828115e-05
2.10084917548728e-05
1.44528059324699e-05
1.67031623814477e-05
3.22117899483225e-05
4.54475238641964e-05
1.62662927103238e-05
1.56409740896424e-05
1.56670480785266e-05
1.50938951985095e-05
3.12850721673735e-05
3.10700840145023e-05
1.57424783820226e-05
1.46881058064377e-05
2.01779717974552e-05
4.10834467611242e-05
2.50318696823171e-05
2.4318952136345e-05
1.68597585587059e-05
3.49670891136933e-05
3.00908775517735e-05
1.19494853601806e-05
2.50395191121418e-05
3.29134658874141e-05
2.55001392707107e-05
2.39252777783927e-05
2.37583540364384e-05
2.05862866051107e-05
2.97375444245181e-05
2.80943205670043e-05
2.84743006898107e-05
3.93327777046866e-05
1.77393020502028e-05
3.4378082317292e-05
2.97363249111497e-05
2.69168208070705e-05
1.78875670376317e-05
2.00101256930289e-05
1.79407729996705e-05
4.45047759649717e-05
2.13740448294735e-05
1.89917346137835e-05
2.9988297969382e-05
2.19293003744454e-05
3.38403737465841e-05
3.01209841816718e-05
3.16846503191626e-05
9.93604297744123e-06
1.78523809133659e-05
1.4770858276489e-05
2.6923786499255e-05
9.22823427936443e-06
3.87597174657585e-05
2.89848288815183e-05
3.14477642469048e-05
3.44360514854696e-05
1.98365615108357e-05
2.6144467950142e-05
1.17304188038801e-05
2.70926272210208e-05
1.78193895989779e-05
2.73987906103499e-05
2.37311617669283e-05
2.31232059172817e-05
2.2423817851863e-05
2.3827839188682e-05
1.59662114105991e-05
1.84235793078037e-05
3.6376297001326e-05
1.32022176169603e-05
2.18682500648922e-05
2.18303411908771e-05
3.72829689035513e-05
2.9126394098129e-05
3.47193967196297e-05
2.81588955262312e-05
1.27140235967313e-05
2.38892259307207e-05
3.57695678077053e-05
2.91620361702042e-05
3.34011745335354e-05
1.65095376998055e-05
1.23508344630168e-05
1.44324069243084e-05
3.25873952247055e-05
2.50238411305556e-05
1.84584285106582e-05
1.20912552117598e-05
1.78361098825662e-05
3.24832426176818e-05
2.03203610399104e-05
3.01904647535462e-05
1.48694801136743e-05
1.70646182025153e-05
1.5823251354624e-05
2.54910548986349e-05
2.54680010749627e-05
3.14379470271362e-05
2.77611766394211e-05
2.64870404594735e-05
3.81006586046009e-05
3.15261019958594e-05
2.49018606026259e-05
2.12056343417833e-05
2.55678841600774e-05
2.86585168421185e-05
2.51421464157026e-05
2.16719635795138e-05
2.96248042577609e-05
2.32806091775353e-05
1.69681421800243e-05
1.10288429173278e-05
2.86840860121138e-05
1.9597898371114e-05
2.6627943704036e-05
3.44429179889061e-05
3.31533980495976e-05
3.78181990455775e-05
1.95721684570586e-05
3.53539024367082e-05
1.79201097281752e-05
2.07713851411554e-05
8.19802694126647e-06
1.56994711721859e-05
2.41061035031414e-05
1.48602360913139e-05
3.09299194195073e-05
1.64912479982846e-05
1.84616937505898e-05
2.92627981455859e-05
1.71295396040716e-05
2.92456003131446e-05
2.02817375150839e-05
1.49359145761089e-05
2.05235893601751e-05
2.62891504904409e-05
2.3619849006728e-05
2.30121436093134e-05
1.48513183896528e-05
3.00058742221864e-05
1.11130545341322e-05
3.42219827747319e-05
3.2375026776746e-05
2.37485909882657e-05
1.72257829636062e-05
1.6970939817594e-05
2.81654945271951e-05
2.43196358776211e-05
