7.71306992440227e-06
8.8795737970922e-06
7.58630771162514e-06
8.80068413621755e-06
5.0850885917314e-06
7.55515472897232e-06
7.52006321805389e-06
7.71318570219095e-06
8.77620201618328e-06
5.83745984727867e-06
8.16181554433206e-06
8.06500997374277e-06
6.21878619003525e-06
7.69754142229165e-06
9.8709905131897e-06
7.30203851414485e-06
6.21680560174906e-06
6.87703918923298e-06
6.92873611724053e-06
6.99769656064457e-06
6.70425457643729e-06
9.05653597252918e-06
4.95071015311783e-06
9.14341272573044e-06
6.75311842567709e-06
7.26346746207142e-06
1.03808799367448e-05
7.6220822374775e-06
7.88569883191545e-06
8.69779048585732e-06
6.41996212799537e-06
8.6275320042319e-06
7.19064916240337e-06
6.95307232335908e-06
6.77900257303537e-06
6.80302107769026e-06
7.25745966017307e-06
8.21748499147717e-06
7.46195779431834e-06
1.06515548488818e-05
6.11614918092963e-06
7.48217797651413e-06
9.10692342745973e-06
6.20299933154733e-06
6.73995580917363e-06
7.36762191522879e-06
6.74670770707929e-06
6.55123603511388e-06
6.88687457649104e-06
5.72575717451468e-06
1.09845343726839e-05
6.94103367610224e-06
5.66995113967829e-06
6.85985035079651e-06
5.88684994956709e-06
5.56504089446846e-06
5.4151807535018e-06
6.75223193549529e-06
6.66499817531279e-06
7.74788439132253e-06
7.23610771957978e-06
6.77817072689089e-06
7.22477900609168e-06
5.92987103185234e-06
8.22626978186549e-06
7.82374306986571e-06
7.49756668552157e-06
8.0813593769207e-06
7.771486921048e-06
8.07811610670016e-06
7.12052459988521e-06
8.96931053762327e-06
8.99325310851177e-06
8.91882749174893e-06
7.57561973148941e-06
7.33554399867403e-06
7.83393956699697e-06
8.37400174608814e-06
5.92124735984974e-06
6.88976051530729e-06
5.69755368121583e-06
8.42920051542108e-06
8.72344068375912e-06
6.99378697420032e-06
7.76883116333074e-06
6.05576626108753e-06
6.39449885120377e-06
6.44103474829868e-06
8.67941690221259e-06
7.49645887441648e-06
7.00079989717284e-06
8.50627887086468e-06
6.48141250668329e-06
7.74052649199219e-06
7.94183384821425e-06
5.91139542556111e-06
5.90709836805919e-06
6.76740581524358e-06
6.90962035522878e-06
8.32301172536609e-06
5.65439557830981e-06
6.13057474128415e-06
7.59668128278989e-06
7.5698105147659e-06
6.76435761208063e-06
6.47291771442689e-06
4.67632508004948e-06
7.02415769829253e-06
8.5738463109408e-06
7.62397225905154e-06
6.27168014962217e-06
7.93892234734671e-06
6.91909874314404e-06
7.5001327423575e-06
6.8152283245472e-06
8.52576149990358e-06
7.88489326782203e-06
6.41906654390924e-06
8.58918067174865e-06
8.49803011233951e-06
9.22122628423652e-06
7.51356961020431e-06
6.98293240848782e-06
6.50904014658946e-06
7.67677888579827e-06
6.88023052684751e-06
6.72885022654725e-06
4.80225586181445e-06
7.59988785039339e-06
5.81179633554529e-06
7.99358954782868e-06
7.70659647337111e-06
7.35929945063778e-06
7.66284407426258e-06
5.51673459299065e-06
7.54709358768077e-06
6.87996274137128e-06
7.15530209390963e-06
6.98510697321215e-06
7.40004722099763e-06
6.37143301179525e-06
7.10421756115378e-06
6.76196209581904e-06
7.4355907470239e-06
8.40678505311909e-06
7.20895433462821e-06
7.85180494237193e-06
8.70833024199169e-06
6.57180243356513e-06
8.30839315319025e-06
6.75201051745578e-06
7.86962351865457e-06
9.00279384216395e-06
6.57315266451264e-06
7.66593102111398e-06
6.97450572213229e-06
7.56434268655078e-06
6.90346551637186e-06
9.54203539377782e-06
8.45928247481013e-06
9.07586455935535e-06
6.70077793128395e-06
8.81874888217442e-06
6.47710871588266e-06
7.37406632554305e-06
9.81874235223564e-06
7.04656641661002e-06
5.35118882724765e-06
5.62357656527405e-06
6.68194167348528e-06
8.08554581208056e-06
7.42627013934594e-06
6.82567066614968e-06
7.55487322957768e-06
6.47744792759752e-06
8.68218308750494e-06
8.52220257971097e-06
7.29046263099114e-06
6.7002308251583e-06
8.41588314792185e-06
8.23353351099668e-06
6.6469754950646e-06
5.98849485121768e-06
7.96141553678218e-06
8.93210691554721e-06
6.2321064792338e-06
8.55857348872512e-06
9.55314283867198e-06
7.3730365224035e-06
6.41391792934668e-06
7.04022563679203e-06
7.87948390990891e-06
7.75721628510968e-06
8.51028833639285e-06
1.03113356818117e-05
5.62613827274961e-06
7.1352925011525e-06
6.57255951218658e-06
6.14877888790807e-06
6.04789762007281e-06
8.72489773305866e-06
7.5790988538592e-06
7.03284851620703e-06
8.67006652937333e-06
8.34674518436299e-06
7.81819335952157e-06
6.27804599634945e-06
6.13260553476627e-06
8.4263060238009e-06
6.28726563935106e-06
9.08960998623589e-06
8.10299958017067e-06
9.41848313164289e-06
7.1033746362681e-06
5.74798954666475e-06
6.56530848507105e-06
7.46975894964489e-06
4.90517993717473e-06
8.20425112539517e-06
6.01254528206588e-06
7.86901775389128e-06
4.88467089464964e-06
5.32357634991909e-06
6.07572658009055e-06
7.56770334668944e-06
7.53041497602223e-06
8.51783247181245e-06
8.7766305769731e-06
7.92659503061028e-06
5.91660196529199e-06
7.79456321695112e-06
7.56506974678256e-06
8.01554408345044e-06
9.75176210187303e-06
7.65798939461355e-06
7.8796303608102e-06
7.53814828749372e-06
7.2545198365955e-06
8.72208800882209e-06
6.50539216248202e-06
8.45993347668171e-06
7.59647574714209e-06
7.39725203553998e-06
6.59808071716516e-06
7.2001670180617e-06
6.62070226695042e-06
5.25740799483413e-06
9.35922281944829e-06
7.07716944303887e-06
6.83847060682951e-06
7.28170622294724e-06
5.65153247790233e-06
7.94210542341731e-06
6.10746731412785e-06
8.30830193195081e-06
5.99345459378054e-06
6.25620723083745e-06
6.42732725760093e-06
7.48683209820433e-06
8.36165088808344e-06
5.77947405191168e-06
6.2377396941014e-06
8.25926601449534e-06
7.12586306622953e-06
5.65269293174544e-06
9.12247209845443e-06
8.314727678082e-06
1.1129405420361e-05
7.32900636137943e-06
6.22499085269682e-06
4.87276932183253e-06
6.63788459365886e-06
7.564710741437e-06
6.57881111567919e-06
5.97018850600331e-06
8.39824208381258e-06
5.69473342168716e-06
8.00524149106678e-06
7.13797502305812e-06
6.11962017369615e-06
8.76453690555214e-06
7.05700436532418e-06
4.81959767376081e-06
7.14260380985774e-06
7.76034038784577e-06
6.68609256760619e-06
6.63613232684999e-06
6.56092513772558e-06
6.90534177513476e-06
6.20123525832434e-06
8.49063484992137e-06
5.6150350493369e-06
6.02693610057612e-06
7.3684358961423e-06
8.12553560879234e-06
6.57234345867189e-06
7.00352798047121e-06
7.99876637035821e-06
8.48865284819341e-06
9.98896756744872e-06
8.14401087637545e-06
8.10507765282996e-06
6.43270645268549e-06
6.65328364795997e-06
5.46874981772395e-06
6.33518821542242e-06
7.9521855363407e-06
9.14552164199066e-06
8.22958726463424e-06
7.00618483317564e-06
6.21661650057267e-06
6.04663713161759e-06
5.74376243897666e-06
8.27864792465667e-06
8.63592928008519e-06
7.39262023329015e-06
5.15461587188408e-06
6.96881781602218e-06
7.34457815596411e-06
6.90642046647451e-06
7.26657649226503e-06
7.42126813647046e-06
6.59460091803805e-06
5.63801390820358e-06
5.28174828914595e-06
5.84019599421542e-06
7.33501592771287e-06
6.22288441088017e-06
6.84349073831938e-06
6.49111776203852e-06
9.64064716340853e-06
8.62530652523022e-06
8.02697469683304e-06
6.13268430307456e-06
7.65932754865053e-06
6.66996107183777e-06
5.70317160486439e-06
6.25974001585811e-06
5.68592189456276e-06
7.84024614159338e-06
7.63552447220235e-06
7.20280910492213e-06
9.15499557762219e-06
6.65667642798753e-06
5.4732074614631e-06
7.09675640455146e-06
7.38301320589524e-06
6.91917191395427e-06
7.81337791067944e-06
6.44855259269805e-06
6.84529805378101e-06
6.57509481737282e-06
7.1572349596389e-06
4.93767356384553e-06
6.57610077825829e-06
1.05412527224395e-05
6.76220909714027e-06
6.20248419097171e-06
7.74096969796002e-06
6.64456258210856e-06
7.93708930250213e-06
8.30762729268308e-06
1.11034748453792e-05
9.40559407352742e-06
8.12261332738608e-06
8.45134353207883e-06
5.89581352563461e-06
9.06635806646559e-06
7.66272496594052e-06
6.63925027060878e-06
8.05302953812471e-06
5.26870620034148e-06
6.79956709284355e-06
7.97246472354897e-06
7.54091667039839e-06
1.02044243444748e-05
8.14315134566172e-06
6.76756519674968e-06
6.21928490531786e-06
9.41566731982512e-06
6.81589191706069e-06
8.78713129513112e-06
7.69974434142503e-06
6.5873080906949e-06
7.18006822382677e-06
7.04461985135752e-06
6.48815679271929e-06
6.49878668176899e-06
5.91009542557202e-06
7.50113587814049e-06
6.9064812797182e-06
6.50489783200918e-06
7.80257544183799e-06
6.25987132527605e-06
9.56058512435664e-06
8.97343042828916e-06
7.21042271540536e-06
1.02516633654042e-05
6.80472501408104e-06
7.18633538041729e-06
8.52380211422957e-06
1.00733656949507e-05
6.08328271985279e-06
8.35422385918361e-06
7.60703693965843e-06
6.75114481256839e-06
1.05319219225245e-05
8.77119260790414e-06
7.85009120158791e-06
7.87824428016332e-06
9.26222867506535e-06
8.23166311484473e-06
8.1455379300014e-06
7.30904849578813e-06
7.90241031458287e-06
7.76215903776129e-06
7.41745013841523e-06
5.79911792378281e-06
8.48595962464424e-06
8.64871955209185e-06
6.99428320048016e-06
5.14444071990361e-06
5.73059468354633e-06
6.90517271920763e-06
7.18344488696364e-06
6.39474784063613e-06
7.64787048168824e-06
7.85777821057601e-06
5.8380652491513e-06
9.64959623036381e-06
6.62057875888209e-06
8.82163757195535e-06
6.28080102893261e-06
5.54407141156268e-06
7.87471633554761e-06
6.63667718104276e-06
7.34272400661521e-06
6.86552837579196e-06
8.3869805043185e-06
8.39165194947106e-06
7.72902661967821e-06
6.32518259608188e-06
7.49713772969866e-06
6.40156834660313e-06
8.71572055623312e-06
5.2810023621841e-06
7.34488263225285e-06
9.89009067627828e-06
5.88061964485737e-06
7.36617088009831e-06
7.25508080004494e-06
6.32701470328235e-06
6.68610352149133e-06
7.86055914147101e-06
9.22033110973627e-06
8.10588361931749e-06
8.880860903752e-06
8.03991118235036e-06
8.31335865688561e-06
6.57110278077791e-06
7.22519707168451e-06
7.24543523106322e-06
6.63903789203779e-06
6.78090368291171e-06
7.0877929916872e-06
7.40423610049174e-06
7.56684911307091e-06
6.18611893308223e-06
7.2724371462419e-06
6.64798194391311e-06
6.48082730949746e-06
6.96638242934876e-06
8.53662527583486e-06
6.32350848339482e-06
7.38637969712604e-06
8.43728550397732e-06
8.18712711517403e-06
8.51817514934305e-06
7.78419796139477e-06
6.91227421707778e-06
5.56343626565066e-06
8.24726426751028e-06
6.50069008974911e-06
6.11965491818422e-06
6.35519526234886e-06
9.77494883031235e-06
6.686258557197e-06
6.98151642768951e-06
6.12241509298002e-06
8.02333528060654e-06
6.72396557836928e-06
9.64273675654486e-06
5.91185992172293e-06
5.04917495705596e-06
9.03450095135374e-06
8.13306087819773e-06
6.11952434329931e-06
7.25346174171375e-06
7.81566372806805e-06
6.34398892321201e-06
9.5793340314916e-06
9.27830299871797e-06
9.18771745700907e-06
8.38180533936917e-06
6.20733694545265e-06
6.18383090090414e-06
7.11841053733189e-06
6.50875873153463e-06
5.93058167621153e-06
6.99788755713035e-06
8.58373800978953e-06
8.47307250121418e-06
7.34225411752036e-06
5.45615382255911e-06
7.31953085073293e-06
7.70519096712808e-06
7.21936935038781e-06
6.71198206425804e-06
6.4935860170097e-06
6.51584121462121e-06
7.57921117669186e-06
8.33076871117642e-06
7.47178042595689e-06
8.35988383466968e-06
8.50695061102064e-06
9.48060391300297e-06
6.93801572960664e-06
5.3547688185068e-06
7.04767323486871e-06
9.31323634879392e-06
8.31653650858696e-06
8.13963308553148e-06
7.96897237590612e-06
6.47713136398767e-06
6.52728973279546e-06
6.65977613954901e-06
6.72107888921081e-06
6.69872915199969e-06
7.08725788005534e-06
5.56024599471508e-06
5.01808782855521e-06
6.82896844114514e-06
8.30427294106178e-06
6.16090924572991e-06
7.37601010177508e-06
7.57308678984493e-06
7.35032547664535e-06
6.41914344462591e-06
8.82098239140178e-06
6.07783579406981e-06
6.46357102338069e-06
8.26149927078325e-06
7.64443817695265e-06
7.68262248470375e-06
6.22153191352859e-06
7.26282758109111e-06
6.38077518326804e-06
6.21523472405511e-06
6.71755691300173e-06
7.20127712176893e-06
6.93206672385134e-06
8.4969780828029e-06
9.216218315703e-06
7.7019903232896e-06
6.37344575533372e-06
7.41121246988172e-06
8.28419078799127e-06
6.81256094620254e-06
4.68390499615076e-06
7.31877820702918e-06
6.90321432492187e-06
8.5030882304207e-06
6.85288000434263e-06
7.07727097141733e-06
5.84412385687272e-06
8.03782673906398e-06
6.58004219815778e-06
8.75095808351911e-06
7.9728557931005e-06
5.17880063005945e-06
7.49916175087729e-06
5.10020892614965e-06
6.25312022190409e-06
7.01490974847591e-06
7.8845455858646e-06
7.16810341789607e-06
5.88010477798368e-06
6.7248948605816e-06
7.14167121087492e-06
6.8059988046451e-06
5.55474065502621e-06
6.8430892691728e-06
8.41015263056924e-06
6.38261731507936e-06
5.71852761965459e-06
7.9574967303439e-06
6.54516134389296e-06
5.09870822032043e-06
6.24855804834106e-06
1.01293948104749e-05
6.60220374115402e-06
7.93863506975441e-06
6.72043924797959e-06
6.81574963402036e-06
7.1311894550347e-06
6.11541008335281e-06
8.00603643561776e-06
6.31786469600781e-06
9.3315852589134e-06
5.50694483900224e-06
8.35733163701409e-06
6.03660525548534e-06
7.90463381259384e-06
7.07402009089431e-06
7.29077337916661e-06
7.16735435847887e-06
8.51196807701695e-06
8.19444536312113e-06
6.72614385260624e-06
7.57358823037011e-06
7.29988789243209e-06
8.62553297568157e-06
9.46771716417758e-06
7.95145148981945e-06
8.5860557661557e-06
9.83513388837061e-06
7.01511326919251e-06
8.3696786263084e-06
7.85413190442749e-06
5.01119926207563e-06
7.58151523898521e-06
7.48712523099757e-06
5.75076427928991e-06
5.60665453624778e-06
7.15144131749474e-06
6.17809391682586e-06
4.60861240867271e-06
8.15384678546048e-06
7.1350392816588e-06
7.67986142708772e-06
8.25502993965875e-06
9.24183395567224e-06
9.70726662827436e-06
6.46814099647706e-06
7.31063681809683e-06
7.53530937843424e-06
9.28927622993709e-06
6.65935726270748e-06
7.31605323840432e-06
6.61917507916732e-06
7.67862989164484e-06
6.63001623807375e-06
7.0662140306728e-06
9.08254980039655e-06
8.79500963802824e-06
8.37224786827064e-06
7.1680548042474e-06
6.78901138852406e-06
6.68550603996454e-06
7.16609247962433e-06
7.94695104715563e-06
6.79223158241825e-06
7.08251132647478e-06
7.73009021507825e-06
8.68912193179397e-06
8.46568815218819e-06
8.36328792654506e-06
7.46700659624399e-06
7.92557133645749e-06
7.66091000835436e-06
7.01654769087898e-06
5.70966830897097e-06
6.77910608075874e-06
7.88830384102747e-06
8.94876890324637e-06
8.48680106711932e-06
7.06841182085804e-06
7.18606660202957e-06
7.03697669566415e-06
7.83151289549886e-06
5.49216574886743e-06
6.9095958586146e-06
8.08281708694184e-06
6.94436443260212e-06
6.67307359676536e-06
6.6151709735648e-06
5.85684054006345e-06
7.85762106359281e-06
8.84315487096874e-06
6.07694427814672e-06
8.64214999124671e-06
5.99413350053974e-06
9.96794267817463e-06
5.62409698069377e-06
7.42570872955829e-06
7.94636885264208e-06
9.67213317061563e-06
5.50662605918027e-06
8.13508155978825e-06
5.71643876037322e-06
8.14487775075972e-06
5.81144700166568e-06
8.21728241834749e-06
8.19386427177733e-06
9.83095586095669e-06
7.39728956159544e-06
6.14033966304546e-06
1.01375224943768e-05
4.5333661824487e-06
8.14553617585094e-06
6.57032042456135e-06
9.13697605913238e-06
7.46670576733151e-06
6.54003410280644e-06
7.95039247818354e-06
6.71087965977555e-06
7.46676655157717e-06
5.65876936941285e-06
9.93995294494344e-06
7.800562499136e-06
1.04670101031649e-05
8.35038764424947e-06
6.36413887937531e-06
6.78518685052536e-06
7.27842289336305e-06
7.08673969497684e-06
6.78656028287338e-06
6.65500215092976e-06
1.1331283167242e-05
7.38498174430736e-06
5.87751695713256e-06
5.92285510136746e-06
8.23303194673856e-06
8.98137350197028e-06
7.29487401681808e-06
7.83333576800268e-06
4.84812397781238e-06
8.79920021232038e-06
8.17329324561725e-06
8.38729588855261e-06
6.81338599090343e-06
7.23242014260617e-06
9.08872437405259e-06
8.09264003000883e-06
8.33284280701132e-06
7.90958970057071e-06
8.82943416161702e-06
6.51036504853847e-06
8.4310350159334e-06
5.93392327725301e-06
6.51901014076788e-06
7.42697581367161e-06
5.54772743152735e-06
6.88397904269379e-06
7.0767246707218e-06
7.92241358761619e-06
6.42126610469675e-06
8.44416001829126e-06
6.08262236512674e-06
7.40703516352486e-06
7.75623701312265e-06
5.82556402069241e-06
7.23038070461572e-06
6.4871419785172e-06
7.34512073899658e-06
7.15834694621339e-06
6.31084080005383e-06
8.44467363847176e-06
9.87959840063913e-06
7.24523883183373e-06
6.70418265650006e-06
1.01927205113769e-05
6.22703456233056e-06
5.75598729242696e-06
5.21030678685314e-06
9.25406310850267e-06
7.20745161746209e-06
7.89664684984689e-06
8.80840572973151e-06
6.37215874122869e-06
6.74120843024528e-06
7.43680320982788e-06
6.22726584239107e-06
1.00914996850804e-05
7.51909699599362e-06
6.18881704158603e-06
9.13046645876239e-06
7.36372346148834e-06
7.24677030142718e-06
8.04093184182381e-06
7.18595604465807e-06
6.23679301763944e-06
7.04961748402635e-06
6.86687234840539e-06
7.66768987017567e-06
4.68019222646323e-06
7.54213059567995e-06
7.60103385310603e-06
6.49988675586414e-06
8.54929806692845e-06
7.52677804560854e-06
5.87394307589423e-06
7.78528825290859e-06
8.88550238795588e-06
7.67044507520933e-06
7.11252646854923e-06
8.35878625644782e-06
9.21681817837908e-06
6.98652364448708e-06
9.48938310572059e-06
6.06144209272044e-06
6.91179427618468e-06
7.03340777788929e-06
7.55912597754718e-06
8.28205767685824e-06
7.31863978769166e-06
7.95934508265695e-06
7.74360165819495e-06
7.00791422302801e-06
9.13641540966686e-06
7.89713431178599e-06
8.00236839509377e-06
1.00908391929002e-05
7.09072270511217e-06
6.4866155072309e-06
7.71041754278341e-06
6.59966151924579e-06
6.2675948359184e-06
8.19021651183269e-06
6.98513119867216e-06
6.32004088066887e-06
6.5824068530663e-06
5.92947697324333e-06
7.42616821207551e-06
8.37365395672297e-06
6.44084274735573e-06
8.34130493799003e-06
5.94382136594101e-06
6.20601688156134e-06
8.07986303020219e-06
6.54594208080098e-06
6.03330117545439e-06
6.91239369728611e-06
6.64421649800447e-06
6.522553237881e-06
6.31976050528452e-06
6.21303575498519e-06
7.33030211105574e-06
6.45737791490466e-06
7.06359795756606e-06
9.2684232854981e-06
6.57349478761695e-06
7.73925490160482e-06
9.12813030275648e-06
9.69607783893965e-06
5.67827792136546e-06
7.66315597887849e-06
6.30836156849289e-06
7.12702520900365e-06
6.4228268769904e-06
6.61040441793195e-06
6.23660694837881e-06
7.44332525712439e-06
6.57014339768498e-06
7.61516626448596e-06
9.06432986743237e-06
7.58656867463881e-06
1.00734235122119e-05
6.97361869667971e-06
7.15604486385793e-06
7.76849059664289e-06
8.59684721821768e-06
6.49374857228519e-06
6.57966091541123e-06
7.98912769528053e-06
7.37301537327583e-06
7.62503122811639e-06
6.76584516638558e-06
5.95313929828745e-06
7.3109537727756e-06
6.32765202833461e-06
7.26593764245904e-06
8.17816174295932e-06
7.37549119483433e-06
5.8299983847749e-06
7.80607106368493e-06
6.71800186704486e-06
9.79249267501665e-06
8.75128588085605e-06
6.55554223809923e-06
6.31485818097032e-06
9.05587510725843e-06
6.9392705829284e-06
6.8025455340756e-06
6.9986987933093e-06
8.49542221620596e-06
8.14862741273066e-06
7.29008870250762e-06
8.03601613541414e-06
6.70437234597255e-06
6.5126761252052e-06
7.7483706342252e-06
6.82249764315188e-06
6.43209170412939e-06
8.56911654681357e-06
6.65803173874234e-06
7.46148688871479e-06
8.49637297178042e-06
6.64370726516055e-06
6.86714794748118e-06
6.85606048202481e-06
8.5768457389148e-06
7.10270255135513e-06
5.58191273071351e-06
7.13776260413915e-06
6.76883827165937e-06
6.68038341431187e-06
6.83168158861636e-06
7.8217382484625e-06
8.11714404700589e-06
7.73743499487571e-06
6.02440468300191e-06
7.55383571848426e-06
6.82368542014381e-06
7.60591817715854e-06
7.34526299268004e-06
9.46001479485715e-06
9.98133874189095e-06
5.60166130954797e-06
1.04956402089319e-05
5.78692772697871e-06
5.79495167765184e-06
7.55789946487753e-06
6.06338518460944e-06
6.17911940591837e-06
7.70378482107528e-06
6.20091370908598e-06
7.18157825880775e-06
7.12975574715717e-06
6.12070826119959e-06
7.48546202231217e-06
7.78964458533619e-06
5.22025722036928e-06
6.05680816355304e-06
6.34302819987964e-06
6.99723131744502e-06
7.32015888099161e-06
6.98474653097048e-06
7.76947352128551e-06
7.93659459477419e-06
8.0694726130468e-06
6.07507911973569e-06
7.4004720332262e-06
9.47791524429616e-06
7.53241126341192e-06
7.86906100291191e-06
7.8600307969088e-06
6.73225724759079e-06
6.99945876290685e-06
5.78665404037115e-06
5.85824193576329e-06
7.92584814518127e-06
7.11400146742349e-06
6.65317921955793e-06
8.33612646130062e-06
6.75866008979661e-06
6.38500113111445e-06
9.68801708201066e-06
7.27568545572125e-06
8.31967207252817e-06
7.82443148140758e-06
6.20403504343988e-06
6.73073850551587e-06
7.56029352776046e-06
7.4082074516039e-06
7.26103439824869e-06
8.06648976984452e-06
8.57543520257163e-06
9.34412085473032e-06
6.18878338754174e-06
5.42387571498728e-06
8.32464591491638e-06
7.43739945294926e-06
7.48506866904287e-06
5.09612243813595e-06
7.22463017083546e-06
7.08575878031696e-06
6.31418036177122e-06
8.60238139928119e-06
6.82566173645007e-06
8.12209596499606e-06
7.78652097384572e-06
5.34162432580808e-06
7.37987938783784e-06
8.96321391765313e-06
6.77596050376377e-06
1.02635187846622e-05
8.22663145205791e-06
7.79296060294494e-06
7.03294041696437e-06
