0.10557293371575
0.375149278771302
0.242506259384191
0.32171547643466
0.392246967403529
0.292774676834683
0.149984653205715
0.205741411249823
0.217736203816875
0.351746034050408
0.172938900564931
0.365673957054728
0.470011884638648
0.349910895056887
0.059120838661575
0.335665363898965
0.298719716284938
0.554602083574831
0.22945885263419
0.106800290468078
0.245695481283525
0.339137578827484
0.509342026339781
0.344225189860299
0.403828252218431
0.309493885771614
0.226410389189033
0.34280996899001
0.161593630441969
0.402052627239951
0.401724544307472
0.142582803441241
0.490118440752779
0.564068293298059
0.457457132748757
0.213447571759368
0.318276602325347
0.199150065107895
0.17754932057472
0.155622391630415
0.324872291371677
0.459999846999104
0.477126129892397
0.245251834891522
0.498104253229771
0.338229284329693
0.135443235897659
0.252552553550342
0.330784720994348
0.233201127727006
0.1159660719887
0.375993750453949
0.0694102950640942
0.261739666976673
0.44251272359551
0.355637207047642
0.171679616953859
0.264450580010647
0.27015773109348
0.31450831322875
0.385643399282551
0.386442346349231
0.436349434594881
0.222455138577327
0.138440034471616
0.317323449839634
0.391709569254839
0.422851446617579
0.481162944286337
0.29958414224418
0.161703834300185
0.226842258998428
0.177876867501975
0.157655930524471
0.286295561239874
0.137092108689413
0.386950679222825
0.290224168553496
0.404470249835602
0.285398061386172
0.585890273490314
0.160838592238804
0.492810701135748
0.411293649472097
0.1918866194414
0.71034417853384
0.385618313593747
0.174837993563348
0.207981047011472
0.336973404796835
0.255976529390794
0.260608915493761
0.488236648484509
0.398098095539043
0.300828348465605
0.446970238439923
0.294198469443922
0.223460067788514
0.274573457474344
0.254160487693959
0.423388030662862
0.333102911372044
0.417927487771713
0.264847178315503
0.304367786421704
0.349330363137755
0.345786084336386
0.270927713662143
0.286136639202979
0.287961184309539
0.418482244403895
0.117616223703134
0.399860871473744
0.24068967256129
0.305442272248332
0.342587611968416
0.248461551267712
0.453918577091842
0.245928963350093
0.202935721790051
0.233975153127803
0.423447320757889
0.204817836720902
0.35743718005517
0.195798662445181
0.396203056364366
0.393980271622232
0.298613012978698
0.366610405888787
0.183870921391578
0.374671643951071
0.331043463823884
0.389458408488462
0.0455188761541148
0.517022984659906
0.336086475844798
0.213668427821302
0.147711883050335
0.285539273426615
0.231931918332694
0.237433915242763
0.203807162135844
0.380506672863371
0.47008255637067
0.309133296271146
0.200478656295825
0.387822766903032
0.312562967788171
0.0788724516028374
0.152083309841983
0.454618021513487
0.229991229586174
0.128985510491032
0.256663547986191
0.299365682791977
0.290756713554701
0.304303026835357
0.293563111878051
0.186165192492913
0.264618466355121
0.354110831177467
0.474993011850637
0.259136930030754
0.0753048586394751
0.0482478501688746
0.24434176243607
0.231012722657186
0.352744086495699
0.451956889535208
0.458941833579591
0.195766145429142
0.351100228908426
0.427301426504213
0.361988511392451
0.425066133426603
0.14201806068022
0.154687342527073
0.300031225443368
0.27228745961642
0.213178184026395
0.456673514899365
0.169873612313506
0.582619398513735
0.311739385213072
0.247420506460581
0.260559380806598
0.0844998105146385
0.206127158732744
0.359443318753545
0.220287680301847
0.368878607026487
0.292693815207932
0.265660671905129
0.511742748998854
0.23510840863687
0.29342775345942
0.318131117981989
0.309848196364527
0.32576617081411
0.345858028959108
0.294739783511193
0.359510731603229
0.278639518995244
0.394126063052402
0.372594079787981
0.276975711739327
0.566853088743717
0.287463368154903
0.449157604825682
0.0242635851841515
0.212700599573366
0.476412828918553
0.447056031228304
0.319993275941485
0.441915816972247
0.110255058607831
0.18602214733831
0.201098220376593
0.204656021944695
0.198734668212539
0.141536848801861
0.371765633806622
0.512674103470677
0.287759692865133
0.310798074338697
0.10654308248999
0.367103217949529
0.293289544521867
0.223877301884611
0.321270658578722
0.206787539990444
0.382677876402562
0.434935823198529
0.284705994998335
0.396085315124349
0.170740225260298
0.127679568029872
0.225405222253994
0.289885195845662
0.454836644565653
0.231527695323092
0.225966126070053
0.250049245629854
0.326238478062144
0.322846560779017
0.405675242488437
0.270745332950221
0.1406540007531
0.239355259310748
0.163759120543472
0.394040314265219
0.552923000216476
0.315820893969344
0.243279685896177
0.321745084018128
0.243213552866985
0.233059601179667
0.232921743701342
0.285333257115127
0.457370129591309
0.448738435601122
0.555596161108374
0.390733592183397
0.410943031061689
0.418797188579858
0.205002348095619
0.314957500290767
0.33714152591717
0.186124458715556
0.283926322321043
0.138735576269728
0.316534080031969
0.489438050688702
0.429043383437694
0.491790871033457
0.248186396498653
0.409232015842686
0.227636431907871
0.196470140962462
0.370326470274683
0.401312315526824
0.351563255610981
0.496097947705641
0.224395509883849
0.445582860524584
0.431372154095148
0.302886839412822
0.310920992775927
0.479168728401971
0.299889253802809
0.273988453554248
0.199889065546718
0.408948679745747
0.237562221395195
0.252061393512876
0.150567086921415
0.248070185751876
0.21515910013763
0.31424990094701
0.300722992133092
0.247098304584776
0.266549288830174
0.401696935586639
0.264904508149859
0.502180230366053
0.232132464209395
0.328670420456584
0.267391634547533
0.367653379348994
0.288892975689096
0.451878794283294
0.193922024746571
0.409667127668059
0.277263317516596
0.296691839462436
0.402754764789443
0.439732683428305
0.419924723993008
0.289678842395778
0.410096758351019
0.206487048270216
0.299489667685575
0.332961303417184
0.18571278923505
0.219924134001395
0.461621434529873
0.283224500506737
0.433844147566451
0.269148076631652
0.545523103705998
0.0613406321260263
0.322542401387518
0.129424566169543
0.454517621242616
0.171298227300124
0.358628201255252
0.448369831391162
0.336001748074871
0.207457696200635
0.198013544272033
0.370092001222896
0.463494674168407
0.314530462584953
0.305514685016027
0.383986295970813
0.328397786177862
0.276457825957827
0.289982659952713
0.158390298019722
0.334032121455533
0.394133217205435
0.338562700310357
0.225942440756643
0.643777782921551
0.540178239361089
0.230235899777262
0.24108164999528
0.17945133151431
0.283518984731261
0.105543517821777
0.171149883229114
0.214263145956825
0.120405359453848
0.228253463714688
0.147599409566151
0.250819140943798
0.521100730779643
0.192737807975128
0.266424117398797
0.347745787834982
0.264476894437718
0.486771530004113
0.344877280630446
0.178545648716393
0.468038245915199
0.271994062856699
0.473491644755484
0.484412722425842
0.117438199748435
0.280650276200442
0.267348484332553
0.251652777598453
0.402582099232192
0.35675000461037
0.329075119424729
0.172907448644726
0.383825192926002
0.133113064455756
0.26072925733105
0.261994402485802
0.283662086784783
0.378858565245669
0.38650785915032
0.540302122679891
0.448790220309704
0.152292640006435
0.154611705457129
0.226586663559553
0.205829810621314
0.433990706845818
0.229447848578818
0.398222492928114
0.367837958393219
0.205930617698526
0.433204644241682
0.320774123663987
0.266249041032353
0.116352294356001
0.278604083532743
0.320257023960634
0.317902827867623
0.335161913814116
0.314158953773881
0.246710108642065
0.0703480920772793
0.1927825956352
0.413404571447133
0.435835170919781
0.241029695467424
0.175345588912083
0.326277884105506
0.637278952335992
0.116637566346074
0.382518589487162
0.459736149232038
0.414893103855691
0.272242533922866
0.280427710797755
0.418484884702164
0.0897041671057445
0.363731022489782
0.359795889364245
0.222749723328529
0.354461317094481
0.272082538846895
0.125340477764858
0.439469189020543
0.33046271485918
0.217559773698747
0.0897425466180839
0.218631697694933
0.237942565249676
0.351481448608826
0.122487458153051
0.211749306236391
0.517132519194139
0.414671986968571
0.219922756881317
0.232671203194837
0.385225962793548
0.150009052365664
0.278614991689354
0.367646693794186
0.285373551583206
0.138686927571937
0.370413920101688
0.300946424025952
0.310955263875763
0.380603709848579
0.268416342442557
0.392730897548258
0.322878063708684
0.261580330667198
0.31178351734273
0.201234136623634
0.40254711558856
0.473912014944099
0.404073282077492
0.168846658988311
0.341971847359303
0.433771673910531
0.273014669293909
0.519458330704091
0.584655307086439
0.254071572579453
0.128073173266737
0.235640917834203
0.288208333057869
0.184615248790014
0.47865145798796
0.356136852674583
0.294966083243464
0.342958746746115
0.409867648657375
0.474234091549964
0.212607981334726
0.370958742929126
0.256554119139252
0.533664382254998
0.279779955179581
0.41192714551144
0.301034697082094
0.316233448415258
0.339432274394913
0.171991128817358
0.294386586201093
0.292859401871559
0.221448832109454
0.298533145317739
0.530622104031427
0.202408906203431
0.311105058137762
0.0942724741585957
0.336095074475462
0.267823016988384
0.301000504167382
0.322030808468341
0.289442478438481
0.263778998710399
0.223179557490229
0.366079295028965
0.223876555465916
0.450509683787891
0.460619568729188
0.171900464214711
0.316710046051769
0.289235880526432
0.346730905152768
0.397324122798803
0.346052517785557
0.261993286487065
0.281495072422627
0.33288443841267
0.341953107175967
0.247732595040549
0.389453281736362
0.340775188537476
0.488720150532214
0.334140568687637
0.351923770053618
0.169419173724372
0.390967566912029
0.319160806121766
0.454619053407689
0.171336867277644
0.278442601946448
0.376412619056953
0.46045639621386
0.400799477647926
0.285422750895631
0.516217301416917
0.411075199460993
0.0726117239960741
0.436548994620776
0.342175795328692
0.176079189447994
0.312220316923188
0.367487493327864
0.207613226262226
0.364032978800992
0.509007254467597
0.318243455948471
0.365782283258006
0.365120947944015
0.366381376249627
0.228279384494145
0.271543246269087
0.191911358883274
0.259653486652272
0.359367184261163
0.258744873174005
0.253611793353494
0.348838143139114
0.190643748541575
0.0882615007987766
0.385262231767793
0.394519990667366
0.116808038279671
0.540565467398816
0.352786160855877
0.0744864654713373
0.126667917817291
0.375890391999406
0.423871837883134
0.320295441705516
0.276894904642213
0.361521453282317
0.286079960537882
0.395054699371368
0.525070322869674
0.367535887928639
0.553810501536349
0.10460369909511
0.165605328021689
0.183021511083673
0.12401680353813
0.223756059856452
0.246018480381472
0.12521028805902
0.445699872869564
0.46337670459707
0.247308804122813
0.0935939845791474
0.377251294217122
0.540918696610146
0.245063408282707
0.226934900504935
0.410907307795258
0.434627206160447
0.187232236811257
0.542689182960433
0.42523409926668
0.365701219866511
0.301284218929088
0.254126562877259
0.410880968149129
0.247246365635309
0.255025180439557
0.376691092951043
0.49757680907205
0.378434770328891
0.199301480195977
0.179976194092253
0.30591722996552
0.570476650048446
0.432312204469526
0.215483642366506
0.440834277967967
0.413432686758837
0.30358027246677
0.123129559143108
0.180630532535319
0.322259120769794
0.385514887408696
0.232998206784194
0.341574901029782
0.228283193445208
0.263442765539442
0.14414729041439
0.324455756897455
0.297926147900408
0.128915652118506
0.391891406801607
0.41696099212245
0.239554719718836
0.432985814376732
0.33340159785546
0.192204764841916
0.334214326052857
0.211118994847403
0.311281757480818
0.272290343373641
0.229681947786257
0.245991084629138
0.152939469766552
0.361904040720991
0.278675384281725
0.137432329809663
0.221454953292202
0.29791362185403
0.0820823148567486
0.378632103497472
0.434725268097842
0.334281227212917
0.165338089383173
0.221971409402362
0.224438630149954
0.295068121242901
0.419163434072239
0.287391683562444
0.398704732618754
0.191220370247149
0.146434877595376
0.247375236906818
0.175700023387532
0.332137118425542
0.269304908333374
0.232055718158366
0.372346213864824
0.314868152072178
0.106981505364774
0.409043458961396
0.17113615440892
0.23266806162007
0.13108146062203
0.174652307677031
0.155939112465985
0.180947047354968
0.393996967627095
0.276174292342672
0.268844021794257
0.377945735581235
0.47733323222
0.361692860809056
0.250877557966585
0.230361899091071
0.279118618030142
0.305245453902237
0.248926480562017
0.473835336017021
0.379546671923585
0.420599773531464
0.326357631076094
0.443672576656036
0.255879845634313
0.29446308456343
0.173845118056349
0.176991844996447
0.322368261811344
0.178347205552973
0.305952145093156
0.380102485109934
0.39608214555203
0.194151866440555
0.152004449628491
0.270549234682321
0.331488735922393
0.11841514473367
0.298952008912966
0.340533680902458
0.170634457989588
0.199241496539424
0.11567090426437
0.516820694675871
0.141163591992324
0.256336264743501
0.266919762506429
0.289438375937014
0.253159788838906
0.32105770697175
0.339404599520183
0.274658845878528
0.359760249252765
0.370798992182655
0.316395864907295
0.251037992261562
0.347900435879408
0.321300824674017
0.11667251420298
0.198344282124321
0.311871402869758
0.103528010471281
0.280305789363349
0.22386177973566
0.448960608688917
0.316511408444479
0.225828385557482
0.135042485175971
0.342044266024731
0.335022066247445
0.280018797569351
0.455845457802151
0.300926553236226
0.514612728375602
0.210782549021043
0.233240801690853
0.115979941932813
0.372094906592267
0.208809121515332
0.485701021389085
0.249211394630784
0.221279469987813
0.256345293189304
0.227997849648061
0.363203080169891
0.226631294966904
0.246457316214751
0.181519331846525
0.513351614155486
0.382179144220376
0.239993611701299
0.369214838169479
0.37194372867452
0.357764739087029
0.280387125739686
0.40822507709528
0.269537348694288
0.193006556424038
0.118264324029095
0.283312676550779
0.197209257005116
0.194582359547504
0.283806763423959
0.460923950516513
0.202682399229818
0.134871026481902
0.346069710900949
0.239005536049533
0.334505780858976
0.485687957878038
0.129372931423448
0.404444053642037
0.281214171921692
0.265157549479175
0.437050843210401
0.443154027420056
0.110300241909451
0.526377275549161
0.324587542253239
0.212736388424082
0.371587929604178
0.227457534317028
0.139688324954852
0.330891600201119
0.368368811999101
0.35195239059335
0.395442915408815
0.245344738841275
0.483318882839533
0.430734236799924
0.116959352504606
0.466051354365088
0.387867086016009
0.127956276705154
0.362578692304528
0.294737665082231
0.326829399504644
0.202605845486306
0.281140374872048
0.0983429896875493
0.350433142904823
0.342563762736124
0.149086745049206
0.22645789156467
0.353076270643305
0.0853337453111703
0.250397444525095
0.323594453168418
0.397425718103133
0.228667543553078
0.355928283945605
0.17981512713891
0.204767332500252
0.335717141262674
0.143091901691971
0.374659851054404
0.403734387900581
0.455961813724727
0.140945150882263
0.494094117068518
0.407220706894781
0.350854187404267
0.329828306582012
0.263495472822528
0.0679090465628225
0.292724464252483
0.25383892489598
0.214484821113575
0.431148412577294
0.223136842769883
0.33298213403984
0.396922259650442
0.419699085864359
0.34985841966463
0.269590530684382
0.292652208335647
0.428334734655589
0.323870481917082
0.269932362517927
0.184131108220438
0.180676108344668
0.374676160417288
0.447475440080397
0.256956497263421
0.191569191555611
0.358172417019309
0.321698363052645
0.571579876668017
0.119390391782217
0.473282376397501
0.257772003457506
0.13969475395032
0.38724362838946
0.364885657700348
0.109358525557817
0.210868887577529
0.277032551466686
0.359301281723775
0.252804589256479
0.244855335179198
0.173856961515038
0.308967099323683
0.411644976466001
0.287130377629662
0.283993544377701
0.362674923411731
0.238226092229748
0.276647839469911
0.404148990376493
0.2393003956368
0.36853676487284
0.323866458442938
0.237383560797077
0.441949401754491
0.304386539258169
0.510540232601504
0.384327890709824
0.406056947349636
0.116477454836316
0.346081392145978
0.265443573533906
0.447774842239994
0.267796194284211
0.196400619509757
0.453930953392761
0.200299736137363
0.432382581335351
0.34287319349941
0.334653196571191
0.173773948921009
0.331334123118378
0.121858204559799
0.305534013221417
0.114566207213665
0.379136876312252
0.38097106243771
0.315832389488709
0.305279370797433
0.187835816155988
0.326692372693283
0.263353084072073
0.25514997571877
0.250431427110137
0.436367869043342
0.245808252949437
0.256160789873185
0.237581941630233
0.426314667929267
0.180092553584066
0.165318109450983
0.387378586388455
0.203410738244532
0.178321269350746
0.208108446505448
0.383508797062435
0.429660363235534
0.265640372405174
0.169489823726737
0.264358646264017
0.258559422364178
0.52238965328031
0.516888017948724
0.529668183857249
0.425639331397633
0.365687120956318
0.173878656705885
0.442402181296314
0.379329088426903
0.182056520484379
0.12759191359753
0.255055825229141
0.346427877907538
0.481573440512995
0.504103151209302
0.140490935714284
0.436854372630392
0.107516262409916
0.296203454975031
0.220411239836672
0.291845398156589
0.349035483624706
0.328951554693071
0.406372319301399
0.222043073906702
0.258676050310837
0.158721844141206
0.266460826548519
0.363406657169867
0.287523356267425
0.329212750081557
0.472295892296234
0.370949058107836
0.262557974862381
0.120025253036735
0.351109052201539
0.177988496551526
0.314669292087239
0.377785718477386
0.401756052962545
0.417872828430316
0.207633423017878
0.513884157972476
0.262961412311407
0.297403142371523
0.197348563766324
0.229574715773065
0.228243250674722
0.241162909569217
0.264095784361827
0.15882321599651
0.349909460359667
0.259661503770844
0.177519248758438
0.293259452463195
0.488129268562414
0.288416452778839
0.389117996594895
0.395929310450335
0.169153105651374
0.277444266931343
0.0799908582644204
0.296498112308802
0.423567879341363
0.454238436552638
0.428782396571574
0.418017926733099
0.137928337797347
0.159326239176559
0.399796453481048
0.258166450965431
