0.0348261960779661
0.323692780807511
0.167763992285783
0.366896083477807
0.472273389246733
0.16553234888413
0.205227210016534
0.210743281329733
0.0664028884324062
0.322381302802556
0.221036440088587
0.377807909994588
0.230038322960579
0.229988039555422
0.0147683737419187
0.339366728627503
0.32567895734442
0.216665769185896
0.00835724282288224
0.191368694240283
0.404269104145765
0.193491503690452
0.367991198177522
0.0678622969352278
0.56794482012418
0.384928999711305
0.257488021698002
0.173966852612856
0.197276141374277
0.113351319624454
0.303409626250775
0.053571112046942
0.313513882413883
0.336060215556815
0.606124744978618
0.29181972023694
0.422884594310321
0.359549490760865
0.195279856967842
0.092915498363547
0.379783245670711
0.299614421554367
0.170521245597375
0.273542559798704
0.505812061722134
0.171812020889461
0.196050055871879
0.0990700292093089
0.223203985289522
0.458785823731832
0.0044185872477703
0.525102894844674
0.0729270797249507
0.243772275334587
0.375165304617858
0.533407410674076
0.322202370351754
0.387585928032658
0.380066088010149
-0.0409911319111184
0.199570038512543
0.229633205704663
0.408348622761678
0.218500363841107
0.196222533941189
0.231987070254973
0.31546165844601
0.355495930400397
0.513013554190111
0.245940105437556
0.366372468022076
0.296026352297338
0.172529940137357
0.154702422621546
0.166962871635242
0.308035464998058
0.26488288314779
0.170943489119357
0.255481826449052
0.217436159427846
0.480543496822695
0.344983828503643
0.144461200806065
0.393234480350129
0.389276429859429
0.269950885876705
0.215993483949884
0.196676909451523
0.239437027552622
0.288792421611766
0.331216320353132
0.20546493060697
0.308960662495561
0.394141856653242
0.598392791764175
0.262293244155214
0.238426491614552
0.259969135089441
0.0756262685495237
0.307587738965967
0.572350350076067
0.152332455727897
0.216290578658142
0.296825610482814
0.385382275217089
0.311089883452319
0.436442735387945
0.577632325410331
0.409974729807612
0.17043417235869
0.37580205128281
0.390715426566999
0.185544021956221
0.204224860584107
0.27405727001159
0.0563036747563387
0.0803638710709501
0.311892967997453
0.179090302806534
0.248148710662716
0.12427879853386
0.0481934962662458
0.0723044281794949
0.240063527426771
0.2828696026416
0.507449244498647
0.425311739520329
0.397564067397897
0.416183599591984
0.289445136778377
0.0556704448774509
0.35756759464101
0.317745449068775
0.0188774842185629
0.315279556038344
0.337278327250484
0.346118662120797
0.236383550853069
0.543312667151814
0.434719398659294
0.473920590525303
0.0643481371568444
0.296779084969203
0.0875106018949467
0.358342809467945
0.399298990052514
0.388522054557661
0.588855623829095
0.0673301147487738
0.204976572129333
0.282307215018933
0.160902339765992
0.166087876554372
0.322345257652256
0.332923444382772
-0.0226031056394307
0.489462181153333
0.325238292982719
0.305717274681029
0.183458822746945
0.151723880873695
0.499411745373329
0.315586813208289
0.114460942019074
-0.0393909120128338
0.124157000971303
0.181430717606183
0.421741899033382
0.337455424950956
0.147764117728949
0.29839088656761
0.488714945523194
0.264282887957155
0.272229546895646
0.514488420658067
0.101415858988441
0.139680312714649
0.191262717049835
0.159783538656896
0.29169480073398
0.395465811034272
0.209148163626042
0.31299387209422
0.248158520316256
0.205430317040222
0.151700349856817
0.249905192741783
0.181825410660493
0.297637122877655
0.451299895878037
0.480773724705522
0.206082165746971
0.313578690250438
0.285619830784717
0.222731749071171
0.428953640244225
0.196435868957298
0.326955678455317
0.560972660266695
0.255556647366746
0.138518837141765
0.238393025200029
0.307479408307518
0.15747888411122
0.318918074794202
0.273837995692032
0.145238470306804
0.500637924753235
0.307608684431785
0.0214717399975436
0.181547630703814
0.104761514997755
0.342306802360606
0.397582725176545
0.533948664502655
0.117820904573047
0.337885803489396
0.324924500459811
0.249075865920461
0.212140307589414
0.0768008609286914
0.516780140078478
0.304658602523283
0.187013623615566
0.385058913890347
0.0588666202629314
0.1538196296006
0.340721514798676
0.0388934864471909
0.26388792568644
0.0929476493526045
0.452419226200002
0.111539425391249
0.139864629947626
0.327048726316306
0.163826867677902
0.0768228339984744
0.358092587849727
0.23340020284627
0.468315193816262
0.375757689052879
0.127665177015846
0.192809408626471
0.382717627886317
0.309419141617702
0.332345502870996
0.325586358115986
0.0239476610784992
0.366219614830879
0.294333117150499
0.298015973005769
0.277365158379539
0.429266903580366
0.322587919008567
0.224250427055095
0.418130089179863
0.224354169262116
0.203064622397121
0.0358594458457576
0.495392424023879
0.322142707871846
0.234024130714066
0.33178975142949
0.228279383610883
0.303130438909579
0.212546746934951
0.089429016990084
0.396914571655758
0.209464386300872
0.26700049790994
0.257773656583493
0.136050416888932
0.610072864089029
0.444022760828373
0.348672731476335
0.324895743917017
0.237359464187701
0.494104282936048
0.372179756673463
0.209673482706118
0.278395537756368
0.550261436286637
0.166057500423633
0.146957291892814
0.287180394063442
0.262121166212837
0.233113113937296
0.420859556080903
0.547932289753666
0.38658422911727
0.413555961668126
0.299352353804743
0.501827710216557
0.251097668358075
0.206324656664789
0.202819800781984
0.0831327787302694
0.519573257247871
0.27534156125335
0.216827221877249
0.132443423454619
0.301769327900084
0.43169596228315
0.273105326479965
0.266353381012483
0.210113806444062
0.399730698314547
0.320482217007075
0.120447023176138
0.178818622121433
0.123986841248813
0.234560724082498
0.241304742741022
0.185198122722953
0.243373016532074
0.378973285332768
0.533212329065459
0.225704384241071
0.221285057151281
0.262407618851313
0.334437261533941
0.125544337914104
0.302397383816491
0.182260755426456
0.153568629346365
0.30411588114373
0.280779656953438
0.582938008055679
0.224301562429568
0.503725815412433
0.0632116979262618
0.229767816277178
0.112161220723545
0.233931071485953
0.290922475124853
0.125863803756052
0.313803511866319
0.388015330895445
0.0742302500697068
0.151381296551498
0.234703317340779
0.238339913675708
0.150899533714173
0.327392914815949
0.47494654956524
0.481129434186671
0.161867029283804
0.394489748022665
0.173600973632711
0.357673655289973
0.280595413278895
0.184395880020395
0.212340087043792
0.297199706697015
0.231554105107219
0.0964643299582578
0.297114646626695
0.424290486314845
0.160085827666778
0.277610359667526
0.199296182800008
0.321423658211689
0.0988464737475202
0.164579614477938
0.172881715628375
0.206832149773427
0.187074329396519
0.311529673736853
0.244344110918336
0.446896612809469
0.12390067888053
0.305825931933269
0.511320210658537
0.0600253161894764
0.398914731282185
0.261873695286642
0.387931525460334
0.442127159015927
0.188864114224418
0.069624604866075
0.18162487987548
0.0877797838845123
0.390754110883292
0.437183484032574
0.427969783121466
0.293978176471296
0.449401195157543
0.172734021428423
0.483175827874184
0.200263807426996
0.308738325810353
0.191544939927993
0.245054998134763
0.531455663138814
0.202509915920419
0.162456023931599
0.187018262654219
0.232483245695681
-0.0280908452051269
0.376965640277281
0.199074082636998
0.199183928460232
0.378778855146593
0.240431560282243
0.217181522368389
0.3526036875241
0.267305733492108
0.104472209800658
0.412106233152575
0.351622847917307
0.528766543568251
0.172769636449868
0.412786512451787
0.258749729350528
0.000279801877409956
0.0853828596827782
0.299950307515538
0.214348995281271
0.269226980636936
0.225891673246858
0.226784759367504
0.328898320007557
0.0943130864304043
0.112560580174558
0.193080456621869
0.369084494608954
0.329316551141613
0.37399897238773
0.374085746670071
0.0550031558341079
0.137897805293705
0.366434321565923
0.0393735972247385
0.205299530634737
0.241286500697461
0.412589328266316
0.0585139281952824
0.0755857895962299
0.328070175760629
0.0555838056184779
0.124165751619966
0.254285638074571
0.290191363137552
0.0115255308765316
0.0353390972113361
0.302854705319339
0.392790412700287
0.136328746282634
0.251086408125961
0.239731185378481
0.186520559891316
0.647143356405031
0.233640946557193
0.189777339059882
0.229382854366967
0.268952260237295
0.115839706641989
0.0151496662422304
0.616158486726093
0.301729516525739
0.37817591121875
0.374517268065284
0.321039314732245
0.181147403983964
0.457526098123966
0.254285765439798
0.240422851535965
0.526478690589484
0.173546581094222
0.252635508682027
0.337543029592975
0.276404108555046
0.431790488231945
0.336441943749804
0.329360922334829
0.105335087065298
0.149203175889798
0.231499498566119
0.413828857873244
0.467430166446657
0.620037757734088
0.160766780337567
0.470150387772512
0.417238836620158
0.539274793421815
0.207616694578825
0.397162797875354
0.239146326976541
0.29130778361205
0.248923266805417
0.390587771086191
0.103785104473424
0.302000799902251
0.324492017126426
0.0700254747614496
0.200108661645892
0.31570664437349
0.221764068828976
0.351992300460698
0.371810621485248
0.300234082879927
0.287479075948597
0.0713531489535065
0.170642444092393
0.328765111677711
0.23849151384413
0.321744170608542
0.239880686770098
0.388551569220321
0.0462650399024918
0.0107306073299877
0.232084708686041
0.446910552936874
0.16726332752221
0.274020086735133
0.588244645845977
0.395097636054352
0.231705230326364
0.378713811523658
0.23035862299274
0.196147327779012
0.42091051856168
0.442162579323129
0.171610466512945
0.301190336896492
0.376878391291578
0.29440179378395
0.281660474222049
0.276130107119266
0.10361604019405
0.203087452565098
0.452564412934784
0.149151330097961
0.296442109852221
0.143694069557942
0.31346689557066
0.379946111077949
0.330088299837592
0.233301033621964
0.199109133797667
0.44860114788985
0.171176417405698
0.073434388423072
0.504515615728307
0.493099658745285
0.284317314971205
0.353113796955749
0.164975821991896
0.208127197865413
0.327240202770657
0.492213277918091
0.139896516230214
0.116269298759974
0.264652985062392
0.469688583955334
0.312819687606277
0.481830755708343
0.41535760131811
0.12083963850748
0.272646994390417
0.149221842185799
0.249501201273365
0.175675090556097
0.179653313662212
0.063166719032487
0.404187501807026
0.311428836343268
0.432792410811482
0.623401675885729
0.445582776238306
0.200112402754902
-0.038139331127114
0.577617471157734
0.534201373244802
0.336457333828391
0.394196845225472
0.301721572905994
0.332598012189137
0.240676076953308
0.307387445987855
0.336726795757409
0.306820454980873
0.169979403459618
0.139616956905644
0.165031023768218
0.038024105930872
0.160983659104584
0.396028260008884
0.381763883880444
0.241144376380387
0.155831870055479
0.339251603946881
0.334003474670414
0.427686087417622
0.386782082497193
-0.12754138670196
0.265204559433097
0.518808051068575
0.388387209543929
0.245780727870139
0.420506509283727
0.288937856840355
0.300135228844796
0.414356766727498
0.1661293226347
0.176753055755058
0.0637731515296841
0.215556826470589
0.172120051111749
0.294631042016449
0.335186231587958
0.407238471273529
0.130292134655822
0.221700350366791
0.57303464600321
0.165303979003389
0.284425439959672
0.228236517179451
0.168711858979091
0.13555976815443
0.0390581154204993
-0.000307521395528541
0.438915795008742
0.297999895224377
0.212592459537108
0.312917287009122
0.480098080340075
0.267284662546351
0.292485671086917
0.290058707070888
0.55857727883098
0.242248141708148
0.396605229168729
0.26661573240779
0.141379250404693
0.535863857705554
0.428212987961391
0.186509188792213
0.444580395817409
0.292908545038191
0.433147652605907
0.172555224953732
0.120493320625173
0.492813069859188
0.216348178523136
0.546902244265433
0.187834408946631
0.13496697878127
0.0420835179831765
0.281738201043801
0.043668419586431
0.152235817865058
0.176417281659172
0.0818687905810997
0.227912238483813
0.0554451074109433
0.275975313151839
0.318766037692493
0.210544391580777
0.374417641667406
0.161805627498875
0.369181947233434
0.202406064106213
0.171966645588084
0.203074185993278
0.252641957562029
0.160761777580881
0.401043247289145
0.224037874163073
0.249496290671252
0.142776298330984
0.552438835851329
0.280257323091214
0.280449171878687
0.187265233728309
0.307497958397756
0.186445044878358
0.265935678867603
0.478236362220025
0.265258834827644
0.183185849285708
0.0714911075399303
0.00593395915744416
0.308214227888738
0.238194962227959
-0.0123296868912792
0.262315064935458
0.230888734332017
0.189330315549207
0.316200401501477
0.305231219817723
0.400233819470331
0.0774896126336313
0.327458561027201
0.375984423282457
0.276444787345385
0.263997828298878
0.11964075403642
0.322604373053379
0.273770524600658
0.518046986973458
0.214812364284398
0.281762317307598
0.253663270496604
0.0337657546204891
0.119171641007489
0.537981199741308
-0.0289822096681357
0.520818695858015
0.450728158048651
0.182578146950998
0.201779141671652
0.341034886203609
0.396893405050834
0.38187738391658
0.306005095554119
0.423615455428339
0.4973196850034
0.135888289946486
0.538885013286467
0.38291364472042
0.214231567968327
0.428396767869667
0.480067663163433
0.207060290843698
0.188588037827415
0.43228075461452
0.316127019772446
0.148387162402594
0.098897619392782
0.467419045376321
-0.00269753584259268
0.305200936977082
0.116301243989702
0.414964162927006
0.180812122150127
0.144508020086554
0.116225186548119
0.549131670436502
0.0257431443172584
0.326240767769479
0.051280196734732
0.378605883123704
0.141336010074573
0.172221584453716
0.383991184292068
-0.0367693973291958
0.317461673492018
0.00387632830539747
0.669147749721244
0.332694018464915
-0.0271101139982869
0.188358912862557
0.234786393918345
0.373894018383369
0.285402181877002
0.216853795177082
0.254983278784203
0.508926043691302
0.549767125212604
0.249872724044274
0.262788138883329
0.0904421977891967
0.382936806431887
0.261514249718766
0.537483495224865
0.222699502501191
0.149644696961739
0.0175326529212995
0.28789790717908
0.349143863296805
0.167994186452577
0.255119148487939
0.614838564039582
0.287417035695943
0.259053899788373
0.306561973395512
0.281913409168967
0.30229134970488
0.112876640324553
0.122933381075735
0.507666480897335
0.156266036052828
0.169621114067673
0.567884475750045
0.537728365057416
-0.00597641531768572
0.398488957047743
0.411337236050689
0.154597924538044
0.141237133008061
0.404365230937337
0.101601028686294
0.271680352643802
0.106468528440041
0.476857042800015
0.0499067431578493
0.415803752004963
0.542402623953469
0.193849353769965
0.0521663423200706
0.591714065673651
0.161041673648312
0.17340611460678
0.355079095784916
0.255975382380538
0.337171865719881
0.0543707167490656
0.368008184275319
0.0706722945475604
0.135636146319608
0.372265190478535
0.235895773658783
0.34214016659181
0.0605395452080526
0.173324900074808
0.0657378452650698
0.427348576267561
0.500332813989037
0.214188382875566
0.381031643080033
0.145805601393155
0.153824816864556
0.233566923663094
0.193354934959375
0.291947019282847
0.322992854989578
0.270613410802744
0.117085537270768
0.294089634512931
0.26819307049728
0.307530782174156
0.370818606912334
0.287067231390747
-0.0562322139249728
0.172863936523201
0.273876791354852
0.111366917823061
0.438853735181019
0.123986323185433
0.447571077535407
0.282875461123122
0.322890147439825
0.280569291096772
0.495850862065409
0.180371461886243
0.176197539280274
0.283008417714483
0.482810489811421
0.188415987016336
0.014810832088315
0.430704928118088
0.248731758041837
0.405376813412931
0.108562251059813
0.265017797827624
0.304167400393325
0.334353570099577
0.430272610582385
0.288555454553781
0.287847714785283
0.19489186280835
0.391004212787285
0.200720363678909
0.110530552124349
0.387796039902879
0.150553679796651
0.365582423019144
0.205504291869902
0.137991748928043
0.15204936736888
0.153787336751782
0.596538669418529
0.233137598316669
0.531857710230972
0.278417057508417
0.271322707701977
0.286197179426189
0.402712743859856
0.26116138500742
0.231518629481369
0.380021439330848
0.0636603556425926
0.378974477346322
0.325671296090971
0.540788948801341
0.263750919436127
0.212317812435194
0.0803439627726583
0.254726828303403
0.271209286107803
0.144923516708743
0.444867590072193
0.430250963614578
0.504731327773553
0.187278416085285
0.234204848642949
0.231147227482721
0.33567375751178
0.155742348990024
0.241281355995213
0.1842919679109
0.440712916011358
0.151858610752345
0.457420971296302
0.523068497697826
0.325246130021536
0.188253520993174
0.279828570300493
0.329488244664039
0.11378195974573
0.348558314581793
0.198994266969907
0.366476995082629
0.356427233562935
0.252469357206844
0.304353954676293
0.467823223337344
0.239863467255578
0.245179243631522
0.430857132652749
0.446086168372624
0.185473463738645
0.151208070287982
0.687242950213965
0.206535436391005
0.216359028635565
0.267475937075387
0.181173766377542
-0.0899611131480202
0.517721238022272
0.564863604002127
0.342135967797234
0.241695938734762
0.336058716800747
0.0147293632400367
0.321365345799836
0.0807382935514046
0.0978230798107789
0.168317897183061
0.260444699319547
0.188568493913526
0.336949448059965
0.506397559975876
0.222185585011264
0.165417374715897
0.219076549809044
0.488210053615748
0.182487119441146
0.160024707229776
0.390414313243455
0.334607912772397
0.337384482750293
0.102466979277648
0.394028311857661
0.0457935022762864
0.0761785914265501
0.332518667024545
0.161568050467456
0.457717309097987
0.212723357239787
0.120973924313137
0.423676942168271
0.0560322396088277
0.382513839813775
0.11716388957826
0.470806853823947
0.371323965653222
0.430535144661686
0.340811418180389
0.372128314441489
0.495487141617065
0.355318748440159
0.326238976465358
0.144598879752738
0.270346292547779
0.538961469270088
0.0488188107578941
0.370168343656335
0.13755803750254
0.345033218719701
0.204373041385107
0.329465806978877
0.0977497769993852
0.554388862795553
0.0533697349520145
0.430500737860225
0.457068274116563
0.0547396308730113
0.211017965073826
0.0622288263511127
0.335706035527354
0.320296263234333
0.411400111362716
0.301626072153277
0.0420155631300228
-0.0671045529084875
0.0799927287207793
0.510585305126327
0.0952545568446519
