0.241322779694618
0.401521749369197
0.350212715672616
0.442351812457039
0.267005723765364
0.376246009546993
0.149529534511453
0.137421210027955
0.258702557681793
0.338860611097716
0.323208500235128
0.409550616314338
0.321171060970693
0.285366666701276
0.120845850675512
0.277908809423357
0.224057647456558
0.508996529089474
0.351613670524411
0.197084818933771
0.339319572788601
0.448430048985732
0.354000550110138
0.45080798842953
0.499659884357563
0.27226128641978
0.370113305010428
0.310478201220179
0.246864529207803
0.348131639949329
0.373292294465736
0.282310882281155
0.389761160143079
0.734572957965568
0.484663068460765
0.211382259962816
0.382312744982316
0.294752830136575
0.225900248387254
0.147791986551573
0.315134151353513
0.586747867810361
0.313325991903962
0.250896400531205
0.529847103462479
0.533247776057596
0.270111087433224
0.337604277204656
0.326837113480572
0.282447499820054
0.292991214279321
0.401845273334637
0.156907473786132
0.394861021951416
0.467350928551454
0.361343474210096
0.220867616438114
0.233723531480701
0.324032296894422
0.284676130763084
0.18726370903747
0.3228585422117
0.487138027536979
0.270754377068848
0.15963150995131
0.422685770849311
0.508697890466232
0.547446900333875
0.294946832176796
0.380255001684966
0.149089167715564
0.356649382701496
0.28100695590434
0.219167460430082
0.478970859472217
0.194779099481713
0.342787671145194
0.337650246470008
0.341956372363501
0.2749784077009
0.554475013663988
0.272611648989532
0.52126400140167
0.348437269592729
0.368592963802979
0.718752703390729
0.164027658856323
0.259818315471014
0.313879298545496
0.188229469533916
0.280451841985506
0.177585287513564
0.389243078993181
0.39808403979056
0.348613203499952
0.521836397873079
0.189524225091436
0.214209062037335
0.316493253199406
0.381272420244526
0.511688238791783
0.145595101274939
0.496617314009776
0.366988247696415
0.30405741017606
0.19837930280774
0.296354799297032
0.296503610410426
0.36181108332469
0.386168638609261
0.482266992559295
0.227037695471006
0.415704826735691
0.33153100250965
0.198589293975465
0.355539881004586
0.189780632178957
0.265911034908974
0.353524765661612
0.315721333106553
0.409307499963549
0.318785440919187
0.220745703152626
0.220375809664648
0.230917133597239
0.503533255556077
0.401021987724387
0.29542074842932
0.463903334838256
0.151444546344262
0.192517390610217
0.32471156880437
0.400569484539067
0.126795270685324
0.266138620918033
0.32734408420185
0.262996637201549
0.220627071767335
0.381578053202219
0.323237578050283
0.191703126510802
0.36221233907374
0.300598019623249
0.525480167260454
0.243566714607533
0.154287369549509
0.416452793204111
0.418063707204425
0.166891024478316
0.321250315918505
0.476899228844755
0.316119528756777
0.176909755544623
0.335455962913863
0.247497362581177
0.247985061962025
0.344435308217654
0.36420604562282
0.28751657172869
0.429037920375879
0.424164820643211
0.411487050466022
0.353044358638971
0.162848171320981
0.148932156790832
0.364125887129233
0.321313785913704
0.0549513377867813
0.445306229519916
0.403865372588896
0.183734743047066
0.415946143714277
0.443718398880784
0.333202947333395
0.35313776440173
0.195440719433543
0.285680231960702
0.381021660556851
0.117527142778402
0.258983057714491
0.543205728944781
0.228377762909106
0.386769933456373
0.398456451198499
0.193565187339248
0.275605881001343
0.192826956954869
0.127032478145503
0.357098978031999
0.319229499254027
0.467290503295954
0.386529760913205
0.302129243186422
0.409259697926722
0.341423044791424
0.373034511252703
0.312909371733349
0.392311488726574
0.347016146567033
0.181418087225572
0.349991260569062
0.311932955852565
0.203535764798479
0.446970819995704
0.374591490584445
0.27199684493621
0.396666408770101
0.389257068714019
0.364999418606712
0.0954397255160835
0.378589853351447
0.574764463733286
0.418246720406413
0.347370835554528
0.403757132791062
0.219640116008392
0.257315002985516
0.24390587138314
0.314007527858763
0.142828724098615
0.245636036998121
0.313214005967882
0.274617918103876
0.301985066228363
0.293842687929549
0.227144113879922
0.42783855940147
0.394065893933479
0.449001932437576
0.352606456009633
0.36370525018966
0.496595179339416
0.234445953361831
0.252015487843181
0.201573967701453
0.209868632600882
0.166455690369562
0.333999827063318
0.346807787747456
0.4597344747671
0.284657130874167
0.339903747749426
0.397188962930711
0.327460592260361
0.360111365033684
0.405197992730721
0.349510014610562
0.298530068876873
0.294538593054218
0.285793381259616
0.39308823772131
0.529393080853275
0.30999858312937
0.200989696134031
0.298749419181177
0.0201703752888522
0.224045495529751
0.3244427032694
0.35851325208509
0.407004657037514
0.223182797938092
0.450672707204744
0.533404237507335
0.495300869851578
0.337095846731481
0.339365373250743
0.450602632984038
0.436831601692781
0.287936260214998
0.332545859888572
0.168576616781793
0.282828626958816
0.498687632115028
0.367144445664495
0.478722214038327
0.359294132513447
0.189997507726887
0.337869448915214
0.26128106587676
0.352677684125562
0.463107244872286
0.363623687516997
0.344352020572839
0.151287537215383
0.618161530666929
0.395320092637958
0.420858018780448
0.244136281338626
0.500957588174954
0.327138194170036
0.255288709088666
0.244550759396284
0.458332576521198
0.341033030279069
0.35291621770891
0.214993362896593
0.43617432302075
0.250118808387593
0.490074853740001
0.449849974564262
0.312502621507606
0.38420909231818
0.448722344389021
0.264576875646915
0.126450688727847
0.311247509333469
0.355543654704417
0.171259755926191
0.415226993302228
0.291817226474862
0.303049620988982
0.263562147427292
0.477068321085221
0.450082703776285
0.374201748364447
0.437558859887944
0.32831565569544
0.391811715435984
0.170169280247562
0.576303549238433
0.316229176156961
0.459306428805828
0.382476239486433
0.115428419166078
0.0689658838708046
0.303617716671702
0.198467118735317
0.355752029369649
0.356010552663104
0.525629815850684
0.211620421292707
0.439790858022403
0.262329138539581
0.472827042795095
0.312612021874736
0.438564520430818
0.214077858360595
0.342250339849629
0.0996012077915849
0.3020832404191
0.464459834634542
0.454835871470431
0.470493546665558
0.420644726952291
0.333982302208968
0.25252993383193
0.213197000090524
0.379245476771206
0.203837384524349
0.346559826338235
0.300265201983838
0.421878305024647
0.318899939969637
0.406900117218022
0.408068244480511
0.34129311035448
0.269410912940585
0.193846250816401
0.373561705349965
0.193637164935799
0.291179264036649
0.221192242483853
0.0799264911820174
0.385602088229979
0.280442377070214
0.285306783408622
0.392506151274113
0.219498138173436
0.398405416998506
0.41163696584553
0.415096616081083
0.310330172901557
0.330422577445722
0.291155422928275
0.512773535833149
0.389188241394009
0.452650255115077
0.440632878939989
0.135909492615546
0.394535924590715
0.309817287221316
0.364260575112398
0.45977418959471
0.311428403670118
0.321189192315748
0.295366701719161
0.429820457716885
0.22346702224017
0.365406684799538
0.273618973220011
0.386222817781762
0.493052407255783
0.453484917202188
0.394628850296562
0.552653620251211
0.173477220910158
0.274198149138517
0.347520933743484
0.343363830057775
0.458210974862575
0.374541003021099
0.484280700418562
0.436075451559246
0.216940333945787
0.376627026102056
0.335678006243575
0.351948861016615
0.24424422642997
0.335533075191754
0.323488661886058
0.304757614042153
0.328869153140376
0.394424914232415
0.416292789811525
0.0824749055964878
0.268979357205955
0.541971925228724
0.466685570802084
0.172575588347778
0.244854727559504
0.278312523369798
0.37417998360886
0.169705341220501
0.356616067279189
0.534881189215408
0.359669725338819
0.307399808835977
0.296555024573767
0.250464965993198
0.198940775901654
0.449068299806911
0.470946095075482
0.168826416615401
0.253969325152367
0.254185656507956
0.176489214829867
0.172192715405283
0.324157007145589
0.170371480692585
0.213963078252858
0.325605991018897
0.168955058391257
0.345296676046947
0.222591757029125
0.381849042989683
0.281102139181819
0.331914361392966
0.432051623209816
0.254055241856697
0.422651082495298
0.221019437865705
0.321459128122255
0.410226439143633
0.243290877121497
0.239426914105347
0.43760625427792
0.283255913898151
0.243296993466238
0.422398168034157
0.325721440586579
0.467484065221806
0.47579206721272
0.345008247209376
0.256988923036503
0.238165414276697
0.372578786309202
0.326999429274867
0.409485606144724
0.216052551813194
0.332056039681744
0.540352400889758
0.312580791925509
0.56373517516936
0.637168042683101
0.183233481867647
0.289980116050856
0.26373442481196
0.325297172895697
0.253562025383345
0.490760675984698
0.36000786702271
0.345002847676819
0.35032408285838
0.390852976708203
0.508975970453086
0.447275027902211
0.33825045272833
0.361508659132925
0.490220430786643
0.291473966500511
0.509900272788575
0.275272916682227
0.376368959496885
0.194899571306958
0.391485573850611
0.447093022820834
0.317436530709761
0.332526409685637
0.368563357296714
0.642086830838551
0.265546407577638
0.413546167571647
0.230029907286198
0.392252062594594
0.350614366175206
0.365543187456767
0.304671013420748
0.273795442936184
0.328511851698518
0.180334774888984
0.242917689845519
0.281592434354041
0.372176010655366
0.406574348513266
0.256747856892515
0.380202890048763
0.294743705275904
0.417252726282663
0.411177839837204
0.326622481440261
0.254615933801936
0.42152946546294
0.304241370378238
0.471226823701894
0.36066285717217
0.490985674282191
0.408087901716216
0.348938329800039
0.371954003720723
0.407683084719978
0.216934588952083
0.445233708149116
0.205480353374155
0.354481841892041
0.192593617083381
0.358523715723761
0.415938721747979
0.369126514841231
0.505847009714042
0.19052291080914
0.517577985098799
0.315444316032709
0.205988558046481
0.378658974578257
0.427152045878768
0.28296319924515
0.22429077432044
0.243401100560906
0.278513601081751
0.321102026736961
0.41168695065027
0.424919155308478
0.38321920100793
0.393882268094118
0.423400407573381
0.307885424100746
0.254750799676122
0.277640447515001
0.277752306224099
0.375646568386169
0.326175138754051
0.353322798131799
0.539269236556696
0.334995639690261
0.158136950730322
0.445464941577902
0.414441318263041
0.161126506986866
0.395580826737445
0.406463536017506
0.147831095099294
0.137024432654513
0.445074464020796
0.476222005449749
0.276790217784125
0.380661679621415
0.406182583506029
0.306588819707022
0.232816583364073
0.240919813377347
0.391412260164718
0.445330673615276
0.18222189444059
0.124853868810653
0.247713449456715
0.119658200556825
0.223865345891557
0.342341238237896
0.249440041847624
0.364132902224113
0.330901501882216
0.231404331053529
0.205243996627758
0.326674826507662
0.268265022099049
0.123616695176195
0.283763681602886
0.446029335416126
0.480117596724684
0.239808987032267
0.611851390655251
0.644516095490661
0.34870876369718
0.326595111730685
0.341670158988722
0.416849272888244
0.411428435964313
0.30040912158826
0.37393001384209
0.235559228995075
0.589126845956885
0.164256416073087
0.175575709467059
0.474044358238468
0.543633356191731
0.512999988767206
0.216659371254822
0.462401359756798
0.3519058856871
0.271016819663889
0.18271634283582
0.251206663663798
0.497909290340459
0.278859060739377
0.350781765387915
0.512483143008359
0.338294787519782
0.37840557064352
0.186594797565444
0.15452045369184
0.375786306547924
0.151074268235096
0.221048511499135
0.292429298639246
0.369305707000571
0.490228740398347
0.286304772282881
0.297314303903344
0.415302796124314
0.333017900163446
0.42443549578202
0.461995911594457
0.383325452946577
0.259652509439062
0.225392542805396
0.342791847253848
0.338078826319948
0.242147531644456
0.184791323132907
0.380401272141824
0.190721592897624
0.224713251885889
0.272252913730643
0.453692219281191
0.261228225310938
0.364650197544756
0.224265789181263
0.345408262900909
0.350038117618986
0.310785535090509
0.346300353222233
0.207968617701441
0.232960843033001
0.360499298778864
0.210611176672184
0.461659672954661
0.374862707240359
0.302684198942874
0.53678759078513
0.411272742215182
0.220521555877854
0.390556884246776
0.224089332261681
0.315213554676415
0.265920239005496
0.275161049852342
0.156630041285057
0.211703183387883
0.40799752631374
0.316526697298354
0.16069169423718
0.0492021441468167
0.182833018448586
0.466171968300421
0.368594537807074
0.225637806259458
0.324570794385531
0.429414544222306
0.362247174754713
0.118855658665526
0.421271288613915
0.308432067112836
0.540587539305206
0.276609065648811
0.369588421549034
0.415781994148222
0.275950456186563
0.253926385245837
0.405715512078171
0.211066510565067
0.445242519678769
0.343673150516222
0.399283494753475
0.21777764124324
0.345489951823252
0.268833078855167
0.365671122656169
0.237507193505631
0.301262524719953
0.448969016230227
0.294268554873172
0.217758183430262
0.155247189303163
0.512899241696684
0.238843315009566
0.278938228150175
0.316622547780231
0.348614155899323
0.347660461190438
0.405990155856341
0.382403568094868
0.336489851635371
0.369013358419927
0.374968078603938
0.199120900362679
0.25664796208113
0.401109915907171
0.40337871760727
0.217532067256709
0.323971789917068
0.267780837656806
0.176547806846501
0.474634175630825
0.351405482926492
0.483557861877849
0.32795886211065
0.148484826665209
0.181695488459316
0.377706988935024
0.423129917721508
0.37879574356643
0.524252106686305
0.323564940570191
0.495516586829821
0.312452252393628
0.364263836788562
0.175345418146565
0.449123170394038
0.420232685108604
0.493880281616856
0.242535290121453
0.354920204683942
0.29385454088374
0.31717308303669
0.388885052381011
0.291294386520948
0.307026411388208
0.243153559689417
0.495135883446505
0.419296656742355
0.367337493157861
0.380202029927049
0.531572953997002
0.441182818282186
0.38905082390286
0.486227244633745
0.206228054971588
0.371747491051769
0.246591582042272
0.393426713709381
0.317748199666225
0.36311502814045
0.340669073834724
0.418561700756066
0.245311101002888
0.243525757660842
0.295840933722935
0.315419253585156
0.465619982198737
0.18412135878961
0.189971569440598
0.322183700802571
0.275155572028024
0.40547573360925
0.386463044708774
0.408211768514762
0.199922268464425
0.541578153724979
0.236297325902861
0.282170967061189
0.252467337646581
0.196102725596436
0.258476433581717
0.304015037119536
0.470368663558645
0.215792740338583
0.362125446788228
0.264363789533332
0.373695449865677
0.649636238551762
0.262239743858321
0.430539671655629
0.332092288077296
0.270190097706227
0.23113614194336
0.300851953341412
0.438037281074683
0.411460677759767
0.271001552806005
0.182976755784957
0.0205142685416625
0.370025770689082
0.282408322684726
0.349385639171608
0.365442500488386
0.17601265732785
0.291098122811279
0.407766400382161
0.270686998559001
0.423633446672302
0.40769251166833
0.196507543679199
0.236071123045336
0.30937430608103
0.22363245666794
0.486113003600302
0.184198530398017
0.585703862051656
0.237095257284297
0.37086566705298
0.360615427821324
0.351658935943396
0.228673620100825
0.407787209800644
0.138641636123495
0.321238478979608
0.345752395143957
0.266774621693442
0.407983496936773
0.318078202324039
0.364063919481144
0.339151724068629
0.388961489294946
0.434779845458553
0.367203069736236
0.323779268213215
0.521161115690615
0.30217079133665
0.267384679907179
0.270535292206753
0.260955814822368
0.362198840833516
0.480081867156928
0.262962533322916
0.184214338171032
0.254928678857642
0.480761958455712
0.627641201089369
0.202988340880292
0.193025457981475
0.262118055704671
0.210491181122379
0.450277517714486
0.506939158250787
0.216953085882346
0.195032634202931
0.322718511730163
0.545682423362367
0.406668760546801
0.377817017875198
0.225727689113387
0.468283053993739
0.451483293621015
0.19535241387348
0.351322364495779
0.512104180367702
0.369845862174937
0.378188391328654
0.341954291159649
0.248192258535587
0.367968711295963
0.43905765501349
0.426644093610142
0.48595982005516
0.259906839903847
0.408392146190329
0.479417239238018
0.3189216362775
0.233260508759543
0.306383024891736
0.254451091271372
0.55891142371957
0.299190294711696
0.285566004134193
0.344394387733964
0.264783671630402
0.409073782646027
0.448338680847793
0.45806797827503
0.139756457845292
0.260601412641918
0.211767910979928
0.381818595978565
0.130877047093341
0.495956782104135
0.361653133630676
0.42863693574962
0.568846655860569
0.303562557782543
0.391482199917233
0.172928002725402
0.34379648136882
0.261389781592091
0.392991125605037
0.399351899126752
0.384726685334996
0.321353874568397
0.291457634602458
0.206550269657723
0.24681536949116
0.448672453577911
0.167990110574873
0.302983872383249
0.394553563238003
0.494400322710375
0.383828610354878
0.496892341015194
0.322446659030307
0.206854296239689
0.296414294368959
0.616475060780284
0.392347868176952
0.409922811224148
0.242436099815234
0.166027322307829
0.215001690243635
0.499240538098808
0.334887538185166
0.322843875719475
0.184007614049624
0.309570063613926
0.429214435105234
0.364173623717499
0.410425696298743
0.223340404724036
0.244135903098815
0.236746775238732
0.345503632249326
0.361311604541019
0.442186477495593
0.363012242490059
0.378961237214479
0.549985315068041
0.43897344877167
0.322461934579248
0.333149281885861
0.392518121326198
0.402016382307803
0.338940691821634
0.31255033603849
0.426289559952097
0.27972512359242
0.236350089457959
0.154072973100022
0.369894033572523
0.290617230066424
0.446231631800402
0.502545114844876
0.440960394186427
0.518716011478212
0.247855084834299
0.510388841221639
0.255496672292083
0.277375704120753
0.118093279144655
0.224079997150819
0.314030622840688
0.229833937091652
0.361119298236415
0.246276579452332
0.266668537551075
0.448800594222194
0.221649765421835
0.40665782398532
0.272710395607216
0.218682970023969
0.247915491832244
0.374435158790117
0.321372497611883
0.339492721888307
0.229180374339792
0.441458369379925
0.155533384283789
0.435409930115857
0.455898926358817
0.321137210956936
0.234770113590645
0.226579221615273
0.371854671884784
0.346363852310823
