0.105485086953003
0.244535537331214
0.194083442752502
0.286131806686103
0.256861110231345
0.281708637236731
0.0555248666350281
0.0385107102381892
0.0909774992238165
0.273351194026359
0.16831794719345
0.319198142879969
0.242298368074265
0.155894454399701
0.0213054230542602
0.161393530209323
0.177525076961357
0.411764595740886
0.18587851806856
0.102883773948346
0.241749613304711
0.247212134616412
0.350325451133825
0.245722593925729
0.403595818270412
0.201081788492122
0.16912441610458
0.187378173604354
0.108541550726649
0.176148799756414
0.305479245975762
0.102116937013963
0.306382013642789
0.563150707524315
0.388092048140452
0.123526823350263
0.303577415079677
0.147592118009703
0.106233673199817
0.0299627032319968
0.242367335808389
0.442695472065634
0.161592242690581
0.168481003743372
0.395549798570581
0.337251430551718
0.133072325638407
0.207689718461731
0.22819017744372
0.20718648365586
0.0980713331903753
0.354159020386059
0.0693190690576014
0.239185716718526
0.440546989073143
0.320707645558738
0.154706629838959
0.115190243461588
0.225753697387701
0.145257670395582
0.0778331095499634
0.215686729501959
0.368347980189541
0.21104309448098
0.0755514756222358
0.278192127470706
0.355946253934026
0.409213232524613
0.223900960451238
0.244573460063472
0.0604558855713314
0.200652492434487
0.128044564853373
0.0835569835488156
0.286216986079121
0.0948480386665659
0.200965199174665
0.194095827721691
0.290166153107699
0.14484057272073
0.527365940067811
0.137610558457854
0.364160028689407
0.259840720673038
0.17237536861155
0.627220060982401
0.0828783250984707
0.174639193496291
0.14632377397011
0.0937782173578088
0.193750484366868
0.0535906626639232
0.284670611676372
0.315535058950637
0.209007089438968
0.441103101342264
0.136322888803109
0.121733943475157
0.222698494323793
0.19647506568409
0.409899425974845
0.0752324268537677
0.332383836240582
0.223633938506798
0.167430544562811
0.119655207692585
0.293603710611668
0.169596676691998
0.21292316908188
0.255618209164657
0.375902394969784
0.106848234437372
0.255254017379703
0.144096874546315
0.097453822842975
0.171872687131974
0.0582281133306503
0.222787418406721
0.244453922184869
0.166127658282109
0.2072568225105
0.169030757890511
0.120129534610852
0.133341030313186
0.112011191027071
0.387854664642469
0.327533689433017
0.253036120700536
0.345368377638699
0.0597397650049455
0.0752364561227804
0.22508432576528
0.268581190814791
0.0326335479314634
0.193189327362998
0.17629512429935
0.14572146329235
0.0948810208645955
0.267952076148144
0.205557100573219
0.140658239008498
0.195345001065704
0.224018991245774
0.36015707215701
0.0958189324379066
0.0628275747695688
0.294467765551289
0.238317525616746
0.0736418627559349
0.151058447281209
0.391854923024982
0.20146388865404
0.0518952236798821
0.256213575052002
0.122283931521926
0.136476985320633
0.228987559140514
0.212592924328484
0.133601999175624
0.264369804412635
0.248805814904108
0.356052645494378
0.196196321255183
0.0738769345367641
0.0435054269325489
0.242356435270543
0.209458504444254
0.013036212913918
0.380939333427266
0.30836331942824
0.0839431606140141
0.326617579535859
0.283280940094701
0.179905854504436
0.281406036365737
0.0674994496999628
0.136372763664601
0.244431910975919
0.0402796626426257
0.127938596526253
0.403816405363517
0.105180582966844
0.441921514172432
0.252249487328546
0.0628236081768259
0.165578041107714
0.0790264249213139
0.0246370853240283
0.261979692271891
0.217134766859248
0.311563640679495
0.202270289760917
0.18044895576438
0.243650548716961
0.177720960543727
0.2907391925971
0.229914759530499
0.290747618055602
0.281344348269946
0.100516218163926
0.196987218092343
0.1805995964798
0.1093829300559
0.300936969935206
0.277175064746491
0.151617911656736
0.349074874178435
0.286066309805141
0.266964840321981
0.0242602013592521
0.187982590818939
0.401178658309025
0.222085846698084
0.2433035622895
0.360888402947799
0.1102449222139
0.125614475758832
0.189455566158175
0.201528176338152
0.0657343818226748
0.117386393383442
0.259876200841807
0.278316802086181
0.221049410455811
0.163380398117064
0.0925946854670136
0.270642480171702
0.192360141598098
0.220672428511912
0.248386513667335
0.204533836384379
0.379031977717839
0.115948127798907
0.0928962379607301
0.0979178007577656
0.0895267353882541
0.053744890009538
0.211617535835295
0.231293238081792
0.378771329744912
0.143253877231157
0.181671787909272
0.24635136183978
0.234771288040692
0.244397854649923
0.299638902522227
0.256466738744606
0.116765152163726
0.159622089489212
0.144999517755021
0.240227325877929
0.498144420954903
0.178073201215143
0.120093349134008
0.116180358190051
0.00173440927873265
0.151813880846697
0.194877208446041
0.182459855749107
0.253839065970942
0.165694706978413
0.479317166098222
0.303894203597253
0.379984268274924
0.278910348419379
0.167906272956313
0.272744368507035
0.244809255310329
0.186001932540656
0.278100593771976
0.113533897182658
0.18412574386133
0.414920289441876
0.285887526617077
0.474359980916697
0.228704620227263
0.135621545355887
0.204885680688158
0.120722628962563
0.298927078250535
0.309676908274418
0.286236561110797
0.326219163491056
0.0560308296448023
0.44183103763717
0.328166691059502
0.286887803410606
0.168095433345939
0.390024844129868
0.222582391234457
0.106502055120165
0.167036571368293
0.36486969257865
0.213850705084559
0.168431331004378
0.104891747981328
0.247111332829083
0.123699070036784
0.294024292096415
0.226635774557967
0.177411448276245
0.2323200013656
0.358320318111598
0.176485813459879
0.0734897371445185
0.193559026376756
0.254780651852499
0.0634165115022044
0.228362367462452
0.168729634149562
0.2395653221757
0.167399349554284
0.396074323438155
0.261718516018966
0.226888872562277
0.287155880906968
0.336878063746173
0.328722516952403
0.0645237563266883
0.402281012198777
0.187641448680967
0.298871208853433
0.26977189307479
0.0502550364948375
0.0206346541042984
0.262581939007935
0.0943495355684171
0.365087620494054
0.269141483494827
0.477705312633161
0.061219465202663
0.266120468100083
0.118014744672738
0.383790545238618
0.169960514991051
0.357564887724161
0.207526720748269
0.299822674714538
0.0298181897231548
0.182095821747419
0.361690211095305
0.38247159486197
0.263190019636963
0.303726389481307
0.305080006337582
0.164177783554065
0.0997166745782999
0.255192745671904
0.0768363858808928
0.299416876491807
0.169568679480729
0.336203775264115
0.207182135992178
0.456605756901534
0.367563984272388
0.139779320539768
0.142104793864536
0.112892080681669
0.228776867678364
0.104387989642481
0.15756021770457
0.101191122482633
0.00973071364136366
0.201459430767108
0.147139179141171
0.155992828046249
0.37161837295926
0.0974731466125727
0.209475863978146
0.304807192760183
0.210182929415839
0.302683526759436
0.21853284476289
0.12003343730247
0.32263555591916
0.162374340683367
0.31611416869629
0.370702212259082
0.0517265489288113
0.220938378796368
0.228481760739466
0.187225205341038
0.324993439631332
0.236005840550642
0.194482653265428
0.167147702114381
0.362318188252632
0.133089140731028
0.235606392040787
0.177186704640655
0.259801525616899
0.378150619600118
0.320220863624014
0.357713438728398
0.303731606370314
0.0462666302413313
0.146598997732646
0.178238683669411
0.19058602112987
0.361438015440403
0.21137711609117
0.265022064466377
0.367389171599028
0.0850461092840452
0.312064762134414
0.313219283213855
0.131473017478019
0.0907227758820377
0.189190384335874
0.159502599666645
0.172340259840198
0.190909226313714
0.265287965620107
0.225857148841682
0.0145934464326189
0.121096630741077
0.368661418721821
0.36305698868363
0.0691112534579063
0.126045530169478
0.207713336310016
0.425506558584684
0.100334949409937
0.23420029348737
0.382955231520299
0.305690704822246
0.185034440164386
0.166385419005609
0.200672322091039
0.0620721156902596
0.344783212014358
0.359688484170944
0.0854931456649416
0.187844842677425
0.127433872207695
0.0739383041018358
0.0732398117926221
0.211704921208624
0.057927750982916
0.0811846716513625
0.212396490700138
0.104523942957761
0.224194494234235
0.0850859492943582
0.21029102388838
0.289597909753683
0.209443673256876
0.201948271923375
0.143314238623985
0.249644682049299
0.112412665322567
0.220435913808086
0.367633524679854
0.114066488703572
0.0676199951722063
0.260307386290042
0.144099482188714
0.0859291800541416
0.264937646362838
0.233659524993923
0.389518291710205
0.321592653391694
0.255579764845706
0.146494992708704
0.112619302037982
0.254259177730467
0.252865912198468
0.347147656258777
0.1074609949011
0.264908532661593
0.433562532171742
0.20467521695601
0.432471612091009
0.550173582972802
0.0777893255588123
0.12414338783968
0.122885511891663
0.157527787873919
0.156984951895995
0.385248887781628
0.296715638278646
0.196226243682448
0.249644322155723
0.315776093862302
0.47027329344478
0.193485287537869
0.240382014851916
0.209023091125751
0.445699264695945
0.14621647693146
0.408737988408427
0.108395176279438
0.311066236843542
0.124453358380131
0.158412553305484
0.263615180212226
0.271652231579784
0.197039543035342
0.270727155770528
0.49016045702651
0.0931316044495025
0.218070411333665
0.063032919740983
0.265108899650488
0.242902899368134
0.263224990193891
0.162303344670315
0.186637674215624
0.253507274765679
0.0655705788627662
0.1008525887782
0.128274808170687
0.28114034161621
0.364195661269393
0.144222007318983
0.23879158240162
0.21771348610268
0.316446462773232
0.33537073132975
0.220802191866295
0.140069324269256
0.222502507416994
0.20505402885951
0.322541320908473
0.202014255302889
0.33777077140104
0.305889903547928
0.332206704495131
0.253937749324746
0.227224273061736
0.0863420317231766
0.31151827191621
0.0635374025520414
0.272689995920334
0.0989613891853609
0.27814754436514
0.334123814815675
0.317208003228278
0.390580833098361
0.0968464921714676
0.465990526943931
0.207214390080189
0.0604227172420499
0.358593707221116
0.31100755947215
0.161229169096115
0.125653038008493
0.19168295136859
0.128075712604124
0.22691444878989
0.35669167664191
0.256831709976773
0.267962893202264
0.28788773034502
0.319276381459925
0.191100935897688
0.220551763175888
0.189872696734221
0.173842278367789
0.260864236566468
0.187560173077232
0.181883113493816
0.328676788130066
0.150801710667788
0.078207881500646
0.328123396549129
0.260759571682792
0.0679754358600709
0.435837518371643
0.295883232036847
0.0520099094430183
0.032385142293511
0.360642564607789
0.372240013623458
0.202123768984083
0.25375218163808
0.309818159350371
0.155943745524552
0.125528844354277
0.244470389627235
0.255787294942904
0.407636882616858
0.0941323260300775
0.0414897893669536
0.165573604583239
0.0390510355629983
0.119845168290379
0.235496665500779
0.123930169998703
0.247829604551638
0.318441031342319
0.137123498669272
0.0549184222558105
0.231717991261401
0.225845961271825
0.0355005964884543
0.183287514980155
0.392512970548559
0.433776949914637
0.0737334284640614
0.508187184500094
0.38854977625544
0.226147417824355
0.176025505444964
0.211106433241054
0.352273410903487
0.221167575793318
0.199013640398554
0.168204243502996
0.161922782833158
0.356500496279442
0.0753355473317745
0.0683547553698979
0.295758145196837
0.46595628161358
0.347240943410625
0.0831749330858054
0.381619092494659
0.26492621569766
0.128585859402444
0.0664788701570291
0.091647072548269
0.308990183055885
0.141537919620052
0.219274054971794
0.340884850444536
0.225421785581843
0.183166047588429
0.0714180128376534
0.0857842762921118
0.264391408143013
0.050628022382654
0.140958339388995
0.324573764242236
0.239131472427036
0.372749891009705
0.263918892532335
0.141473106760389
0.304858576692683
0.18470719411341
0.241110731557655
0.232718019476993
0.185660987241881
0.226979449570528
0.10080047541244
0.238098840419271
0.168885486762743
0.135425454692843
0.0926522919420034
0.255487868528824
0.0678510877564116
0.125988116103387
0.162340142720113
0.226589972527039
0.101912848675399
0.202877358881077
0.127440702505257
0.222997519171296
0.218649812987805
0.198560469680138
0.215411831071974
0.120643116766308
0.128455577848679
0.24546388648374
0.109516368512291
0.297744715752019
0.1987238846684
0.176685895522988
0.359077008600298
0.290750700330969
0.0881392912738379
0.355928305132357
0.139034676255262
0.197065833331786
0.123811551564474
0.131078300565615
0.0667293558855211
0.104112422118397
0.340923400236441
0.230405750093961
0.0903225662237042
0.00685887860669845
0.0818743311895831
0.352313550362663
0.237422092932021
0.121748856884609
0.247500319234875
0.290515395392003
0.186970497629724
0.0427335185809916
0.264411838386313
0.254690248765
0.270701407747341
0.279960544111801
0.208830888880768
0.269310741941196
0.122904679421925
0.176987283426078
0.267316025580456
0.146656013722122
0.256848001083019
0.289698803870584
0.1953640509442
0.11640020197807
0.150641350475598
0.169443372219495
0.289580723855475
0.0692371792672297
0.256620045365282
0.313969340898805
0.140368503664236
0.0760616044758062
0.0576812097076207
0.426900679262658
0.127638892669773
0.200017479284412
0.23326658952133
0.273695999029077
0.172659476813434
0.298649348290075
0.202262254652257
0.167398260152029
0.319952168659515
0.240352066773062
0.0997259475934308
0.166752298377707
0.291874944040326
0.3091398513114
0.0625636605250736
0.189449485419436
0.214179805313836
0.0800619629780182
0.279881154905293
0.185677946392223
0.299657932440186
0.227183238990287
0.0842730795217714
0.0498808595372844
0.282903382937751
0.251803710522162
0.238291324943432
0.38563391986047
0.124084362866267
0.394314982358867
0.191240059583716
0.230082330501338
0.0512978171365308
0.351909944302706
0.206368250026964
0.451031588889557
0.135824999989277
0.174830800229848
0.239019573325305
0.188300322843544
0.295594369822502
0.162992621966912
0.24312682276379
0.0977350287264563
0.400666835196497
0.291512594748613
0.208698312267984
0.346319360030295
0.355155828333621
0.306803392831704
0.275250406790431
0.403391862906052
0.134032151263932
0.183803954182968
0.0961498086322863
0.266290959230903
0.193975025830316
0.180742031397881
0.283806712817991
0.414209818983837
0.181758984153962
0.10605679137833
0.201018391004902
0.175577373323975
0.271663805603656
0.111338779823333
0.0872066201938052
0.217929243807945
0.182025809155599
0.255667785316797
0.319394920601692
0.386195762600471
0.0541714967597187
0.417916391615463
0.149164541191319
0.145462197314552
0.132226021734348
0.131314278655075
0.137015893139948
0.211402615011283
0.268958974185783
0.240605269031297
0.257256125877607
0.146128856172231
0.31830316729635
0.429435278010334
0.101906632165796
0.386834611216527
0.176516409150879
0.113603979240518
0.0995072247050059
0.205367254389285
0.245532919024511
0.202082743973706
0.172870341864247
0.064986638538941
0.00166375528152978
0.335262952675623
0.144723655684877
0.225964316978821
0.203946432686323
0.0648355589423684
0.143648429439782
0.311106024381847
0.191057632727369
0.204327090511975
0.273625160937915
0.0894658469562014
0.0801788879048175
0.183829096501076
0.126500522822667
0.340183837740612
0.111918861768386
0.454886703729019
0.103759271311665
0.288608856411306
0.281386795575288
0.287830664356874
0.20262271246651
0.238774583287651
0.0308797912403127
0.223684830690184
0.229290973624482
0.21060064087241
0.354090753952647
0.198402947304008
0.275657295737062
0.313083452230146
0.283351872601197
0.289355075845841
0.269092445959591
0.285160962277761
0.425274781487143
0.136287243391396
0.207293530498241
0.179624985943455
0.0835394323748761
0.250601644162661
0.340005067568896
0.119578262065156
0.0538995098884556
0.181582645500769
0.31179423712669
0.570968343059565
0.117828175312016
0.131988484111194
0.125897231771536
0.130578501369726
0.311757647352072
0.364440570522693
0.0987563524592305
0.0630808707991786
0.153535370921337
0.298981555006426
0.248331549669205
0.228471069757642
0.107757545416395
0.297853964249619
0.355076728229245
0.0779773315444411
0.201199524463909
0.338171917280436
0.222861747199111
0.242786108201567
0.289969826045636
0.168953978053982
0.361560071855165
0.277114218705633
0.237127571988273
0.421706919064489
0.191850626540854
0.332138946717838
0.334388101798065
0.162289482971157
0.0967603021704699
0.192832937841374
0.171473461841933
0.382441974923987
0.195666811976542
0.166568109978378
0.320081853995036
0.145919638708335
0.306623722908905
0.304459976441103
0.285006011342322
0.0533152493912779
0.161543427545833
0.0852381699639456
0.28536709285744
0.0501337967793556
0.344088285058776
0.327026585679139
0.312938895768451
0.296372429708735
0.186055319744002
0.270954712313773
0.069820045027725
0.203725445236435
0.138962012895632
0.381868030201001
0.220839248704321
0.230312555164037
0.224146296003683
0.23776101159939
0.0965267905278362
0.116679655089265
0.36172906658545
0.109639439463271
0.176884294298122
0.207878754936163
0.381227421358026
0.287330773477109
0.256715099048537
0.169486701446934
0.116677477113624
0.117261095369651
0.494857738283864
0.393696480887178
0.333684772193245
0.159732246067434
0.0929221755759547
0.0825622015996136
0.414570232071548
0.237408184285842
0.146655954039531
0.0909613996877565
0.12707889826452
0.308380097563089
0.279809203173564
0.389152680165223
0.123504646151059
0.132322690531767
0.106989772719481
0.254574086681883
0.216001653962353
0.286897759089848
0.232819101573256
0.32769241906808
0.404635759820619
0.220998211431703
0.218896778084874
0.156975630064895
0.213413916564583
0.317240766970085
0.248591932471482
0.264515177086614
0.396029474907759
0.181149519735497
0.12730323688362
0.0658213503725066
0.232888206377553
0.177355742702198
0.308414395487327
0.244764262964954
0.347431799216654
0.346326404932606
0.138256543181194
0.454341582181917
0.153802388783933
0.162161986590689
0.0304439313337419
0.107038758000496
0.186325033101274
0.0714924089460233
0.219324294383543
0.154024455585054
0.229031677213401
0.240604428324556
0.119729387849811
0.281319928394568
0.28882864211352
0.0987655688731406
0.177032158274533
0.307710480590107
0.161994137024378
0.225674939855741
0.0789600886782077
0.27576564871378
0.0998960403680845
0.355410591933865
0.250669525016348
0.239526446883681
0.0673618416866195
0.0983840471452754
0.25090187356753
0.234656277808144
