0.175150049950856
-0.503475972566247
-0.662390823088132
-0.312192552534652
-1.16284168776661
-0.800084840771613
-0.955646306775879
-1.10427866813758
-0.732701273611855
-0.42096254018562
-0.211747124043009
-0.714015245519811
-1.05245542933811
-1.02814481600688
-0.517592795558485
-0.952344428394518
-0.254991338887144
-1.09726615684504
-0.495919186231151
-0.145988907421228
-0.375331099387405
-0.83605584836411
-0.888534550270637
-0.786243103526522
0.33403105891511
-0.949009204066882
-0.714723636382777
-0.989263246218644
-0.547844642040099
-1.12914523663666
-0.719346785730104
-0.125166216024591
-0.722224002003925
-0.269928611488246
-0.889903284639049
-1.19088892606806
-0.20057489873889
-0.283060682291473
-0.584921084278691
-1.10884845366542
-0.627384346811028
-0.0510718958625256
-1.72315828888028
-0.763721826579851
-0.64134591564375
0.245650708893138
-0.0132888710736828
-0.222508988981729
-1.02323500578424
-0.213398655712765
-0.0644805160392016
-0.26666300005674
0.00600325358580126
-0.204022855011189
-0.461741174083569
-0.659444413637869
-0.220718305192731
-0.937274846762397
-0.656475365749522
-1.33035871161355
-1.75831756265351
-1.12939480271572
-0.646206675716133
-0.0700823642787661
-0.70367509617933
-0.169994223735081
-0.526132732246323
-0.110708304326588
-1.02925291390481
-0.71294846297403
-0.902443772586556
-0.147889368976061
-0.576559686754358
-0.658894513413012
-0.0164192463366733
-0.439101311322311
-1.17107487160429
-0.846154155802297
-0.225259581408651
-0.9943487588263
-1.15049933458112
-0.0928193238953351
-1.04715367714245
-0.815865454857062
0.0175639388772469
-0.410452269434304
-1.77461104926706
-0.0479080346621308
-0.528744431408279
-1.52629572559344
-0.656533532740158
-1.04909825386577
-1.35185216246343
-0.695036599413849
-0.162025750136895
-0.245573091579126
-0.885510834974351
-0.746879124470134
-0.59093762978584
-0.337328048321338
-0.12903646805478
-1.37856315175723
-0.872588471846166
-0.439203223185489
-1.04650642856848
-1.1623457258193
-0.883904782987596
-0.49063984126097
-0.553746971084584
0.0544352142536076
-0.1246250568146
0.0122360442569567
-0.787152721905471
-0.636547225342824
-1.36649003611715
-1.12005553744668
-1.02819240685919
-0.534449875320921
0.129578529282154
-0.288037634042972
-0.389067305427756
-1.70054013583889
-1.67672252645935
-1.1060629131849
-0.749652090683594
0.411332035800265
-0.791473166858381
-0.508902564338032
0.122514609011984
-0.860897763587048
-1.95361669384134
-0.66920383009415
-1.51496711313649
0.263114078656278
-0.682923990579375
-0.994857894545603
-0.295994673819296
-0.354368398993927
-0.210015242880695
-0.468467419248694
-1.06579781013895
0.147875291993073
-0.350911728471922
-0.386232269821061
-1.20205880748715
-0.924112577972826
-0.830126957820767
-0.156092564865716
-0.0648893523235984
-0.0938448589830822
-0.597495325351221
-0.474131896937287
-0.864238313754377
0.220475511977883
-0.907894778401969
-1.05116517953329
-0.91101158103395
-0.493707285276222
-0.6265581683964
-0.145737312584618
-0.48237555524931
-1.05930241013033
-0.552627058954677
-0.0512386827750643
-0.256118022379426
-0.450092829787261
-0.878729214470301
-1.06418799189844
-0.328084690560925
-0.88717047633478
-1.06564365277516
-0.204060309991763
-0.832306482506528
-1.00892895161649
-0.898673962091164
-0.793010046398995
-0.225546244216742
-0.0163882493492341
-1.90965379058666
-0.870255220031246
-0.93531161288114
-0.580009880792305
-1.3517254858182
-0.582694509086084
-1.14007037471799
-0.511939054886957
-0.228326012349404
-1.45404124464599
0.0688339633126289
-0.0695065979491598
-0.659055998323475
-0.787159413124744
-0.880511555337054
-1.37695224288734
-0.505253982004494
-0.330598889910034
-1.28086877757723
-0.184646453157591
-0.460356639217069
-0.978666222319325
-0.912028969136806
-0.90569194585953
-0.503416106237099
-0.6975727746548
-0.450149612991151
-1.06602857235788
-1.4797136047633
-0.00644908073514784
-1.13051177850444
0.210100359166418
0.095508982211384
-0.533095703422922
-1.10636186672109
-0.471842744454197
-0.745671745585856
0.0585421980567738
-0.878183948094523
-0.014507858448947
0.26104870608187
-0.73891671278229
-0.312137259175271
-1.05813041357477
-0.385236732676143
-0.899990562623691
-0.947467989547996
0.0372365696387785
-0.885147173572358
-0.633668318061006
-0.346124879500779
-0.175116011626971
0.12922485191019
-0.264710979565158
-1.74378060613707
-1.14142934957485
-0.454824322393711
-0.889815626788569
-0.643053083274968
-0.353459613028077
-0.831605311725968
-0.661724896791122
-0.693836744956638
-0.587239248121602
0.407276173301364
-0.564430932937771
-0.370131826441107
-1.10859614499768
-0.0811942442615637
-0.100124531804017
-0.429907020960067
-0.121340358297209
-0.714241738006594
-0.202959505483264
-1.04572205111182
-0.888050219048427
-0.928446021259978
-1.34957650998658
-0.851959839443293
-0.406942276297895
-0.949500459502264
-0.924091781688235
-0.644471546688559
-0.463854924453938
-0.291200079933223
-0.23280970195688
-0.574827503430278
-0.124796508164125
-0.808377662063019
-0.790086697178298
0.109133693291299
-0.0485560008301897
-0.321149539123122
-0.826908725703207
-0.210118333236996
-1.18185562964223
-0.594814473359921
-0.546096582681634
-1.17606223596732
-0.326127930143154
-0.596363515878949
-0.521189369004392
-0.0254467954858328
-0.52458977844865
-1.0054362350624
-1.21391748873494
0.291292066671925
-1.22508503701772
0.0510334421492652
-0.889233033916066
-0.737845478014045
-0.686273228459495
-0.86429852384501
-0.473457007642353
-0.101153452800377
-0.119351100777894
-0.623434091580089
-0.448731371179213
-0.042198612664504
-0.491381151415743
-0.258959317259179
0.144464779832408
-0.672036874796625
0.015412100356199
-0.334665382623884
-0.807122920170677
-2.30686356806988
-0.718904154248125
-0.553511314921843
-1.33223539568456
-1.52588156105847
-0.966491419378427
-1.37455474316497
-0.600542564685374
-0.110403747169935
-0.217491989329709
-0.0927505244223045
-0.733397637100379
-0.519878762014937
-0.527179327013482
-1.34204399818551
-0.289271686029432
-0.106420805687093
-0.277688408724028
-0.783683676373366
-1.07531044270586
-1.08535106547105
-0.658281153110089
-0.780740707623321
-0.932782625885924
-0.169032377459244
-0.882787902349058
0.177863458099232
-0.462158272482731
-0.18653913619724
-0.489822195921531
0.228396764903798
-0.143572911431011
-0.575880005216291
-0.865152017425005
-1.21200210019384
-0.283024978070177
-0.828232123845891
-0.203222933601913
-0.132457870940892
0.0458625618152616
-0.566980332127017
-1.14510035643538
-0.924616697201592
-0.432529715962583
-0.787410188460621
-0.972734367394223
-1.61995485596126
-0.131993267158154
-0.355426878298801
-1.0206297364864
-0.615337633523393
-0.868042133636954
-0.843616727586384
-0.588593918767235
-0.777333755651649
0.0931048101626466
-0.244783746935507
-0.330650538101716
-0.992528991605909
-0.442465064570864
0.280475582045699
-0.749141677576207
-1.00875495819069
-0.912838221890192
0.0568523883823261
-0.677760339667775
-0.0297442335845631
-0.303886012709845
-0.432979895135095
-0.500035329691948
-0.783806980008066
-0.506782928112605
-1.23265878749415
-1.26918294939796
-0.78956244378586
-0.874432366806442
-0.45575896818223
-0.337319963929728
-1.03697836960159
-0.956397000280121
-1.14258612697487
0.0221969020103568
-0.553246417325863
0.353081487360108
-0.626824415844908
-0.836714953910271
-0.396217545628159
-0.434342007783253
-0.819727886189401
-1.1286388937334
-0.721482732176728
-0.792710688424499
-0.28970206552645
-0.500134011642571
0.479851855874045
-0.820582403099741
-0.190846165255799
-1.11275645272298
-0.166645115670251
-0.811901781519734
-0.609007154984527
-0.0823458083134835
-0.674054158632438
-0.568788008858038
-0.558205420551391
-1.07690766620861
-1.02767054275513
-1.12602518032497
-0.536903718327016
-0.434443623369086
-0.382958639600933
-0.477797412390825
-0.157949247607785
-0.210541155602071
-1.22765132845551
-0.397436903378101
-1.50821822448533
-1.69015885433963
-0.204622750892218
-0.757949974748274
-0.353273449962096
-0.870448784635345
-0.519316470207309
-0.664617175990851
-1.2303830141978
-0.312188892264215
-0.146466894207475
0.252714413300977
-1.10972865737388
-1.21866387282187
-0.996935745839817
-0.261582861354559
-1.76584425684168
-0.793941442677828
-0.928036964432529
0.0876252279745872
0.0624566246412672
-1.0298370586409
-1.10212255734267
-0.0845470756817748
-0.128936242668192
-1.31206637044331
-1.07604168744438
-0.401114995489555
-0.477953302134807
-0.845690055152893
-0.518505165298452
-0.402932916896767
-0.692793271242193
-1.22951976113429
-0.275373228472289
-1.00158908827758
-1.14305635398558
-1.46798535265958
-0.490909670748991
-0.473380692139628
-0.176144746047476
-0.25406963864739
-0.577629910502055
-1.19331876644692
-0.747782725698235
-1.0340171281968
-1.03794573777167
-0.576180963092668
-0.541843243804655
-0.707575792360034
0.361619479992285
-0.664524250492802
-0.763671954229139
-0.295036532665388
-0.491665832500654
-0.230900410856996
-0.787551392116741
-0.72526233294703
-0.365692864334954
-0.877231451139833
-0.388413517204561
-0.752108396819586
-0.729838950112816
-0.833679362404856
0.0482832411045236
-0.23772705656274
-0.869229995964426
-0.0727512671741226
0.350187790862141
-0.802626270491685
-0.247003983004941
-1.08347829976257
-0.512807983553473
-0.426385492792094
-0.246017118713936
-0.400461660060688
-0.580344553348015
-0.149304833642531
-0.183431677865257
-0.395818671592806
-0.639257023845074
-0.728163075756029
-0.14723845489899
-0.83758000381186
-0.129658966420324
-0.684499054653732
-0.730082135733932
-0.584815407923727
-0.219304520041672
-0.92693762975631
-1.8391237958577
-0.650544349299189
-0.629092796203464
-0.587063184772474
-0.458407365999311
-0.506925318264512
-0.487375167883083
-0.345640478831822
-0.678917244590908
-0.973895853495076
-1.05603362100488
-0.184072404689275
-0.970764217309428
-0.637880453646125
-0.115424639483343
-0.674400903083176
-0.148898675575305
-0.657587242551882
-0.710976465756228
-1.1085133176199
-0.814649519417892
-0.314232774967498
-1.34064228587384
-1.0062192261474
-0.55435032236302
0.0396363184034881
-0.3725466727312
-1.38531735888678
-0.161927834560088
-1.02168045733833
-0.649613899717735
-1.81542938746324
-0.161713038534245
-0.832244489805917
-0.333145759593711
-0.356015247064673
-1.42356963357181
-1.31755537470055
-0.82817361073944
-0.736800698075434
-1.12012258205788
-0.327622473605323
-0.93546160565164
-0.923261319592672
-0.699073378332928
-0.225678994529471
-0.685464764106882
-0.393404378384388
-0.651419999990424
-0.982098079012539
-1.04347586032291
-0.531849795794423
0.371078329072175
-0.181692721012392
-0.138838882463738
-0.384110701412642
-0.815218361940169
-0.277634054202314
-0.814856312916435
-0.611821897957373
-0.191554999266523
-0.900210963853245
-0.36335241980006
-0.568353707703552
-0.531787664709732
-0.521674717763094
-0.526426526332945
-0.826735822714434
-1.55133668526902
-0.909604986824712
-0.541462650780761
-0.685966050588334
0.684779744909067
-1.04470733725837
-0.630211678902328
-0.844574155868852
-0.642094937781979
-0.510747088871661
0.0296297287450941
-0.715405519646427
-1.03967377712025
-0.776822559110422
-0.341357131187064
-0.684087986289922
-1.51365842150177
-1.21398539575884
-0.296673177099905
-0.400465069137449
-0.760998761155157
-0.627517947735785
-0.587119814270489
-0.229725892084581
-0.116959360717442
-0.740350650124887
-0.437528924376795
-0.492161039100561
-0.108181653379783
-0.70500170692816
-1.52576403749873
-1.1365821833447
0.286475461011161
-0.94960466826869
-0.969907821523631
0.138477174602606
-0.275073586379985
-0.41538769873956
-0.98591129470666
-0.0860274597148408
-1.0036508607968
-0.962490178035242
-0.744479566810844
-0.924455438260516
-0.230925166089984
-0.588219174125852
-0.097298785840456
0.0876155811075885
-0.216890533402497
-0.5620529884105
-0.493736521113835
-1.34572850057434
-0.612266678563244
-0.593021813388304
-1.12837061267385
-0.288140678075322
-0.0809755138082621
-0.553429037242307
-0.635291926066212
-0.361544337734782
-0.422672131890496
-0.251828761681639
-0.824070001106069
0.072993276450096
-0.663701541073073
-0.411441099079007
-0.611008078768649
-0.760306391769585
-0.931968695129839
-0.116085322224968
-1.17204991882963
-0.537031733579588
-0.028991612692654
-1.3204821076132
-1.52099814398473
-0.483784182008608
-0.51163487274105
-0.204225460884898
-0.781955465309376
-0.634267561153181
-1.56232403731719
-0.953241066792918
-1.24576152601555
-0.835208822956701
-0.18629664062496
-0.52524347233203
-0.385891876102785
0.0120090983283588
-0.470969599067428
-0.388820120305803
0.220775715252265
-0.291494422250385
-0.252783722464265
-0.697854552334943
-0.149281954443581
-0.629023629569986
-0.181851427926234
0.0689341929979048
-0.787481345346398
-0.628738130036407
-0.856815062493777
-0.365986697005069
-1.11314323823837
-2.15422157373066
-1.85177068885841
-0.299729427104635
-0.3724152779013
-0.997555820192085
-0.41490016236862
0.0706301251832591
-0.661235840092022
-1.04713088493897
-0.772298515638621
-0.937658547541927
-0.565292131123908
-0.824544265350921
-0.416474182630477
0.181356300362856
-0.421439922958093
0.30206362563107
-0.284504485195588
0.470036728898891
-0.2789405220665
-0.861174602175749
-1.01282908214706
-0.858139747846797
0.169332363121083
-0.888193151053876
-0.593522063665368
-0.515466338916124
-0.606047923675383
-0.636446434515771
-0.618272195529927
-0.992288469233972
-0.669155473840706
-0.80600297650724
-0.159283687291465
-0.070113274518255
-0.346085072747195
-0.288166237465056
-0.81585114155833
-0.583549032077655
-0.427305440926895
-0.510826324987924
-0.458812744135366
-0.748791408098813
-1.19474481708455
-0.814767171327737
-0.463365989470906
-0.256562990024732
-0.296873972017339
-0.120010675328845
-0.763063003738904
-0.35059822243591
-0.0257001815252167
-0.526104770563399
-0.819287771237795
-1.12257259738399
-0.813968077601458
-0.836236035939859
-0.613357684070763
-1.28421810920592
-0.761593940034769
-0.645597098143988
-0.947227193758682
-1.14720724865295
-0.0931995338124913
-0.292682003633862
-0.665984233013139
0.00696357193219932
-0.0816855038184675
-0.453515428132345
-0.572921258205647
-0.301325126876044
-0.0433244738800573
-0.730709900230239
-0.774471726465048
-0.617572852149183
-0.290484901132721
-0.145429787316513
-0.640721857233757
-0.74161206374296
0.0622333398037059
-0.287217584582873
-0.172470035781094
-0.520246136087583
-0.127258983917782
0.071292875825715
-0.850077276125885
0.564391502680529
-0.268149563627032
-0.113671293578286
-0.0017944370374727
0.365666771025173
0.262334968186954
-0.945024795832218
0.108265375240573
-0.356949415016187
-0.90526630045974
-0.575995323905305
-0.700061006596142
-1.54557496126563
-0.466783916975624
-1.09699270377533
-1.08005973198268
-0.145516361812641
-0.596577842635153
-0.589664742446568
-0.526315526225514
-0.827568837302168
-1.31573453916137
-0.20925903555673
-1.53642812207272
-1.34051881369733
0.0255045524048035
-0.93482802412684
-0.88616561628453
-1.16701106660995
-0.720050549338964
-0.927973340561163
-1.05321669401152
-0.471630763905848
0.0842444891715431
-1.25264254029366
-1.3065529186443
-0.108771948423963
-1.20039466194724
-0.525437340829989
-0.527269380660202
0.150354608417887
-0.702371603146192
-0.416874072956084
-1.93552937429515
-0.402828650919908
0.0528722678641603
-0.00908744209147155
-1.02265342688274
0.0302533766957158
-1.16869628465178
-0.273782392670688
-1.26018665409631
-0.244452514521935
-0.641772978690896
-0.602530620972577
-0.933055115544707
-0.859713715104793
-0.208925505373004
-0.255654112628817
-1.66536706566787
-0.0854665139991116
-0.381424459125462
-0.231358924583783
-0.706014229236901
-0.578745067642346
-0.890754079352549
-0.540030853407879
-0.3787671562452
-0.63290245609931
-0.363550098565916
-0.0976024214195459
-0.538575748441355
-0.081706965457127
-0.439804716947048
-0.8427804277901
-0.937224704549462
-0.685767196236469
0.231117577400654
-0.553502975224046
0.0104651282101213
-0.490208162808981
-0.731283053503646
0.327941642955789
-0.546243679286694
-1.07590960236821
-0.380838133782253
-0.934018446873372
-1.21979439682628
-1.41485611261621
0.236707106920638
-0.263617187491143
-0.0412337375814185
-1.7862071720988
-0.667998168271631
-0.53449545901879
-0.788395547921916
-0.0773229876503845
-0.222917383545311
-1.10921341575414
-0.88975432911177
0.458813677615558
-0.288565941784404
-0.433976579651545
-0.686894244841503
-0.344292083289452
-0.330949026814131
-1.00369561668732
-0.350402950803249
-0.0505135134194439
0.0821195443426821
-0.307356868115215
-1.01431555700554
-0.47715935926552
-0.172688086349319
-0.270233674587525
0.0755642150752545
-0.174945329009314
-0.273499642253811
-1.03296215195786
-0.610392330981097
-1.22867582295103
-0.191393246983211
-0.887772611695608
-0.935836701665655
-0.280029296549759
-0.816142607392372
-0.375802021195227
-1.42154678196078
-0.806410973617454
-1.17295848231502
-0.412374119191368
-0.537749949205329
-0.840304733925345
-1.6117612399941
-0.266516525836751
-0.0350147550728876
-0.593929372180072
-0.308985675851507
-1.01495024947257
-0.167189999369713
-0.0650892070659572
0.00871182671685022
0.28322362118786
-1.15686542124521
-0.400608755078225
-0.858260217593806
-0.503157154775239
-0.0326508971928046
-0.550953717303059
-1.01422075131238
-1.1655903358421
-0.607406484345198
-0.0685384842870002
-0.591871587261527
-0.915074138608841
-0.0629118490425062
0.611610340593886
0.0141400289267014
-1.29198593876586
-0.327854119765034
-0.0563639551045563
-1.47013564972538
-1.66691116859617
-0.717521078990736
-0.785395136801368
-1.03918829025883
-1.55519996974389
-0.608382537685327
-0.829726846375431
-0.353046579592912
-0.802801596186897
-0.252877850470954
-0.4019161068646
-0.615024671192939
-0.24832835037742
-1.13203038247916
-0.761899374775537
-0.134630564554863
-1.86718725360509
0.134768729168978
-0.385022468541134
-0.067774628811751
0.118077756824249
-0.96461600640482
-0.513033135811374
-0.426819438752436
0.114806428376002
-0.552051182195288
0.412365422033649
-0.813564322691641
-0.823175360163715
-0.803215746827853
-0.867793698729899
-0.528976471728639
-1.2981584315527
-0.794264649768331
-0.222919229918032
-0.824634901746683
0.058444419040809
-0.297414968220236
-0.346950306954736
-0.637174120266991
-0.563103699811427
-0.627382872154485
-0.486120789502656
-0.756618973471274
-0.754331268353308
-1.22647172586403
-0.882080872300221
-0.387658323326676
-0.883673548014897
-0.758558717859409
0.140865802277376
-0.0294002486793878
-0.290110786937053
-0.53130823324769
-0.408104041000701
-0.969888395994959
-1.22247826948512
-1.69589374987571
-0.728771999511126
0.110287072689222
-0.44134660625948
0.251985646704295
-0.35361822116953
-1.39668331133633
-0.63291697787365
-1.09526096153888
-1.02486029932184
-0.737320181964
-0.720756223553748
-0.664843586103358
0.873920100536334
