6.09798256393914e-05
3.67548286391826e-05
5.46208899812354e-05
4.86683481115024e-05
3.37627174158254e-05
6.31159141786201e-05
6.42602175654337e-05
6.9222102842027e-05
7.43521350136684e-05
4.62418443479129e-05
6.63178620827606e-05
5.26368060148362e-05
4.73069320027871e-05
6.0646561111637e-05
7.00892581770587e-05
4.54029550837953e-05
7.9246794522324e-05
3.46781516520627e-05
5.12526089105171e-05
6.46198356935386e-05
6.90560736130673e-05
5.29670961258811e-05
3.72944225702583e-05
7.14339278194e-05
4.08794288800692e-05
4.79125973183716e-05
7.5860712403603e-05
5.52348677226139e-05
6.28038332757681e-05
5.37129020760152e-05
4.2989085567912e-05
6.48647127599307e-05
5.10766053039061e-05
3.59808780099037e-05
4.27332722278502e-05
6.81098084644771e-05
5.06332795893311e-05
5.5962266425167e-05
5.5194697619759e-05
9.15189647115909e-05
4.44402306021458e-05
4.50856942968157e-05
5.90544254689215e-05
4.99866574911675e-05
3.06445040879916e-05
4.35436187000048e-05
6.61520018115612e-05
5.5797788851932e-05
5.15095628489485e-05
4.62124671644015e-05
8.28479378992563e-05
4.5745959075618e-05
6.5081639109092e-05
4.7485027503575e-05
4.30275103397507e-05
4.28411166664946e-05
5.26218468437184e-05
3.92597564804199e-05
4.80939205044925e-05
5.01137386126495e-05
5.52218574115811e-05
5.24058739368068e-05
3.6244943726701e-05
5.26624954074273e-05
7.97105986733382e-05
5.84787742398386e-05
3.84085241250336e-05
4.57532647155695e-05
2.95837978079645e-05
6.85387932100102e-05
7.67616071142687e-05
5.71425772954585e-05
5.53809481635132e-05
6.24772951590578e-05
5.63649405537056e-05
6.45222621197014e-05
3.44784536301144e-05
5.86645840619868e-05
5.0255971415918e-05
5.09146011924261e-05
2.69468097240967e-05
7.16526188469e-05
4.70014149430267e-05
3.4772180986452e-05
5.17970756569438e-05
2.24874832449188e-05
5.01806675631315e-05
7.10255380659835e-05
5.72801787108391e-05
5.59073621479937e-05
5.91605862885404e-05
6.11720084068488e-05
3.50518073184432e-05
5.8958356065807e-05
4.65099842717101e-05
4.50538921287714e-05
7.49609584148293e-05
5.82872095962984e-05
5.49590218875665e-05
4.96204949608284e-05
3.34414641899356e-05
5.09377677342015e-05
4.90433508434812e-05
5.68143830571404e-05
4.88951342487711e-05
6.07810702273672e-05
4.35283113661762e-05
3.98027074022286e-05
5.88938198914188e-05
6.985794204735e-05
3.17988143571579e-05
6.89072517434577e-05
4.12209528487768e-05
4.97820983048614e-05
4.75102855248382e-05
5.60539087744406e-05
6.20927962046626e-05
5.99992440047926e-05
7.85369215915058e-05
6.19602401354279e-05
6.71356027296742e-05
4.68864252974003e-05
6.41554088483832e-05
5.35741233436996e-05
6.10382281185117e-05
3.70233869299027e-05
5.37771656615235e-05
5.39962241991577e-05
4.95783030286473e-05
4.7515355212138e-05
5.67048688453257e-05
4.18068854643113e-05
5.04101317023997e-05
7.03969975675663e-05
3.80285394235192e-05
4.73199418295791e-05
4.48442217142579e-05
5.72358894131753e-05
5.40137765332922e-05
5.37496694632819e-05
5.98857499630393e-05
5.14887021295944e-05
6.35727673818637e-05
3.71507422449733e-05
5.01690032211283e-05
6.22120976787879e-05
4.32609337453036e-05
5.4729496118475e-05
6.64187859357645e-05
6.43240655023006e-05
5.04834755386689e-05
5.31412001185893e-05
6.48634066548656e-05
5.19846677818339e-05
5.75058531965227e-05
6.50717255382544e-05
6.8233836563579e-05
4.66036145552114e-05
6.78577834358235e-05
5.63947949492901e-05
5.93817257543085e-05
3.3883067532304e-05
5.31798968263968e-05
7.01165646430118e-05
7.26343358989828e-05
8.29266524320977e-05
7.45413824271174e-05
5.37610577270339e-05
4.73912639091091e-05
3.64011902501195e-05
8.01260452317801e-05
5.04520173735247e-05
3.85548711980685e-05
4.43933311459929e-05
3.69726783720166e-05
6.82188142019251e-05
7.81390612014457e-05
5.09728122343691e-05
5.86629820724407e-05
7.368456518377e-05
4.64846128933235e-05
5.14482629010505e-05
3.69637636723206e-05
4.27933295339677e-05
5.39779404477381e-05
4.69906058228039e-05
7.31217084610852e-05
6.51767005791889e-05
6.48487808900979e-05
6.05244394457873e-05
4.21436173085511e-05
4.80344573824164e-05
5.173338334774e-05
3.72484964562383e-05
7.78722116788548e-05
4.40617986533474e-05
5.68664924008341e-05
4.91251016207428e-05
5.18192591420926e-05
6.31490856488767e-05
5.88295167346234e-05
5.22466944703934e-05
7.81854218935052e-05
5.52561230460776e-05
6.58067490017212e-05
4.77269317452543e-05
3.83642209075215e-05
4.13862627683562e-05
4.27580745164403e-05
6.60662607123807e-05
6.63314998670127e-05
4.53952468013961e-05
3.85619306138744e-05
5.305613524503e-05
3.75195945960463e-05
7.35937343622834e-05
6.17657282200062e-05
5.25567294190334e-05
7.04655793879484e-05
5.53994327045861e-05
7.66371527094652e-05
3.01689109833849e-05
4.11682625514846e-05
4.54387039586771e-05
5.03597569665255e-05
7.31159654842002e-05
5.05596922498315e-05
5.03274984020682e-05
4.48665155503199e-05
4.93102290652039e-05
6.76527800675614e-05
4.1163410957241e-05
4.87970932103928e-05
6.65565633544541e-05
5.50681302839691e-05
6.58188285716025e-05
6.34739725166465e-05
7.48409177965124e-05
5.54032249727563e-05
3.42124148446695e-05
5.89978724699943e-05
6.48673954140865e-05
5.42218847188442e-05
4.59919618330217e-05
4.93518987649765e-05
4.67925234731019e-05
5.1694669091138e-05
5.80938301383989e-05
4.15623779221511e-05
7.52468551037091e-05
3.99204162878878e-05
3.44425736465558e-05
5.97102424339557e-05
5.07153541262858e-05
5.60571726558392e-05
7.78929366045898e-05
4.00775566822484e-05
5.11420643319572e-05
5.08269971959123e-05
4.11290769429057e-05
5.01802813056339e-05
4.93739191436186e-05
3.60946343176157e-05
4.58766732911247e-05
4.49569159282722e-05
5.48989486077223e-05
6.09159194971986e-05
6.82262615354333e-05
7.29281582457402e-05
5.85544493284331e-05
7.35718611656056e-05
6.21576326443142e-05
3.69485535113007e-05
4.28235260514429e-05
3.52525559209507e-05
6.79134544389995e-05
5.66810109910072e-05
5.37211641757408e-05
5.14526373293407e-05
5.99685123170321e-05
6.5170098442593e-05
4.97156018084642e-05
2.97526325293766e-05
7.42245687593426e-05
4.59901557036178e-05
4.77890027999894e-05
5.09847699731781e-05
4.94035746607051e-05
3.40362879545708e-05
4.84916441111101e-05
5.11641507564206e-05
5.08793216378422e-05
3.98788964020871e-05
5.68920258356127e-05
6.14221375814914e-05
5.75504319454598e-05
5.03433075418055e-05
6.45314623218767e-05
4.59648102568919e-05
6.93900348561212e-05
6.34740373380233e-05
6.32294472519035e-05
3.4798143134768e-05
5.38422169849682e-05
4.7665112991396e-05
5.36370451442821e-05
4.94943610524835e-05
6.11292406917283e-05
4.53991503757185e-05
6.03154713684696e-05
3.80353816212998e-05
5.25630855211739e-05
4.65856532481106e-05
5.56970766936648e-05
6.49880251503975e-05
3.79039144170427e-05
3.14918545287176e-05
5.33919154534378e-05
5.48915915332174e-05
4.10581826610588e-05
6.09813525871821e-05
5.84907508969307e-05
5.78837234556516e-05
6.70912983481287e-05
6.5082983165909e-05
4.97546427501359e-05
7.27164588296074e-05
4.91927107337596e-05
6.29853569761355e-05
3.28398803105958e-05
6.94069413931769e-05
4.8001802466764e-05
8.19664924877032e-05
3.56886315825689e-05
7.13751190666837e-05
4.80757832956536e-05
6.26470422015268e-05
4.96229570751449e-05
5.13501667698556e-05
7.83851137732835e-05
5.77406141733073e-05
5.41462361212069e-05
6.47972831666158e-05
4.94577521907792e-05
4.3037195433601e-05
4.33195749977645e-05
6.34957710763638e-05
4.89492650866355e-05
5.79543745246766e-05
6.2620492652172e-05
4.22446437837826e-05
5.35511707785758e-05
5.72004157883019e-05
3.04801744387993e-05
3.83184530209127e-05
6.93881056555234e-05
4.98384096109406e-05
6.5625330743788e-05
4.30432452219335e-05
7.76689525485512e-05
6.15297044333807e-05
0.000100811810748801
8.91084118752364e-05
6.56040115065081e-05
7.59938598947362e-05
6.17040577889061e-05
4.34907066657183e-05
6.85285042940355e-05
6.18300506316977e-05
4.48587905612024e-05
6.27556766683333e-05
4.12253326920072e-05
3.49279295807028e-05
4.34453318145363e-05
2.92231232356988e-05
5.23989968223376e-05
4.73338377055612e-05
3.54954614108542e-05
7.44503979589609e-05
7.91857889505761e-05
7.52464155792689e-05
6.37809086563984e-05
4.51838578531225e-05
5.12432066102653e-05
5.85418570984451e-05
5.76132514083229e-05
4.38760050397524e-05
6.54632391335441e-05
5.29122796914364e-05
5.80498229816975e-05
5.21243121146814e-05
5.00080236890311e-05
5.17349372025428e-05
2.72283021063164e-05
5.27917687422471e-05
6.49151554672383e-05
6.1132088350813e-05
8.42153563115262e-05
5.7591982993633e-05
4.455033538531e-05
6.04211385561627e-05
4.21908682664202e-05
4.22608233152045e-05
6.07419718229623e-05
5.7213934463523e-05
5.78496143814474e-05
6.13364535842239e-05
6.62556236235352e-05
5.39702170406096e-05
5.16182289263785e-05
6.33599632579553e-05
4.9218760300124e-05
5.65779002419264e-05
5.50170140210548e-05
7.81439941892486e-05
7.00910863022584e-05
5.24949636652938e-05
3.84683494541369e-05
6.31513001434837e-05
8.25578121666576e-05
5.95962194678647e-05
3.18867856614373e-05
9.11843744628183e-05
5.29977651351411e-05
3.81036029578666e-05
3.62648150825214e-05
4.6534186629218e-05
6.31393278022092e-05
4.46931042089755e-05
8.44899052657275e-05
5.33387800658695e-05
5.62940792922713e-05
6.08808212026538e-05
4.52870620160764e-05
4.74101039738262e-05
5.57911566127565e-05
4.79189367994729e-05
4.16635986212568e-05
7.35944429774632e-05
8.59823044630774e-05
6.71694539351078e-05
6.25272512357388e-05
5.7707510701731e-05
4.8111018254753e-05
6.95836315555563e-05
4.13051823675679e-05
5.0929210317032e-05
8.17832878278722e-05
6.15725820717001e-05
4.3583316036716e-05
7.2383446491425e-05
4.76369906461679e-05
6.09074322941568e-05
6.27671418552866e-05
6.1950445728068e-05
4.52620231984219e-05
5.41217072399469e-05
5.10703853771532e-05
4.44503313086815e-05
4.72519763037332e-05
3.56700923280287e-05
5.96203411812781e-05
5.1875708394928e-05
5.60546065001195e-05
6.35159937765387e-05
4.57017745848609e-05
5.7087225577501e-05
3.63478142147214e-05
7.13730195035005e-05
5.82961336621226e-05
4.13832075643473e-05
4.16859166247174e-05
3.63790470817754e-05
2.78199988386697e-05
6.99753646480598e-05
7.69752320652116e-05
5.82795487469689e-05
4.26132606899689e-05
6.99323584669293e-05
3.76102645638846e-05
4.37499981296869e-05
5.36161803580711e-05
4.19835546896857e-05
3.75019492723055e-05
4.04478218754683e-05
6.45940572474651e-05
4.60466596068315e-05
5.4368969174568e-05
4.38214594625358e-05
4.06488285966169e-05
4.60951314042144e-05
5.53015410572515e-05
5.63978173741186e-05
5.15753941644132e-05
6.58190310169922e-05
6.07437876574541e-05
5.25029303309372e-05
5.24250488365525e-05
6.2344501548863e-05
3.62555199066782e-05
6.66592157596258e-05
3.88314286344465e-05
5.97644424765894e-05
6.59342979553879e-05
5.60185967906807e-05
4.80953961840697e-05
4.38700232686928e-05
7.08984126295889e-05
4.01602473384102e-05
4.89828738048783e-05
6.29644570920914e-05
5.90730322841885e-05
3.86016603627971e-05
3.7739134070396e-05
6.7444967627838e-05
4.43033141632518e-05
5.66761056715444e-05
5.51182329239565e-05
3.87536020324178e-05
4.94070166221449e-05
6.57658525020325e-05
5.00152535069688e-05
5.14906965068164e-05
6.25499985234622e-05
7.4790974575577e-05
5.88922234306065e-05
6.56822238587777e-05
4.40049774162312e-05
3.87411430932774e-05
4.22938016142339e-05
7.02871956298157e-05
5.22053243688846e-05
4.86571751431177e-05
4.58128141941309e-05
4.87556121752371e-05
4.86019038256471e-05
4.80880577863555e-05
3.96755600546467e-05
4.7222684740396e-05
5.09904014608069e-05
2.87384669719661e-05
4.79690236805494e-05
6.24859251575201e-05
3.82635277130575e-05
4.00556861949634e-05
7.25159736989365e-05
5.18723815787263e-05
6.93489905712784e-05
7.4857591326988e-05
5.274566349083e-05
3.52419404302006e-05
6.21204703732163e-05
5.94707922876135e-05
4.65850133366298e-05
3.743042873885e-05
5.69300403532746e-05
6.33739586257729e-05
5.56938150699746e-05
4.40104724568184e-05
4.581531009177e-05
4.76938878002629e-05
6.09681599253162e-05
5.92932145810774e-05
6.49292572976324e-05
6.77387744400438e-05
5.27119565110672e-05
6.20278039623091e-05
6.14738084711055e-05
2.90195901163529e-05
4.4329211776012e-05
6.35316859882735e-05
6.73979800445194e-05
5.02125326747677e-05
4.08858010174402e-05
3.77406390612443e-05
6.93442875655338e-05
4.27993737507238e-05
5.31312066513711e-05
5.46130358697081e-05
4.95086835064237e-05
4.37647781507897e-05
3.41234419543079e-05
8.51127121392669e-05
5.9649080658842e-05
6.9391398152349e-05
6.51400084097882e-05
6.44274493749631e-05
5.49699236128951e-05
5.592839750436e-05
4.37069813639167e-05
4.00775607166699e-05
6.26217033960918e-05
5.81108361731273e-05
3.58993938622298e-05
3.47792062582666e-05
5.85612235368617e-05
5.26337449260996e-05
4.0363169797856e-05
4.42622743712996e-05
7.35578180344904e-05
2.70685576672671e-05
3.6684547067943e-05
5.33759171358198e-05
4.13708965659775e-05
4.43939263348291e-05
3.80988642865233e-05
5.42755516920967e-05
5.30167758134322e-05
4.56419579815503e-05
4.80247132013065e-05
3.53536842006392e-05
6.18281632893168e-05
5.86146008961967e-05
4.50283786556541e-05
3.38368262702565e-05
4.68707197349968e-05
6.58208126181331e-05
4.59508441302255e-05
4.79219093772298e-05
6.40698038213158e-05
5.19428389877793e-05
6.27898649080049e-05
5.0805388888713e-05
6.1575478863353e-05
7.17913278447675e-05
7.84243290435252e-05
5.12362875129199e-05
5.6581000240743e-05
7.12776866077969e-05
5.99395630742141e-05
5.6893717613452e-05
9.14472837557652e-05
4.28259913915215e-05
5.46840556667935e-05
6.38482139003682e-05
4.43027082000851e-05
4.61861419427565e-05
6.17416354896395e-05
4.98457214353177e-05
5.77755431337421e-05
5.23525398449015e-05
5.54250265514646e-05
4.94996673126076e-05
4.98248422880939e-05
8.39142165155053e-05
4.78070107527049e-05
5.37534233336718e-05
6.20872120215415e-05
4.76291251133229e-05
6.36209018543751e-05
7.54743372065928e-05
4.89319371832209e-05
4.1013892597779e-05
5.42133797531907e-05
5.87132222805654e-05
5.36084008806889e-05
7.12917046809873e-05
5.23836552252007e-05
3.95526695336144e-05
5.56672242405655e-05
5.38924948753005e-05
6.1845920080026e-05
5.85972916977015e-05
6.87098292403502e-05
6.6011763184688e-05
4.4220872435662e-05
5.49347996171214e-05
5.33496805686487e-05
4.87987730432969e-05
4.64714789826984e-05
4.41692069111057e-05
3.55294660169687e-05
6.21313883719111e-05
6.48959537557625e-05
7.05631409042377e-05
5.20274853182222e-05
7.88855106013634e-05
7.67840804763537e-05
4.75878970318321e-05
5.91149923904221e-05
4.833195261181e-05
5.54441074395671e-05
5.67609028529544e-05
4.00083412432304e-05
5.62907466537394e-05
5.65308438771791e-05
6.01129662041314e-05
5.04544992028558e-05
6.20328763505822e-05
4.58908009260231e-05
4.50375235650548e-05
4.08468464868767e-05
4.99309760284246e-05
4.95225692569807e-05
5.07804712462316e-05
6.28514669204272e-05
5.66632374022393e-05
6.59668096827115e-05
5.55035039002804e-05
6.69792445501946e-05
4.64763507689152e-05
4.32675552318445e-05
4.37284087585182e-05
6.30328247236147e-05
7.32782092768797e-05
7.58999119838301e-05
5.01274778902258e-05
6.99621543178374e-05
3.94551913308534e-05
6.3400392209051e-05
5.10987491083185e-05
6.28142487842083e-05
5.4387814686891e-05
3.54163989747218e-05
8.46532431653749e-05
6.97760013303141e-05
6.73919606067855e-05
4.15782131256842e-05
5.22420559326645e-05
5.2811794637752e-05
5.44642226979358e-05
4.8025099124383e-05
3.75412585015641e-05
3.5746710910701e-05
5.7989592219737e-05
5.39815181353891e-05
3.9708617455783e-05
4.70062112515283e-05
7.42949234695845e-05
6.78857012073448e-05
4.63290816947094e-05
6.44317009226239e-05
5.20112792761323e-05
5.54067983767096e-05
3.95369431285889e-05
4.82966071600033e-05
4.85750027949788e-05
6.28472622390331e-05
6.40037962121962e-05
5.14903360958698e-05
5.01012698643405e-05
4.32457275515006e-05
4.727081494173e-05
4.2636070330716e-05
6.1907689200204e-05
5.68067556321542e-05
5.84201490437782e-05
4.6774052359172e-05
5.46866611625344e-05
3.35174323506362e-05
4.44914146817326e-05
5.3235281940904e-05
6.55559240783045e-05
6.2449670488323e-05
4.20530646572959e-05
6.29102804801421e-05
6.08696933845538e-05
6.40188702816068e-05
2.99357501907954e-05
5.37556357817924e-05
5.58126895330128e-05
5.22085938665925e-05
4.36530890091047e-05
4.90856709340203e-05
4.46542072106189e-05
5.41885932259348e-05
7.18959866720728e-05
5.96315271264326e-05
8.74289829661657e-05
5.06060958565849e-05
5.31192046537959e-05
5.52479446040468e-05
5.3923307085469e-05
3.88582722011381e-05
5.69644426841644e-05
6.17382964853633e-05
5.13000506741273e-05
6.69059619190388e-05
5.3595218764512e-05
3.39638324277224e-05
5.53616955583993e-05
3.95160789192592e-05
5.24693177089574e-05
7.74642412176543e-05
4.48532617516155e-05
3.51424135264056e-05
6.60760860263118e-05
3.41036325084243e-05
4.653146890084e-05
6.61955937351241e-05
4.05189039383616e-05
5.86984258207015e-05
7.43593462259074e-05
5.42761120193283e-05
4.94207044630633e-05
3.89831999069596e-05
4.72807361970946e-05
5.76095127628509e-05
3.77502554804262e-05
5.18583061058629e-05
6.73879442197017e-05
3.18144769997014e-05
5.11642918167495e-05
6.28476022983854e-05
4.94638328680478e-05
5.32972049495103e-05
4.50290935144747e-05
7.2882047152526e-05
4.95204615991135e-05
8.86163373482781e-05
4.36359349702079e-05
7.2999861544559e-05
5.58606553621671e-05
6.64514923007054e-05
4.57496058677139e-05
6.43705685326594e-05
6.50427162228741e-05
5.07284771514605e-05
4.03931335952456e-05
5.38756117470493e-05
4.58666093020051e-05
5.54935298263284e-05
7.38432276848887e-05
4.47845307179264e-05
6.75367003013313e-05
3.97300185339309e-05
4.33700967569394e-05
3.89969441414824e-05
6.29761483046169e-05
4.64574413781276e-05
3.62053335214747e-05
4.12725607992434e-05
5.55118331909294e-05
5.11899238166656e-05
6.48009708789695e-05
4.62434724966603e-05
6.38967750687754e-05
6.17996525171956e-05
4.55317906049927e-05
5.86720723489195e-05
4.36423333275094e-05
6.09926041898841e-05
3.47463497824083e-05
4.71265968659649e-05
5.35634816852765e-05
5.10845028372937e-05
4.17825835550354e-05
5.81737191787814e-05
5.31103724934043e-05
7.61357651083017e-05
5.55824303762776e-05
4.36691885233722e-05
4.98642171524465e-05
5.60901186056453e-05
6.40292994130379e-05
4.62792791361003e-05
4.6766099673577e-05
3.66191475508584e-05
8.22425065225231e-05
5.10322016327904e-05
4.53944928695428e-05
6.5563166628326e-05
4.35904565546695e-05
4.66212370091515e-05
6.63066276716164e-05
6.102855296721e-05
6.08171783658378e-05
5.95343559343188e-05
4.49463209194974e-05
5.36038036290593e-05
7.88566294324879e-05
5.93597949184568e-05
3.39142217865244e-05
5.7103603217319e-05
5.43801958695484e-05
5.25915624525741e-05
4.29055893153211e-05
5.34287384340594e-05
4.65473068169786e-05
4.80727060227452e-05
5.4404574210465e-05
4.04042233955002e-05
5.880803821489e-05
3.92807337493351e-05
5.88142769299192e-05
3.42249869076671e-05
4.76199453781485e-05
6.08020174785221e-05
6.00538391184814e-05
3.49147165592607e-05
5.63928900689333e-05
5.82749465743376e-05
6.10528899291125e-05
6.20269582990501e-05
4.35411230298899e-05
6.95390390097383e-05
4.49338657692503e-05
5.17985998899796e-05
5.05420321364802e-05
5.94238962784366e-05
4.63585928112903e-05
6.49455984244961e-05
5.13231099961357e-05
7.78717395296832e-05
4.61611202624265e-05
4.6100502374783e-05
5.07026614277832e-05
5.02493079464811e-05
5.63804068201986e-05
5.87181545842443e-05
6.3894214633163e-05
6.63453589649991e-05
4.84939327309498e-05
3.23385508924798e-05
4.91538216688051e-05
5.14244880658533e-05
7.32653822498207e-05
3.72223242685159e-05
5.9104350676513e-05
6.19968922084671e-05
5.7346083245461e-05
6.59466759923507e-05
6.69908712256661e-05
5.00108802098567e-05
4.17940615625803e-05
5.32601884973511e-05
5.05876799748606e-05
8.37482311565377e-05
5.0431415586452e-05
7.53983117544745e-05
2.78394373294516e-05
2.76121426547046e-05
4.11272592645981e-05
3.75608883426782e-05
6.2688644579287e-05
7.12097374644606e-05
3.39497235110126e-05
5.51063568447813e-05
6.29219708546305e-05
6.01129823747048e-05
4.46305084399925e-05
6.22319041167316e-05
3.76290184124476e-05
3.36365698155366e-05
7.18329180077267e-05
4.31375699237667e-05
7.60461659846381e-05
5.37361595599479e-05
5.90627186292896e-05
4.82353896818974e-05
5.13473729839087e-05
6.0599442522199e-05
4.87383412834579e-05
6.02073310503191e-05
5.64172358887802e-05
6.86944227560716e-05
5.41564012747059e-05
5.86595822322481e-05
6.0759520990423e-05
4.43070479142058e-05
3.84584944500641e-05
6.72100069160295e-05
4.56670800439673e-05
6.15449722102927e-05
4.47902174184818e-05
6.62063971033513e-05
3.46386480460108e-05
4.57719672235268e-05
4.12866650046712e-05
4.37766198535199e-05
5.49611557078291e-05
3.65911498113567e-05
4.29823071609698e-05
5.41499540636255e-05
5.72495996075385e-05
5.0571963134503e-05
5.03393296844799e-05
6.36352531631285e-05
5.8034846236805e-05
5.32193082430037e-05
6.1643076801165e-05
5.28642943820445e-05
6.95200477073359e-05
6.41535997464093e-05
3.24685889796551e-05
5.93006272040192e-05
5.58721292387733e-05
3.9172254986157e-05
6.53957408521053e-05
5.72019014251332e-05
5.33887617849815e-05
4.68078056832048e-05
4.26226095502087e-05
3.71189676406216e-05
3.99557084946953e-05
5.075746345296e-05
6.75105355657956e-05
6.08434868772556e-05
4.43618926830204e-05
6.0241782881235e-05
