-8.66764565395665e-05
0.00024925831921398
0.000327897890186582
0.000154558142505681
0.000575640076822757
0.000396047939193545
0.000473100450086657
0.000546664769427736
0.000362703176370817
0.000208388008184056
0.000104831017856427
0.000353451563457278
0.000520998026639615
0.000508963586958352
0.000256271696276217
0.000471472927105213
0.000126233644421695
0.00054316435009004
0.00024547802733763
7.2300584245664e-05
0.000185797045333885
0.000413866743897212
0.000439845828809518
0.000389177332074391
-0.000165344117650497
0.000469810737817172
0.000353794425186424
0.000489717254309257
0.00027121173811104
0.000558950395082894
0.000356098362778436
6.19646751453039e-05
0.00035751463921461
0.000133596669030632
0.000440547786434209
0.000589556416735626
9.92964387395997e-05
0.000140132826751547
0.000289569157230086
0.000548931844524311
0.000310574385144903
2.52660805294981e-05
0.000853006096285959
0.000378071012460067
0.000317487939814636
-0.000121614363027297
6.58187473698233e-06
0.000110133093157703
0.000506532808706039
0.000105639886058795
3.19046772511632e-05
0.000132015509480602
-2.94978027927558e-06
0.000101018129340364
0.000228559079391229
0.000326433752435997
0.000109275839923427
0.000464007418951875
0.000324975124153738
0.000658559213407766
0.000870431655184064
0.000559078151910049
0.000319870754618773
3.47006548013946e-05
0.000348364153701314
8.41494482066187e-05
0.000260461173179246
5.47856581198762e-05
0.000509538676972887
0.000352920445186665
0.00044675428887498
7.32134187176286e-05
0.000285430559952933
0.000326187661138965
8.11479224363672e-06
0.000217384893114494
0.000579736708760444
0.000418875058384861
0.000111502317938076
0.000492236358000945
0.000569497391423916
4.59621591321752e-05
0.000518342052290934
0.000403893015462218
-8.68767533962434e-06
0.000203166188944703
0.00087850511483726
2.3718020819399e-05
0.000261757467052835
0.000755589922546447
0.000324999511732661
0.000519353578666616
0.000669200639985941
0.000344056781914852
8.02208916367757e-05
0.000121544312647329
0.000438358123983958
0.000369748166786629
0.00029252086335172
0.000166995232573655
6.38814117895993e-05
0.00068244778756825
0.00043193378692915
0.000217422097826694
0.000518070396535408
0.000575400910943661
0.00043757873510226
0.000242904958558935
0.000274127074455334
-2.69669513101481e-05
6.16904449712274e-05
-6.01598490392787e-06
0.000389667287130681
0.000315114403091011
0.000676471241769499
0.000554440899081323
0.000508987970228636
0.00026457987409338
-6.41488654424959e-05
0.000142597273896748
0.000192585632091984
0.00084181126683715
0.000830022851137666
0.000547536658647618
0.000371109406119712
-0.000203622233567609
0.000391787226892414
0.000251934144686736
-6.06498615614148e-05
0.000426205389356934
0.000967105911942621
0.000331280580454275
0.000749929117615472
-0.000130207174928863
0.000338081919170158
0.000492488042135979
0.000146543312212661
0.000175452139662776
0.000103967455441707
0.000231907396380011
0.000527612105802004
-7.31942050123248e-05
0.000173719287754016
0.000191171028737315
0.00059507555080798
0.000457495524589609
0.000410924549252004
7.72777325848992e-05
3.21399084611458e-05
4.64740897343877e-05
0.000295768046744607
0.000234709359016348
0.000427849860934212
-0.000109136082220341
0.000449454288489577
0.000520344414474493
0.000450978922223004
0.000244401979694301
0.000310195050001206
7.21309894588986e-05
0.000238768121616798
0.000524387641652576
0.00027358103360797
2.53920354548367e-05
0.000126807770517671
0.000222779895037927
0.000434971788756616
0.000526825786558221
0.000162402867547224
0.000439170680369239
0.000527535324126576
0.000101018429775746
0.000412009698752276
0.000499458223468825
0.000444877737189671
0.000392582738402177
0.000111671820549064
8.10163941741002e-06
0.000945379264243786
0.000430822491712292
0.000462993847364928
0.000287138811585474
0.000669136267135811
0.000288459265814534
0.00056439418269663
0.000253435275313105
0.0001130696199396
0.000719818530856605
-3.40762447756233e-05
3.44232806036254e-05
0.00032625063129031
0.000389677878259053
0.000435890198944504
0.000681625200321531
0.000250120303803894
0.00016365831727269
0.000634050579770633
9.14166972404112e-05
0.000227890249419335
0.00048447316871533
0.000451472664388695
0.000448344931371478
0.000249216809011993
0.000345307936614977
0.000222832917251463
0.000527732207666383
0.000732487680247451
3.21620391784715e-06
0.000559641662637423
-0.000103972561631671
-4.72752511314698e-05
0.000263875316321172
0.000547698756667354
0.000233587289381369
0.000369122361485767
-2.89638149989563e-05
0.000434727150336064
7.18436569938944e-06
-0.00012922521145632
0.000365806156250918
0.000154527203890113
0.000523825403482707
0.000190711499284662
0.00044551768355336
0.000469036333782415
-1.84220191928675e-05
0.000438169149273979
0.000313693936757052
0.00017133912533473
8.66822236602609e-05
-6.39781226382284e-05
0.000131028971891155
0.000863227425317808
0.000565039206538333
0.000225160961409023
0.000440500385338308
0.00031835058947616
0.000174973126200766
0.000411668573342568
0.000327552040488029
0.000343484281369135
0.000290695841180884
-0.00020159116075752
0.000279414997953158
0.000183227369841557
0.000548783805108993
4.01883986644095e-05
4.95734005382205e-05
0.000212839093336422
6.00677064627892e-05
0.000353578329729676
0.000100458516754625
0.000517664992858151
0.000439627760030339
0.000459611593976843
0.000668107735244677
0.00042175747970583
0.000201468022476207
0.000470019451622092
0.000457450891145547
0.000319045687683852
0.000229609646804163
0.000144144143186467
0.000115227393823063
0.000284555561274786
6.178473842088e-05
0.000400146455022466
0.000391120303770925
-5.4022599594152e-05
2.40276803982965e-05
0.000158978727600064
0.000409337410505427
0.000104008338563293
0.000585066826989435
0.000294428808656191
0.000270343379041463
0.000582192264662633
0.000161464859445813
0.000295226836634003
0.000257990502784207
1.25822275644537e-05
0.000259685322574424
0.000497720174402507
0.000600935877259639
-0.000144212689959156
0.000606434579548888
-2.52684152605786e-05
0.000440205006328613
0.000365252071888481
0.000339737583016148
0.0004278873330824
0.000234374246512344
5.00707995807352e-05
5.90863227726071e-05
0.000308620895546387
0.000222143781777694
2.08857731402721e-05
0.000243261642050631
0.00012819004875777
-7.15282367481629e-05
0.000332682897418127
-7.62806875211742e-06
0.000165674287982954
0.000399555690722319
0.00114198136791296
0.000355883156046494
0.00027400373188611
0.000659525073456163
0.000755350526286586
0.000478447909898436
0.000680446002179472
0.000297285147470997
5.46401133384381e-05
0.000107661413557499
4.58997864238915e-05
0.000363047668116143
0.000257362646759109
0.000260962910754454
0.000664377832196099
0.000143182105101881
5.26886208412667e-05
0.000137431306383858
0.000387936489808914
0.000532326905941465
0.00053729244105667
0.000325882605762593
0.000386495020698636
0.000461761403096345
8.36671095980849e-05
0.000437008725683425
-8.80035890979851e-05
0.000228778422856147
9.23370789286423e-05
0.000242473552023691
-0.000113055464049645
7.10560839746156e-05
0.00028508979901113
0.000428271503095102
0.000600011177052551
0.000140103684114235
0.000409956913968157
0.000100587824130798
6.55474537946316e-05
-2.27051366022193e-05
0.00028068659373557
0.000566880948150155
0.000457713402375434
0.000214124668737857
0.000389811425088922
0.000481514456012118
0.00080193847242855
6.53313674759903e-05
0.000175939872267055
0.000505229569576159
0.000304602423060704
0.000429716564879802
0.000417645786825436
0.000291389624829048
0.000384809393563879
-4.60718194107708e-05
0.000121179809494023
0.00016368833267641
0.000491369297069223
0.000219041248478369
-0.000138827638156699
0.000370860495788931
0.00049934564405482
0.000451927863094052
-2.81552312264322e-05
0.000335504113010478
1.47187438325011e-05
0.000150438923759545
0.000214354747254822
0.000247547700816101
0.000388007543912416
0.000250881648008736
0.000610185162239381
0.000628273534939828
0.000390867967815061
0.000432854668441
0.000225599286791675
0.000166972776965704
0.000513320046350529
0.000473442268008212
0.000565632984617749
-1.09682312808916e-05
0.000273869565771038
-0.000174770530404253
0.000310301532676185
0.000414217859190618
0.000196139547211435
0.000214982155025445
0.000405776512025476
0.000558720316656938
0.000357145328298633
0.000392445924521829
0.00014341903429856
0.000247573904336767
-0.000237536849580987
0.000406200323510451
9.4474902928546e-05
0.000550836758696231
8.24861798168761e-05
0.000401930083603561
0.000301468650738505
4.07578312897564e-05
0.000333677353930136
0.00028157943182331
0.000276333902553295
0.000533104947177114
0.000508740995777521
0.00055742073590975
0.000265785766900865
0.000215049985522697
0.000189585463724331
0.000236523002730105
7.81776300549555e-05
0.000104217674836289
0.000607749501431953
0.00019674677337386
0.00074661751466722
0.000836671616969227
0.000101293321147914
0.000375195253853077
0.000174872143440225
0.00043089565241211
0.00025709937615547
0.000329009303647632
0.000609104087506703
0.000154556815128007
7.24909738358871e-05
-0.000125081550512114
0.000549356145485071
0.000603277195826568
0.000493541740771442
0.000129526348132899
0.000874146863618617
0.000393024290868946
0.000459410700770037
-4.33712495715898e-05
-3.092790612789e-05
0.000509812593228476
0.000545572867221331
4.18797480765917e-05
6.38081367236584e-05
0.000649516949773233
0.000532686362268978
0.000198541874599042
0.000236600743124395
0.0004186299794472
0.000256684949317675
0.000199477984392573
0.000342923289219538
0.000608656129572135
0.000136341152642123
0.000495808009138018
0.000565858651563338
0.000726702276742727
0.000243035744575726
0.000234343898211741
8.72054273578585e-05
0.000125756566344721
0.000285927132399247
0.000590730800583163
0.000370184541896929
0.000511880322371693
0.000513810761584886
0.000285223006477401
0.000268224036216384
0.000350265339436437
-0.000179018053772636
0.00032896980123809
0.000378021341844276
0.000146041929836423
0.000243399453079418
0.000114320877671447
0.00038987953233335
0.000359040259212686
0.000181042518470125
0.000434248430210018
0.000192284053831332
0.000372305139953642
0.000361308104943416
0.000412701303447767
-2.39077261592622e-05
0.000117682269751484
0.000430301911943082
3.60140207638617e-05
-0.000173360699980021
0.000397339549043194
0.000122259788099054
0.000536357481255005
0.000253845542821785
0.00021108241196128
0.000121767221245629
0.00019821865107072
0.00028728972051492
7.39162116483903e-05
9.08028825614219e-05
0.000195923785844491
0.000316473302291565
0.000360511200508519
7.29113710345129e-05
0.00041460081283655
6.41833812058388e-05
0.000338843403917959
0.000361430486113107
0.000289494106459246
0.000108568559140758
0.000458874560129555
0.000910418442121507
0.00032204295755672
0.000311424930282758
0.000290603540328178
0.000226938515493353
0.000250976571355363
0.000241257771525679
0.000171095466077903
0.000336083968232967
0.00048211424982315
0.000522776934949955
9.11231123660596e-05
0.000480568348488948
0.000315738794123679
5.71302578037189e-05
0.000333836242568987
7.3704881277985e-05
0.000325539408925294
0.000351962212137071
0.000548743915385933
0.000403286338585979
0.000155553111155649
0.00066367864896863
0.000498102383444785
0.000274447413435608
-1.96179312363886e-05
0.000184418904606662
0.000685754248438615
8.01439400437933e-05
0.00050576753436755
0.000321585344938959
0.00089868368935701
8.00713970072529e-05
0.000411984181470657
0.000164923567881353
0.000176235957546138
0.000704747662672259
0.000652222944919382
0.000409986636880805
0.000364738740563926
0.000554485733234635
0.000162169838775557
0.000463064020710007
0.000457028097719152
0.000346056154694624
0.000111723498433746
0.000339338173718308
0.000194751719799694
0.000322478496823927
0.000486168461864585
0.000516554475675104
0.000263288651964342
-0.000183703787691482
8.99449661876424e-05
6.87520713087902e-05
0.000190147583413656
0.000403548281305227
0.000137474085004577
0.000403390758388569
0.000302871718084344
9.48635879126735e-05
0.000445648758675502
0.000179860682033841
0.000281352659998262
0.000263257981828248
0.0002582407444242
0.000260595016117753
0.000409270045966221
0.000767958274931489
0.000450300610373909
0.000268054916509774
0.000339569407493813
-0.000338960253631494
0.000517186975906207
0.000311982648939217
0.000418113808709247
0.000317852236892687
0.000252849458190247
-1.46349505260159e-05
0.000354144156122174
0.00051465814507673
0.000384582720033141
0.000169020596952368
0.00033865944157692
0.000749311826901099
0.000600978157793289
0.000146870928958135
0.000198241269435892
0.000376685788033061
0.000310655090204753
0.000290624145392085
0.000113714252919503
5.7901001333535e-05
0.000366509509555887
0.000216603341340353
0.000243628984345227
5.35605345719394e-05
0.00034900259870212
0.000755305421044522
0.000562665753109191
-0.000141822046113191
0.000470101636739799
0.000480161282750396
-6.85492489390599e-05
0.000136170360257351
0.000205608181690855
0.000488071692591304
4.2582118225279e-05
0.000496828615079008
0.000476455997650575
0.000368562650166152
0.000457654892223224
0.000114329853270782
0.00029119880860732
4.81752177424924e-05
-4.33832271989189e-05
0.000107380823129837
0.000278247441010845
0.000244439649459937
0.000666183713763394
0.000303084043843938
0.000293568835378227
0.000558600790202354
0.000142627143750919
4.00735428830532e-05
0.00027396085918597
0.000314492960094645
0.000178984115035064
0.000209236073584084
0.000124672485677459
0.000407940772809458
-3.61367211411095e-05
0.000328561816117428
0.000203683332597016
0.000302481640916418
0.000376377639710531
0.000461355871833583
5.74883278585231e-05
0.000580208076631894
0.000265838361621202
1.43661601611674e-05
0.000653678860332853
0.000752941445093998
0.000239467054654881
0.00025329667670436
0.000101101996515857
0.000387110690294312
0.000313982027047887
0.000773388298198978
0.000471901848714107
0.000616676150425128
0.000413482863503164
9.22613893187712e-05
0.000259986306737424
0.00019105187492742
-5.94028155079506e-06
0.000233145340868911
0.000192483193918744
-0.000109307637446219
0.000144298709484642
0.000125164481794465
0.000345450023993709
7.39206804366435e-05
0.000311377524279284
9.00362899062032e-05
-3.41068909956358e-05
0.000389838128678554
0.000311257833478626
0.000424139792337667
0.000181175426496325
0.000551070911140504
0.00106643064994993
0.00091667719851739
0.000148387692985433
0.000184361939241896
0.000493823481928562
0.000205376646112446
-3.49659913293797e-05
0.000327328374294548
0.000518383278970584
0.000382315013839096
0.000464173253056206
0.000279804337350995
0.00040817011731163
0.000206169114565887
-8.97793122247502e-05
0.000208639315104816
-0.000149538935111318
0.000140827647312753
-0.000232668927573198
0.00013811289303555
0.000426293965112119
0.000501387220845878
0.000424835381829099
-8.38151260276358e-05
0.00043967273202594
0.000293814076544008
0.000255183545471725
0.00030002996754764
0.000315047774919208
0.000306076080735792
0.000491240699448883
0.000331285144986553
0.000398983639212727
7.88695560352329e-05
3.47039799186091e-05
0.000171317546674572
0.000142648854429317
0.000403883484457691
0.000288874612592232
0.000211527174378788
0.000252882091961339
0.000227140238922332
0.000370686129543329
0.000591451083406148
0.000403343594558114
0.000229383585245092
0.000127012591674043
0.000146997871154732
5.93998160028289e-05
0.000377755923701633
0.000173562031820447
1.27295201429054e-05
0.000260436180724514
0.000405576407494331
0.000555695585519337
0.00040295248074258
0.000413996394104445
0.000303637831617734
0.000635690019691191
0.000377011280362702
0.000319554023365582
0.000468918191341452
0.000567862274932387
4.61541317634091e-05
0.000144880032115658
0.000329706100634132
-3.45318309899102e-06
4.04146938051883e-05
0.000224500497782524
0.00028362580634992
0.000149157382589594
2.14372438825142e-05
0.000361717079350481
0.000383389802001979
0.00030572050654252
0.000143791501285768
7.20021745709468e-05
0.000317170123727781
0.000367114175581086
-3.0809440937853e-05
0.000142171685691741
8.53494639478549e-05
0.000257538709193317
6.2992750243506e-05
-3.52963882856476e-05
0.00042081801502074
-0.000279377315103601
0.000132758924455653
5.6269035721915e-05
8.97732047356884e-07
-0.000180998613333498
-0.000129858007610919
0.00046781164158131
-5.35748265198369e-05
0.000176730544260287
0.000448154852281038
0.00028513527357682
0.000346558507664593
0.000765128006976624
0.000231095162802962
0.000543070304740858
0.000534657049455544
7.204809933606e-05
0.000295326202610781
0.000291906945674514
0.000260539885305411
0.000409653420387471
0.000651344032024604
0.000103580652283372
0.00076058730090631
0.000663621106633239
-1.26229999524689e-05
0.000462756322337775
0.000438666676931156
0.00057771490977314
0.000356420984439575
0.00045939510414363
0.000521374042676252
0.000233431293568102
-4.16902214990179e-05
0.000620091144023787
0.00064679264931749
5.38698841295381e-05
0.000594251364522092
0.000260108459376112
0.000261018299936225
-7.44437330288211e-05
0.000347713913924998
0.000206389456422079
0.000958199997651135
0.000199398059826312
-2.61633153250668e-05
4.49804735045163e-06
0.000506236319291459
-1.49471822666868e-05
0.000578537914298714
0.000135523775863352
0.0006238367094366
0.000121008000852131
0.000317704404891103
0.000298291460013292
0.00046191999863548
0.000425587932395008
0.000103423663788901
0.000126561649666397
0.0008244324938874
4.22837506614814e-05
0.000188833523586849
0.00011453478295413
0.000349504284317866
0.000286492148426156
0.000440958441820307
0.000267331022085755
0.000187538751769166
0.000313304908074208
0.000179977386472687
4.83076143027249e-05
0.000266608862101115
4.04468703101999e-05
0.000217721645014642
0.000417196428983212
0.000463954038759416
0.000339459318249298
-0.000114404884839125
0.000273984124247916
-5.19632733909712e-06
0.000242678198807329
0.000362026595034575
-0.000162333300295743
0.000270417745623718
0.000532609589927378
0.000188515036621694
0.000462382342304006
0.000603863069182957
0.000700398642327325
-0.000117168148132834
0.000130476966562746
2.04495164384544e-05
0.000884234407374515
0.000330702903946565
0.000264598747326242
0.000390285987292894
3.82619620244601e-05
0.000110358266338797
0.000549124823138144
0.000440460111863563
-0.000227139034796963
0.000142850892818617
0.000214824276076301
0.000340035373540497
0.000170410175916076
0.000163832127965115
0.000496870449731717
0.000173483831796601
2.49987115313116e-05
-4.06279396886236e-05
0.000152146786200971
0.00050211651732787
0.000236225240929498
8.54762064867012e-05
0.000133785890637227
-3.74052489353103e-05
8.6595254821781e-05
0.000135396026653183
0.000511363432405645
0.000302150058898796
0.0006082330706949
9.47667110988231e-05
0.000439503939696641
0.000463281559553812
0.00013859278267824
0.000404036312740312
0.000186045098012909
0.000703703296120488
0.000399185546260659
0.000580638847083382
0.000204125969427289
0.000266187047169238
0.000416000382812822
0.000797868697331818
0.000131955064712006
1.73435730362603e-05
0.00029403009038804
0.000152962720757546
0.000502419852431227
8.27574776301237e-05
3.22081180326917e-05
-4.29007776712525e-06
-0.000140210275782248
0.000572679412085479
0.000198330032981236
0.000424870854929965
0.000249079744144632
1.61867302720914e-05
0.000272733405415252
0.000502043961411679
0.00057702727221497
0.000300704291064635
3.39447217174179e-05
0.000292978336270495
0.000453016417693726
3.11505303562774e-05
-0.000302760138012064
-6.97502504683427e-06
0.000639568507949909
0.00016229000567483
2.79240579879888e-05
0.000727763275139826
0.000825156219269968
0.00035518905654194
0.000388801136333241
0.0005144320382616
0.000769883832813386
0.000301179805837618
0.00041073303060018
0.000174755678605857
0.000397385980588401
0.000125188697111964
0.000198977157957811
0.000304469333118269
0.000122912180148097
0.000560383491218909
0.00037716698154161
6.66549871044193e-05
0.000924320464531277
-6.6701752452522e-05
0.000190598477330606
3.35566821707333e-05
-5.84450215149069e-05
0.000477514333200519
0.00025395730947642
0.0002112709578645
-5.68295603955537e-05
0.000273305383767499
-0.000204109860535385
0.000402726271029668
0.000407469713231963
0.000397600485898255
0.000429577544659899
0.000261849186990617
0.000642618850722527
0.000393218017863215
0.000110367116325375
0.000408223358265358
-2.8933603740948e-05
0.000147241204551599
0.000171747476543715
0.000315419719993368
0.000278749134473964
0.000310594400739013
0.000240638304661251
0.000374562633735455
0.000373429214941255
0.000607177566124261
0.000436678753189857
0.000191930770862545
0.000437439979864322
0.000375511446150719
-6.97212446254203e-05
1.45540805786567e-05
0.00014361634865805
0.000263030482372784
0.000201994019502972
0.000480136175076066
0.000605173601655505
0.000839520259588617
0.000360764463718456
-5.45866752305666e-05
0.000218475323193297
-0.000124706661331274
0.000175051056435457
0.000691408354593739
0.00031330701280994
0.000542182766294076
0.000507317743987738
0.000365014967930686
0.000356814090737405
0.00032914103528083
-0.000432608957356675
