1.35147247205002e-07
1.32952961762782e-07
1.30411637709287e-07
1.30800380502125e-07
1.29544404652773e-07
1.28640236929316e-07
1.35086730770993e-07
1.37322476118548e-07
1.316643862047e-07
1.33625338756795e-07
1.28538193720856e-07
1.29464595450474e-07
1.2826402013981e-07
1.25228687654632e-07
1.33589874073086e-07
1.26089599529894e-07
1.34610740642386e-07
1.35344809482695e-07
1.2769457059688e-07
1.32880983912516e-07
1.27029733195593e-07
1.35485539526189e-07
1.31403114162331e-07
1.29555137755819e-07
1.28716881064897e-07
1.30318207843181e-07
1.31035808394362e-07
1.35396641213499e-07
1.29381996167696e-07
1.34216872438402e-07
1.32734906847075e-07
1.28499735645223e-07
1.3286195551635e-07
1.32116880495716e-07
1.28585094073648e-07
1.23230909269053e-07
1.32852787585559e-07
1.30367745590316e-07
1.30681183085978e-07
1.31211572153839e-07
1.30847707465226e-07
1.27498097579991e-07
1.31129714407484e-07
1.26848390915032e-07
1.33781172654038e-07
1.30511559675618e-07
1.2561466897175e-07
1.31399736049889e-07
1.28510830138798e-07
1.33697047372035e-07
1.31514710876321e-07
1.32213444606154e-07
1.37208322388107e-07
1.36569306266224e-07
1.36803929584882e-07
1.29443542113105e-07
1.32001600746292e-07
1.33909089622183e-07
1.29458533622055e-07
1.27777856111923e-07
1.29706349364361e-07
1.22915873205527e-07
1.34305345577097e-07
1.27663958446338e-07
1.26836664153395e-07
1.29802612369151e-07
1.26670496953895e-07
1.33883930916163e-07
1.31017555662495e-07
1.27477667171385e-07
1.40947704201135e-07
1.29084672062423e-07
1.23837793305363e-07
1.30799542179317e-07
1.29677498195276e-07
1.29079770592223e-07
1.26164653290509e-07
1.29466923265232e-07
1.29261559247662e-07
1.32327579362673e-07
1.32970180271704e-07
1.2841380039271e-07
1.30731497003606e-07
1.27861049738118e-07
1.29325279772471e-07
1.38900512995251e-07
1.25440121884476e-07
1.2777733380834e-07
1.30315544430266e-07
1.28155561502849e-07
1.20943546890438e-07
1.39146590730086e-07
1.32622154544505e-07
1.32355572334966e-07
1.32662603989774e-07
1.29369024576515e-07
1.36242401315732e-07
1.26459948725914e-07
1.303427922777e-07
1.2828796714016e-07
1.24385515936347e-07
1.28772408413293e-07
1.34311635760381e-07
1.3225298589e-07
1.25910589241875e-07
1.30551700776569e-07
1.32123245100647e-07
1.33112797240048e-07
1.30652650706923e-07
1.27574697002543e-07
1.27737276711896e-07
1.28298499458448e-07
1.32813002138383e-07
1.28795759737327e-07
1.30019242831214e-07
1.29314297733717e-07
1.28470185859249e-07
1.26952291226455e-07
1.32588519951363e-07
1.29098031506137e-07
1.29758010236695e-07
1.31990931888533e-07
1.3044596200645e-07
1.29901194103395e-07
1.25199827858627e-07
1.28028818282329e-07
1.27616488439449e-07
1.28826399810799e-07
1.3061855545845e-07
1.29942004770661e-07
1.33508364843863e-07
1.35792395682436e-07
1.29405410660836e-07
1.40426531978075e-07
1.30247848097821e-07
1.28227117825458e-07
1.31022277789375e-07
1.3269592693258e-07
1.32695729504086e-07
1.29359988656593e-07
1.28356247013745e-07
1.29576079307495e-07
1.28432442177067e-07
1.32004943718261e-07
1.28627633580161e-07
1.31743711418475e-07
1.2977600768253e-07
1.28772348774072e-07
1.28649782901035e-07
1.25195837204945e-07
1.32778656177043e-07
1.32974932965107e-07
1.33364158089515e-07
1.3839270233771e-07
1.32824610648804e-07
1.30049348632066e-07
1.2643716826936e-07
1.31903418018392e-07
1.23554145672112e-07
1.25769336273617e-07
1.31447340963901e-07
1.3022893397239e-07
1.30236751459953e-07
1.28102994063144e-07
1.30617916514562e-07
1.25662728300413e-07
1.32182991449214e-07
1.2565593770488e-07
1.28932891576987e-07
1.31574785910939e-07
1.29431786088811e-07
1.2981032656816e-07
1.2592501728695e-07
1.34533647530048e-07
1.33616177159986e-07
1.24900663599144e-07
1.35912428988557e-07
1.2759601985452e-07
1.33970965037546e-07
1.32850609551476e-07
1.28534874174118e-07
1.33218603680665e-07
1.2987640345275e-07
1.33574586635861e-07
1.35928962527174e-07
1.31188556205779e-07
1.33694723075295e-07
1.3680486074926e-07
1.37796340285467e-07
1.24559335673333e-07
1.33079566690852e-07
1.29222992947481e-07
1.30705468759719e-07
1.2731585633564e-07
1.30788935976935e-07
1.25030887298357e-07
1.26638994743629e-07
1.36158534976763e-07
1.36787620772104e-07
1.35064237165387e-07
1.31359422166651e-07
1.31063094864487e-07
1.32273390698949e-07
1.33314769080836e-07
1.33323190350119e-07
1.42967860717914e-07
1.36370131958742e-07
1.32005218660391e-07
1.33401081015105e-07
1.27586407796431e-07
1.24300363211654e-07
1.282913470096e-07
1.27097750321082e-07
1.28699745145336e-07
1.29481275140832e-07
1.29356732344105e-07
1.3347693613263e-07
1.31482746960032e-07
1.30409197032278e-07
1.29598242460266e-07
1.28349775624262e-07
1.33532083243546e-07
1.30136591944291e-07
1.29036615350961e-07
1.32703552388199e-07
1.31267946461188e-07
1.35992276590325e-07
1.30856841584505e-07
1.33648813085365e-07
1.35701960153282e-07
1.29336542290192e-07
1.30365727935821e-07
1.35477326895337e-07
1.28041034040255e-07
1.32555265401957e-07
1.24407604928117e-07
1.33142805643365e-07
1.27569732163875e-07
1.31845864078245e-07
1.34796973169502e-07
1.28826080722656e-07
1.31536273030405e-07
1.31955851369971e-07
1.29789428167199e-07
1.27515239686287e-07
1.3088282717469e-07
1.30134111823519e-07
1.31347268029781e-07
1.41256735630563e-07
1.28828383286611e-07
1.3019639142586e-07
1.33931210548248e-07
1.30654308933363e-07
1.2946661622846e-07
1.29552527536581e-07
1.38061892113871e-07
1.31586723372892e-07
1.41698873835572e-07
1.27398983421196e-07
1.3003837490042e-07
1.30656825322633e-07
1.31979080602359e-07
1.3007111905113e-07
1.334218965848e-07
1.2729208422078e-07
1.30444762671348e-07
1.29997762338139e-07
1.32901895992562e-07
1.2843988287366e-07
1.32493742038204e-07
1.27593962630698e-07
1.35003590549108e-07
1.243787754487e-07
1.35596824728582e-07
1.31565587345781e-07
1.27468503887168e-07
1.27582477777562e-07
1.29657774453606e-07
1.33547616665197e-07
1.31064429777354e-07
1.29887140118994e-07
1.28023134044718e-07
1.3347605206321e-07
1.26386058083678e-07
1.28594591340438e-07
1.37403198393668e-07
1.33508408552204e-07
1.31542405843188e-07
1.310471193988e-07
1.36227059302108e-07
1.32565341741232e-07
1.3234399222198e-07
1.23776420217257e-07
1.30726575014069e-07
1.27811970421849e-07
1.296205811106e-07
1.30474775063612e-07
1.387683318487e-07
1.32074324160181e-07
1.29230689649234e-07
1.28537582594344e-07
1.28419990234779e-07
1.33678056328152e-07
1.29019738176373e-07
1.32005876977774e-07
1.33267850130107e-07
1.2917124475217e-07
1.31530274441476e-07
1.30248455260319e-07
1.34254871897986e-07
1.33339529583967e-07
1.3330279933556e-07
1.31863684736222e-07
1.33953302108381e-07
1.31148491716541e-07
1.25361826460617e-07
1.28837125763323e-07
1.34342877072897e-07
1.2572563381843e-07
1.2795897401836e-07
1.28734273941634e-07
1.3259168563119e-07
1.28175670841215e-07
1.27633813042477e-07
1.31434898342824e-07
1.31224893621076e-07
1.28771773216677e-07
1.30071162855478e-07
1.26564158112484e-07
1.30306312431375e-07
1.23148223613642e-07
1.27918989572251e-07
1.30995806703649e-07
1.32844947257415e-07
1.36382783127732e-07
1.32950551081836e-07
1.30518563542695e-07
1.30007626030327e-07
1.31996457667829e-07
1.29404733333267e-07
1.28416846232665e-07
1.28455195323805e-07
1.29083838624384e-07
1.29543898855634e-07
1.33333415669261e-07
1.2981263540827e-07
1.36526211263443e-07
1.3623539212518e-07
1.3531895168622e-07
1.35322884616675e-07
1.3180217234293e-07
1.32992078365704e-07
1.34541149954177e-07
1.40964136368306e-07
1.28814378014401e-07
1.29797324041422e-07
1.36359550743106e-07
1.32457228065928e-07
1.29669937687969e-07
1.37953359014038e-07
1.2580809519492e-07
1.31074820429897e-07
1.27023304598883e-07
1.23853152674289e-07
1.30524538464761e-07
1.31648839319194e-07
1.30863429218822e-07
1.32379735667598e-07
1.29382135608971e-07
1.28426671201707e-07
1.28975530812711e-07
1.26059322952295e-07
1.28298481365995e-07
1.28621585610365e-07
1.38632925371005e-07
1.25495501623225e-07
1.28161941508385e-07
1.31468825084307e-07
1.29137439291813e-07
1.31543245223025e-07
1.2982336152929e-07
1.33723925112379e-07
1.32122598254875e-07
1.33363402358016e-07
1.33003832126136e-07
1.29060570175882e-07
1.32066906751775e-07
1.2828408383163e-07
1.26894288444681e-07
1.30618838379822e-07
1.26726931705491e-07
1.36847287364626e-07
1.31099772244359e-07
1.28417253878972e-07
1.32537541397426e-07
1.23623189992141e-07
1.30441570380422e-07
1.35824692802525e-07
1.33106897008318e-07
1.2752285936944e-07
1.25269267693008e-07
1.30795882822615e-07
1.30511861073314e-07
1.31100324059684e-07
1.33813636584874e-07
1.27764409653099e-07
1.32059066908419e-07
1.31698653137978e-07
1.32781483921479e-07
1.28678240068195e-07
1.29553550342809e-07
1.38548309703494e-07
1.3055400780065e-07
1.33629989708374e-07
1.29073819076111e-07
1.24848883768763e-07
1.33238317250582e-07
1.35237564121207e-07
1.32970365719533e-07
1.30637670756552e-07
1.33069222520134e-07
1.25855554443271e-07
1.30362636715739e-07
1.30479635742508e-07
1.32034738856084e-07
1.33907004421387e-07
1.34070829168963e-07
1.29919396725231e-07
1.27612278774538e-07
1.29996345441895e-07
1.28588165792878e-07
1.2879998598656e-07
1.28605669343258e-07
1.3120581719317e-07
1.33615309686716e-07
1.30038673693588e-07
1.30683269667266e-07
1.29733766410917e-07
1.38253619611808e-07
1.35721545629745e-07
1.27123385815746e-07
1.3429976615786e-07
1.36084448594509e-07
1.2718169868932e-07
1.26739439899867e-07
1.25643220673608e-07
1.33052896065207e-07
1.35439243319409e-07
1.34312438966895e-07
1.33626880542503e-07
1.33827320695113e-07
1.31157356637335e-07
1.34187860224947e-07
1.32768325596579e-07
1.27354411210617e-07
1.32215030221781e-07
1.37405963076179e-07
1.34229715102246e-07
1.25747289733942e-07
1.28248267218727e-07
1.30954774962301e-07
1.31090798289783e-07
1.28795898494261e-07
1.29397439287657e-07
1.35973857216049e-07
1.3101428081216e-07
1.34541026907073e-07
1.27124908234765e-07
1.30009794644439e-07
1.29308535949621e-07
1.30066982519979e-07
1.30931144325803e-07
1.32389493720609e-07
1.26566740419962e-07
1.2852569850632e-07
1.3520095745718e-07
1.33263253965874e-07
1.29153213587774e-07
1.26901883946254e-07
1.29266462330101e-07
1.264309076099e-07
1.29023474251228e-07
1.26910572990689e-07
1.31404855644366e-07
1.29252089924449e-07
1.28107090076902e-07
1.32081587761178e-07
1.3037504536164e-07
1.27438389415414e-07
1.3326737843765e-07
1.25028256550596e-07
1.31075399160431e-07
1.31436788142369e-07
1.31228334447341e-07
1.31527605727209e-07
1.2684621947579e-07
1.27372233975917e-07
1.28451645928382e-07
1.3075053995858e-07
1.27438536227305e-07
1.287204719887e-07
1.2892634232008e-07
1.31913261654977e-07
1.29935886814923e-07
1.31211130781746e-07
1.27153617369388e-07
1.31908912873871e-07
1.27709841720378e-07
1.27557795343367e-07
1.28928518539888e-07
1.2885092548445e-07
1.30813086243296e-07
1.3122753841716e-07
1.29103416362271e-07
1.27066287101566e-07
1.26507957976957e-07
1.3352535515641e-07
1.30609623524665e-07
1.35159143277914e-07
1.36660683163341e-07
1.28069314432057e-07
1.29292697322067e-07
1.28366428717699e-07
1.2967863655168e-07
1.32636893677305e-07
1.3422133524725e-07
1.28989976336309e-07
1.2731530329107e-07
1.35011487630553e-07
1.29860526970748e-07
1.32948911992846e-07
1.30776821242399e-07
1.32889725582097e-07
1.31766784430636e-07
1.30411626671222e-07
1.2733954424985e-07
1.2996805432976e-07
1.26925735450335e-07
1.36378442728177e-07
1.29038017040495e-07
1.28640840026881e-07
1.31830510113867e-07
1.24146243951131e-07
1.28245364889673e-07
1.26048938061905e-07
1.27225553661331e-07
1.34638673176984e-07
1.29724606044379e-07
1.26086528643739e-07
1.2806209751433e-07
1.30199464974453e-07
1.32631201500865e-07
1.31610465987603e-07
1.31360664205596e-07
1.322790410189e-07
1.28485513011323e-07
1.32276285985633e-07
1.301659533317e-07
1.33087245562871e-07
1.31186210725862e-07
1.36038088852725e-07
1.28734618653145e-07
1.32174545117367e-07
1.27301668203069e-07
1.2299289290819e-07
1.29194768037896e-07
1.33555146417737e-07
1.30150241051917e-07
1.32647535452709e-07
1.25624119574862e-07
1.28637630691519e-07
1.2385848569068e-07
1.35350266178499e-07
1.28405001154267e-07
1.30259920860864e-07
1.33014845063121e-07
1.33381536374106e-07
1.2835781521212e-07
1.33074392937424e-07
1.35723434634497e-07
1.28507697514092e-07
1.29469644815364e-07
1.24289701692698e-07
1.3245089118207e-07
1.30696102932739e-07
1.28377751769909e-07
1.28767357765384e-07
1.35575203024804e-07
1.27967181145184e-07
1.30237842664498e-07
1.24450096540078e-07
1.21501989438424e-07
1.27827132611611e-07
1.25036288202516e-07
1.377501897374e-07
1.26940863271522e-07
1.33723632063979e-07
1.31162589410345e-07
1.34548828307863e-07
1.36792435711271e-07
1.26864719581167e-07
1.28669775644413e-07
1.34261636147163e-07
1.2970034023544e-07
1.25112018748358e-07
1.28745927025935e-07
1.32686466688129e-07
1.25128069118477e-07
1.30345380786678e-07
1.26242837447248e-07
1.31712424219959e-07
1.27074911015225e-07
1.31873303788855e-07
1.25462523022893e-07
1.28550104646405e-07
1.26378187139503e-07
1.34825077461374e-07
1.29092802286659e-07
1.28813382155425e-07
1.32181287874073e-07
1.32221450695459e-07
1.30464752867226e-07
1.31698489200656e-07
1.26347429702948e-07
1.24870161598248e-07
1.31994295368328e-07
1.24572594609676e-07
1.31647587228484e-07
1.28199779330623e-07
1.31568629416073e-07
1.30223223361106e-07
1.25241371708224e-07
1.31404586173417e-07
1.30974423390559e-07
1.30936499270501e-07
1.31837811857613e-07
1.28241867956131e-07
1.35907396046484e-07
1.30799664732649e-07
1.32441727118944e-07
1.326416563866e-07
1.28647021413723e-07
1.33561704783017e-07
1.24107465479944e-07
1.31201496162646e-07
1.30436285469846e-07
1.29610679350107e-07
1.2739385652719e-07
1.36519540259862e-07
1.34768058712044e-07
1.30178562723707e-07
1.25543758065655e-07
1.27861879259917e-07
1.32076370814862e-07
1.31843576958034e-07
1.29668498267126e-07
1.257769613664e-07
1.32620123913848e-07
1.35274536166594e-07
1.30091390255999e-07
1.33173846021187e-07
1.29328535143743e-07
1.22577639322554e-07
1.27339099958407e-07
1.25260840526981e-07
1.30292040540145e-07
1.24767915064638e-07
1.2801859078417e-07
1.3188696220872e-07
1.33854993071606e-07
1.27733576700903e-07
1.31782578258849e-07
1.28742959032841e-07
1.29941931752449e-07
1.3778211977291e-07
1.29060496106843e-07
1.29610253348542e-07
1.26807372889047e-07
1.28333748381018e-07
1.34002143949891e-07
1.32008223036562e-07
1.34885237249082e-07
1.31199312386053e-07
1.28607809680213e-07
1.30727851673556e-07
1.32215874447106e-07
1.25830778852439e-07
1.32407297570443e-07
1.31716134710467e-07
1.33362479354831e-07
1.30333790667061e-07
1.31189541250564e-07
1.28016252114941e-07
1.27158413199817e-07
1.29312744363981e-07
1.35215704782284e-07
1.33398436864894e-07
1.27519532107061e-07
1.32814423655801e-07
1.33398371187105e-07
1.32591244630672e-07
1.30529997974366e-07
1.2709807842924e-07
1.29264818154767e-07
1.32927311453474e-07
1.27532797860278e-07
1.28567475292228e-07
1.30063725536521e-07
1.30050525456375e-07
1.294042838739e-07
1.39318545791946e-07
1.28826745825662e-07
1.30333346545121e-07
1.38256387599872e-07
1.26276530976703e-07
1.36664162815687e-07
1.29225369193866e-07
1.31798414896298e-07
1.29341283280054e-07
1.31388067825378e-07
1.29851527056229e-07
1.29874780389347e-07
1.37646750317436e-07
1.35228231338414e-07
1.31217933646541e-07
1.29661396346005e-07
1.29743355080106e-07
1.30226782119506e-07
1.3289560114113e-07
1.33884384802198e-07
1.31386579508148e-07
1.2851833211978e-07
1.24960714837049e-07
1.29390307532606e-07
1.31275148526824e-07
1.32283672329391e-07
1.27517540737279e-07
1.30691339871439e-07
1.31274331613381e-07
1.31030404731815e-07
1.28702546832621e-07
1.29394492017435e-07
1.30570310642725e-07
1.28700087048928e-07
1.27664358271666e-07
1.31365629551795e-07
1.32988332828309e-07
1.29153383163135e-07
1.31819195055678e-07
1.29529731175932e-07
1.33701264691115e-07
1.27575293835226e-07
1.31332107293612e-07
1.33050340151086e-07
1.32652379832411e-07
1.33146749113575e-07
1.30838625216586e-07
1.33158691890892e-07
1.27532484688115e-07
1.27256735851483e-07
1.33551026864414e-07
1.28392662799139e-07
1.32032462441207e-07
1.31543249215043e-07
1.30448873721061e-07
1.31928675050739e-07
1.28422685057392e-07
1.33616423769406e-07
1.35386243523539e-07
1.2867796580821e-07
1.27435264931506e-07
1.33378165417354e-07
1.31310451087818e-07
1.26084713474536e-07
1.25038919554289e-07
1.31597155731146e-07
1.30364440269099e-07
1.32248699121391e-07
1.26269190807085e-07
1.32062422557477e-07
1.2822535742472e-07
1.2728498408407e-07
1.32924566204664e-07
1.22479316232253e-07
1.27813565118419e-07
1.29792113632254e-07
1.31165769194361e-07
1.2742219104872e-07
1.31516719249947e-07
1.28023249552398e-07
1.31836869727195e-07
1.29075719050341e-07
1.26717740108402e-07
1.2763630721397e-07
1.2822275677464e-07
1.28721356200224e-07
1.29124475211795e-07
1.2881150169261e-07
1.29972331331131e-07
1.30377445328962e-07
1.34219672736729e-07
1.33967079565349e-07
1.29608244849802e-07
1.29789149305251e-07
1.30610384019818e-07
1.2609939422344e-07
1.34756038901809e-07
1.28300643327869e-07
1.29293411988859e-07
1.28530029542834e-07
1.31262174104988e-07
1.26662561235772e-07
1.27810302156418e-07
1.32071801519642e-07
1.28745486589885e-07
1.34118416456788e-07
1.29545786683403e-07
1.3431996712027e-07
1.30206433223024e-07
1.33053718152415e-07
1.32269446786045e-07
1.30102225606207e-07
1.29728389110521e-07
1.28124332705931e-07
1.26361647134876e-07
1.32824822878755e-07
1.30121758733842e-07
1.27203482250093e-07
1.33197526542061e-07
1.25445595841932e-07
1.23171859979851e-07
1.39408156483265e-07
1.27911240393652e-07
1.27685756727371e-07
1.32248197694299e-07
1.30718697734341e-07
1.28530655984269e-07
1.24734641978305e-07
1.22122222349134e-07
1.31832921947077e-07
1.29654810268356e-07
1.28806772819063e-07
1.27937897492095e-07
1.25662131472963e-07
1.37172788443143e-07
1.31403525448177e-07
1.2768645587869e-07
1.26235452367801e-07
1.27376565452859e-07
1.28751399433021e-07
1.34537928194616e-07
1.29543431096006e-07
1.33562233513042e-07
1.28357541300623e-07
1.26556281486671e-07
1.27193100118595e-07
1.30180773241319e-07
1.35901518000651e-07
1.31511391000443e-07
1.37678293859944e-07
1.29047039361231e-07
1.2717110634566e-07
1.3268895932505e-07
1.27712407000168e-07
1.36479062841055e-07
1.31868376560538e-07
1.28965304304606e-07
1.28412829662933e-07
1.30511837021769e-07
1.26620450936433e-07
1.26490086942665e-07
1.29147466300476e-07
1.26634915837093e-07
1.22973569630601e-07
1.33924670311838e-07
1.25580715300854e-07
1.32579712920305e-07
1.32036222021872e-07
1.31054501830652e-07
1.34851889056521e-07
1.27673038901937e-07
1.29786124945002e-07
1.32171910959292e-07
1.28889660462258e-07
1.29230056346048e-07
1.31134744495e-07
1.32233888184349e-07
1.27889023731796e-07
1.34953471243625e-07
1.2981394073797e-07
1.28515414265825e-07
1.31416831416318e-07
1.29982567881149e-07
1.35000443358427e-07
1.358787120031e-07
1.27902599125221e-07
1.32830667301853e-07
1.30473228492365e-07
1.37086090369523e-07
1.31882545631871e-07
1.27149800149412e-07
1.29782869488165e-07
1.30368458857136e-07
1.30457868865336e-07
1.32481273181373e-07
1.2842502992288e-07
1.28806584525125e-07
1.2755712709735e-07
1.30087255846207e-07
1.29338216546016e-07
1.30636150658375e-07
1.37040683012152e-07
1.32240579549335e-07
1.29028173554434e-07
1.29976186412535e-07
1.30960439387558e-07
1.2794040915142e-07
1.30174378245297e-07
1.32162660400602e-07
1.24838990886493e-07
1.30466036828463e-07
1.32196878072486e-07
1.31048332022296e-07
1.26423607340591e-07
1.25805560047387e-07
1.29784752073847e-07
1.33531057751472e-07
1.2819791701623e-07
1.31126719783957e-07
1.36337428488964e-07
1.29600070111069e-07
1.24998849573141e-07
1.26510690544577e-07
1.30874140556958e-07
1.2605716497734e-07
1.34848259317554e-07
1.30391172628538e-07
1.31825139944964e-07
1.29971112287583e-07
1.28048848631021e-07
1.2926725313501e-07
1.28659135219986e-07
1.34241524301645e-07
1.31122309542555e-07
1.26217452344824e-07
1.29553868775281e-07
1.27202679945674e-07
1.31936236720869e-07
1.30720976372448e-07
1.30696816122252e-07
1.29082453949081e-07
1.32150759749116e-07
1.34018009783731e-07
1.25578842466196e-07
1.27305233617454e-07
1.34133619377923e-07
1.26206332189202e-07
1.3465653894606e-07
1.30788827810647e-07
1.26685986922829e-07
1.33066495526125e-07
1.27295894595459e-07
1.31193219457352e-07
1.31824042695544e-07
1.3565226956168e-07
1.31379876088319e-07
1.31674399218058e-07
1.27977449117107e-07
1.27446139128823e-07
1.34182167426538e-07
1.31521974629275e-07
1.31442449596688e-07
1.34205818668975e-07
1.36025425510739e-07
1.34123003179091e-07
1.36986201037032e-07
1.32971311137877e-07
1.31270932709882e-07
1.2792290583243e-07
1.29589471262112e-07
1.30455966193807e-07
1.32253511765918e-07
1.28933084450317e-07
1.34144282566051e-07
1.32833787200463e-07
1.32821387502097e-07
1.34029584026309e-07
1.30807561220216e-07
1.29811360736184e-07
1.4154646444401e-07
1.28000883217285e-07
1.27324910400239e-07
1.25556461388604e-07
1.29085289632589e-07
1.29141827643023e-07
1.28427580661227e-07
1.29077360355496e-07
1.3599417972605e-07
1.3484982622842e-07
1.3276684421998e-07
