1.90654206145752e-06
1.81343829372158e-06
1.8561441806954e-06
1.8462050056841e-06
1.79805134788103e-06
1.92694694960677e-06
1.86519336487396e-06
2.00608693909502e-06
1.84589782609328e-06
1.95646737111662e-06
1.77445313738092e-06
1.83394658643921e-06
1.88425160115383e-06
1.80345864758054e-06
1.94900560287614e-06
1.89479757736814e-06
1.87480995404145e-06
1.79281916395684e-06
1.80796796980405e-06
1.90414923701901e-06
1.84671390436461e-06
1.95624747859588e-06
1.80614373772872e-06
1.90718466810853e-06
1.80046438942101e-06
1.84661258455186e-06
1.78212457711089e-06
1.89697165009071e-06
1.86978592197983e-06
1.89434789205012e-06
1.94640575534674e-06
1.97235236179543e-06
1.84446717357111e-06
1.96499766755785e-06
1.80584252147977e-06
1.86000432507025e-06
1.89454637264895e-06
1.8894375961965e-06
1.95906973127361e-06
1.92358255436009e-06
1.86930346850928e-06
1.86370157511631e-06
1.91385291651945e-06
1.92864659468196e-06
1.81130663388216e-06
1.83775467242221e-06
1.87471577671522e-06
1.81899380488821e-06
1.70575981343582e-06
1.96486816109225e-06
1.93422161930677e-06
1.87588569076293e-06
1.8220917956504e-06
1.93657139521539e-06
1.90666534585465e-06
1.91803837843784e-06
1.84665676276653e-06
1.8663480527275e-06
1.88495798299113e-06
1.80422993885e-06
1.93959898233564e-06
1.92199322165129e-06
1.83478805366343e-06
1.9230098970069e-06
1.8801593019574e-06
1.87045582848828e-06
1.80229396386831e-06
1.84256772625153e-06
1.85949952959967e-06
1.8817474229338e-06
1.93835630314476e-06
1.9414993981141e-06
1.85119036785734e-06
1.92294590437589e-06
1.80593677151373e-06
1.8822276104496e-06
1.85407582874967e-06
1.87555198987229e-06
1.83989590620378e-06
1.95213390519559e-06
1.78880867127105e-06
1.78080016673543e-06
1.88149348698061e-06
1.86822022504975e-06
1.89696093751536e-06
1.88530601464335e-06
1.80049330190203e-06
1.93068356373535e-06
1.83246027707381e-06
1.89114386685612e-06
1.91608447494943e-06
1.87258519416644e-06
1.93109992551825e-06
1.87772152749704e-06
1.98714886480087e-06
1.84939668415792e-06
1.87822138397995e-06
1.88153919877149e-06
1.84317348894476e-06
1.89304950715035e-06
1.84368320696315e-06
1.92202208394095e-06
1.86524593829e-06
1.92202972901605e-06
1.95974668254035e-06
1.9508807319579e-06
1.89938778849933e-06
1.94194919458005e-06
1.95702182557468e-06
1.80871813182768e-06
1.78225705428984e-06
1.95203931025076e-06
1.92185804205856e-06
1.85019421645684e-06
1.91467706360025e-06
1.85241932409693e-06
1.86245265251586e-06
1.86608576154428e-06
1.84965711250376e-06
1.84431060055046e-06
1.97241425338535e-06
1.8539479891373e-06
1.79627327321446e-06
1.89412926093549e-06
1.90487312558435e-06
1.73637929155499e-06
1.8032557380609e-06
1.89183576288521e-06
1.94302053254475e-06
1.88044417568161e-06
1.81658602286164e-06
1.85054133203892e-06
1.90945760734766e-06
1.74236604382357e-06
1.84138763828996e-06
1.78059206339301e-06
1.80620045108549e-06
1.81197327805064e-06
1.81572785109791e-06
1.82274020240697e-06
1.86371923601614e-06
1.98761263881546e-06
1.91578393485831e-06
1.88539502535586e-06
1.88199284674921e-06
1.95557425794929e-06
1.9587971106856e-06
1.8885240043062e-06
1.81044756623836e-06
1.92181989283599e-06
1.85423465110888e-06
1.9537860539813e-06
1.82283253912418e-06
1.84083396074854e-06
1.97199576787043e-06
1.84591398638794e-06
1.74365473866489e-06
1.92662998778777e-06
1.73247106856292e-06
1.80946772724834e-06
1.87554598483498e-06
1.90079218380639e-06
1.89020607375964e-06
1.89519247587143e-06
1.92936217348464e-06
1.74567290238483e-06
1.94802561995106e-06
1.85944741104725e-06
1.83341914399779e-06
1.81067692371604e-06
1.87118913151958e-06
1.86875050880707e-06
1.829732744003e-06
1.86462527841528e-06
1.84791473786022e-06
1.8941542999588e-06
1.93882262472242e-06
1.81558816022302e-06
1.89288622830332e-06
1.84456945215337e-06
1.74301722995679e-06
1.82899798692155e-06
1.90180635416527e-06
1.895059395008e-06
1.90796269251361e-06
1.8819557725822e-06
1.84099197460803e-06
2.00757710519383e-06
1.9413949605313e-06
1.93769736486923e-06
1.86245174041353e-06
1.77479873533656e-06
1.90381670283718e-06
1.76805755773703e-06
1.8747980401519e-06
1.93201376579086e-06
1.70049706921155e-06
1.89732193269321e-06
1.94534762267913e-06
1.92567799493818e-06
1.88363788064616e-06
1.88834434650802e-06
1.85761076710261e-06
1.80544077707562e-06
1.96039884243379e-06
1.84176569278263e-06
1.77389681700768e-06
1.86770434967464e-06
1.79677478765649e-06
1.8198984360496e-06
1.78897813393412e-06
1.83854415415515e-06
1.97018200141055e-06
1.96438244258254e-06
1.77980380829629e-06
1.95935722707873e-06
1.9281296044809e-06
1.8988541837752e-06
1.91722146370302e-06
1.87336497846138e-06
1.973874214647e-06
1.87370183974962e-06
1.8179696179089e-06
1.81374185491638e-06
1.92439822558917e-06
1.84012280944383e-06
1.78918252140449e-06
1.9043003468503e-06
1.92693253588413e-06
1.84182663513226e-06
1.96140742226745e-06
1.86747361901043e-06
1.88265357660413e-06
1.83177681213884e-06
1.92926535222119e-06
1.74107869578467e-06
1.84349893839081e-06
1.94273821738683e-06
1.86058574819515e-06
2.06264096579025e-06
1.82276834507589e-06
1.88367134042968e-06
1.8466326440436e-06
1.83759006855637e-06
1.88971753250033e-06
1.85956112611966e-06
1.8774218330766e-06
1.83316827664789e-06
2.04116535191509e-06
1.92902743648893e-06
1.91620803410517e-06
1.83810697477062e-06
1.82722008503543e-06
1.94052134767761e-06
1.91220711426788e-06
1.97576700613671e-06
1.91319564622783e-06
1.86483757391726e-06
1.78965551686778e-06
1.94221022357543e-06
1.89139743058992e-06
1.8380050851219e-06
1.91474997178885e-06
1.91006394860436e-06
1.86362928924679e-06
1.89164748641187e-06
1.95225218018819e-06
1.9191767747541e-06
1.89522069582548e-06
1.90897664653763e-06
1.85639318912898e-06
1.92538996424079e-06
1.89040046875425e-06
1.88850980740939e-06
1.89056887504503e-06
1.83242634709145e-06
1.90570569060642e-06
1.89900368272756e-06
1.85797829178402e-06
1.82851865808948e-06
1.84961203620618e-06
1.84212810648023e-06
1.87362492970839e-06
1.91235487545691e-06
1.8258879569592e-06
1.89238997015209e-06
1.88551577914247e-06
1.88086389002364e-06
1.80253243155851e-06
1.82912062219539e-06
1.92931627385361e-06
1.89006347992644e-06
1.81014066766691e-06
1.80479380185445e-06
1.86094816843673e-06
1.81545168305301e-06
1.88346947881947e-06
1.85838140501247e-06
1.94560914410545e-06
1.80146752139295e-06
1.97401513064432e-06
1.9662844998298e-06
1.93837076812614e-06
1.88350763783921e-06
1.93895821085046e-06
1.96237236804426e-06
1.8966772684101e-06
1.88010042430773e-06
1.94669114147534e-06
1.91688619402345e-06
1.79539016164458e-06
2.0042121285332e-06
1.7880903756146e-06
1.82620153699337e-06
1.88994056787337e-06
1.89907664111091e-06
1.83126722474172e-06
1.85062685116585e-06
1.80396062218954e-06
1.83396795852404e-06
1.76842094417072e-06
1.91338370415403e-06
1.96067675707677e-06
1.95172943930464e-06
1.86587333407374e-06
1.88977657906375e-06
1.79014578146667e-06
1.93434035013915e-06
1.85448953182331e-06
1.80027485836741e-06
1.85448555477447e-06
1.87896913071522e-06
1.92349535438281e-06
1.92999058415278e-06
1.91027834797873e-06
1.8539764749182e-06
1.80204011902336e-06
1.94701277952071e-06
1.80131420733539e-06
1.88378658903854e-06
1.85367654165976e-06
1.8415885409277e-06
1.92798487404982e-06
1.7479704926333e-06
2.0160366671439e-06
1.85431733434928e-06
1.86711628352967e-06
1.78854354378093e-06
1.8262285747016e-06
1.79691550462685e-06
1.85542186539346e-06
1.87290928853609e-06
1.80603256938179e-06
1.8252856091921e-06
1.87204162295737e-06
1.82883582142677e-06
1.93286327629837e-06
1.9699654924382e-06
1.91578113254683e-06
1.9783210000297e-06
1.88305702516189e-06
1.79720721581338e-06
1.81702468653208e-06
1.84795572536362e-06
1.7428374059861e-06
1.75198755604937e-06
1.90669051882897e-06
2.03037868713811e-06
1.95187204288331e-06
1.83711847024098e-06
1.84407844838845e-06
1.80585335555142e-06
1.88303625813807e-06
1.78485363432743e-06
1.89012195078853e-06
1.80804812643935e-06
1.95593013171692e-06
1.97443966929749e-06
1.86514885436239e-06
1.81315429886203e-06
1.97713463690528e-06
1.81278247955997e-06
1.96743656802689e-06
1.84776623898035e-06
1.9179728363291e-06
1.97630253220092e-06
1.73185197478668e-06
1.82168604276822e-06
1.9436713446799e-06
1.80887953041369e-06
1.82834020329747e-06
1.83801594688631e-06
1.87523128256687e-06
1.87382816237297e-06
1.91718170146064e-06
1.84136271383933e-06
1.88072121264585e-06
1.86745231316056e-06
1.87143672318801e-06
1.85707016215202e-06
1.81993652061769e-06
1.78904269523087e-06
1.84690251991492e-06
1.90497262044886e-06
1.90390911729709e-06
1.85587497926099e-06
1.93313751766128e-06
1.82633841096343e-06
1.94906334746023e-06
1.72985254437618e-06
1.88305938871264e-06
1.9479425737688e-06
1.98964071907369e-06
1.82821557046239e-06
1.88504170422223e-06
1.82630604280909e-06
1.89687255154296e-06
1.89047786642553e-06
1.78553389305644e-06
1.87808129641083e-06
1.87208704813372e-06
1.89528440551069e-06
1.8141057060895e-06
1.80884078288293e-06
1.89279906648212e-06
1.93495180721825e-06
1.77383273602155e-06
1.85847370499284e-06
1.86097431667987e-06
1.85196129750904e-06
1.87685457016392e-06
1.83937970530519e-06
1.89657119863309e-06
1.84467195206939e-06
1.82179484779523e-06
1.80815869082628e-06
1.83508384814569e-06
1.84058480373543e-06
1.86710510794372e-06
1.86113498025547e-06
1.84637033208091e-06
1.89599316549595e-06
1.93457485480337e-06
1.81462142612575e-06
1.74481696152238e-06
1.86320781402426e-06
1.89496952700043e-06
1.92350382938112e-06
1.90676183290999e-06
1.83435944807813e-06
1.82600035425356e-06
1.82783761789784e-06
1.79271399855305e-06
1.9441081729059e-06
1.9105860779878e-06
1.8341568100787e-06
1.87974648304994e-06
1.86329031789704e-06
1.88663299441881e-06
1.85524550384042e-06
1.95387971450785e-06
1.8213787700411e-06
1.83407952427332e-06
1.88908653004597e-06
1.87348119490699e-06
1.87777070453541e-06
1.79886720427355e-06
1.77020784990002e-06
1.99083038657487e-06
1.89761711604157e-06
1.82896519621373e-06
1.85441560729914e-06
1.89239470680838e-06
1.79240325024912e-06
1.92012555165288e-06
1.7876845344698e-06
1.89916346650212e-06
1.98102978944995e-06
1.78504485970406e-06
1.90647247816405e-06
1.91991198360002e-06
1.95281344762907e-06
1.8382901146652e-06
1.82576882762977e-06
1.91972586679604e-06
1.86172634554485e-06
1.9125098357222e-06
1.92536862799679e-06
1.79959561315133e-06
1.87717073904751e-06
1.77093785234244e-06
1.83836666909874e-06
1.88559668012215e-06
1.89138589200564e-06
1.88398593212343e-06
1.90172942906208e-06
1.90612541896298e-06
1.81699784065662e-06
1.8988461982953e-06
1.93769325763029e-06
1.79520623055375e-06
1.8895548542998e-06
1.83200351818993e-06
1.91422958902522e-06
1.82447412582348e-06
2.00652110875983e-06
1.85126096669356e-06
1.8227392828666e-06
1.76350815113553e-06
1.77262927917666e-06
1.86844793304771e-06
1.95184739592166e-06
1.87881382471979e-06
1.85929836114038e-06
1.91147278664061e-06
1.87861935366759e-06
1.89177648509464e-06
1.88759990949027e-06
1.90707672682273e-06
1.96346167103484e-06
1.84757315695391e-06
1.93238647647368e-06
1.81294990568069e-06
1.85071809452891e-06
1.89185046418268e-06
1.86953816854173e-06
1.94055219053789e-06
1.917248075467e-06
1.888880633052e-06
1.91451155306903e-06
1.87103862626183e-06
1.91125457140595e-06
1.79575880238201e-06
1.90059459975438e-06
1.90652677986177e-06
1.81605558153709e-06
1.85708482765002e-06
1.99084053602146e-06
1.98254267172969e-06
1.97426783807413e-06
1.77662998021859e-06
1.81438681122388e-06
1.86605308815166e-06
1.88438386519721e-06
1.83512984917093e-06
1.90769074146634e-06
2.00047882597815e-06
1.82310385433415e-06
1.89090718591182e-06
1.95291893613529e-06
1.83864790364788e-06
1.78306425807951e-06
1.85041952800918e-06
1.92896845780234e-06
1.89241112518023e-06
1.87836602245607e-06
1.96374040006294e-06
1.91337905003323e-06
1.99776276249385e-06
1.87050484328272e-06
1.93609364362962e-06
1.92990703568989e-06
1.96775414023625e-06
1.92158814113253e-06
1.87959765148828e-06
1.88386043687863e-06
1.85272861249096e-06
1.83700307607228e-06
1.84472884075592e-06
1.78802553560824e-06
1.86526296912991e-06
1.90963023696154e-06
1.78446011360383e-06
1.8946565635806e-06
1.98513458688955e-06
1.93570952159777e-06
1.94967362656649e-06
1.80807375314439e-06
1.94103213264969e-06
1.93393580431411e-06
1.82911644494564e-06
1.78301884620584e-06
1.87839706963602e-06
1.84046984332621e-06
1.80040398154008e-06
1.86039310013571e-06
1.86430110544552e-06
1.87187803337732e-06
1.86797982495094e-06
1.92440340311445e-06
1.82264371043377e-06
1.86033481523513e-06
1.74720933708942e-06
1.81428865970946e-06
1.87939404585114e-06
1.7205704277033e-06
1.93696308315819e-06
1.93629597150779e-06
1.85349108480692e-06
1.8439771798154e-06
1.90366842533706e-06
1.83668939418615e-06
1.91617482576797e-06
1.98579228487377e-06
1.75336446561055e-06
1.85957805316116e-06
1.8620177676997e-06
1.807101798063e-06
1.8506747740516e-06
1.92570453004014e-06
1.92246617413295e-06
1.82386426060297e-06
1.90556580946749e-06
1.87993141248324e-06
1.85247571806353e-06
1.78862103004304e-06
1.82067435655329e-06
1.93056340481331e-06
1.89310783589488e-06
1.93092718275373e-06
1.89223475807066e-06
1.93163890222183e-06
1.95512046880341e-06
1.82247466560857e-06
1.78533854206242e-06
1.80548461526453e-06
1.87070886199089e-06
1.8859639450332e-06
1.82844739606984e-06
1.90833214609925e-06
1.9281245253472e-06
1.88683600420301e-06
1.99783150431899e-06
1.93412313380223e-06
1.86654969787347e-06
1.83951415798535e-06
1.81163518254183e-06
1.91584550227286e-06
1.87859281995127e-06
1.91465697697378e-06
1.92093735498389e-06
1.74408541051957e-06
1.86880102396227e-06
1.8357840305999e-06
1.80208811528692e-06
1.89504115932159e-06
1.87196599383726e-06
1.87145220043628e-06
1.8563436305463e-06
1.95250143275618e-06
1.90923698851198e-06
1.72736646086033e-06
1.79251039837951e-06
1.86961309659886e-06
1.86189894926353e-06
1.81992310738119e-06
1.74165286175351e-06
1.83063982314192e-06
1.96270447506217e-06
1.86019354747771e-06
1.90181480926055e-06
1.89039055450845e-06
1.79033353754324e-06
1.80169628866264e-06
1.87831930625682e-06
1.89757316210915e-06
1.90768379282172e-06
1.82526925439037e-06
1.87266334504174e-06
1.80646968309869e-06
1.7710741982293e-06
1.8704362163036e-06
1.74819251661269e-06
1.91081883096641e-06
1.96009468112618e-06
1.85711236678052e-06
1.90296557109538e-06
1.81733715281662e-06
1.74038062295853e-06
1.85016468893495e-06
1.8326872076671e-06
1.90888675093188e-06
1.81520888886869e-06
1.85694335197967e-06
1.86291907252048e-06
1.86895961780167e-06
1.84260922478573e-06
1.87400927321482e-06
1.79809196366837e-06
1.89402881858183e-06
1.90028446643246e-06
1.89056149349256e-06
1.87375440156631e-06
1.86791298367352e-06
2.0246194655657e-06
1.91209788333396e-06
1.88274166991323e-06
1.92349607834419e-06
1.9213294320063e-06
2.0171881681637e-06
1.99459213293449e-06
2.03684367497594e-06
1.81151325718504e-06
1.8034761136365e-06
1.80855184366864e-06
1.82021389158735e-06
1.87500016695338e-06
1.84826380370505e-06
1.83135517862595e-06
1.75291580403262e-06
1.83028092208465e-06
1.92881749742453e-06
1.89413776603994e-06
1.85318733737911e-06
1.89964489741657e-06
1.77956014373537e-06
1.89292597549788e-06
1.82271585711635e-06
1.91603336270502e-06
1.88990731805967e-06
1.76654651516021e-06
1.87780678568204e-06
1.69148312022541e-06
1.91289867268806e-06
1.88779365027945e-06
1.75397245087714e-06
1.8543480687466e-06
1.86669896443916e-06
2.0305330258922e-06
1.86903386028861e-06
1.85157004153948e-06
1.98503626307175e-06
1.96303058382001e-06
1.80036122236833e-06
1.85129842920297e-06
1.88826532438073e-06
1.75839525762718e-06
1.87189472060059e-06
1.84786694185279e-06
1.88076792120434e-06
1.83391027612041e-06
1.88700048065614e-06
1.92895974379984e-06
1.98144770826731e-06
1.86493998799383e-06
1.98381911083172e-06
1.78844005164846e-06
1.84805387419304e-06
1.96844074672895e-06
1.99141469769839e-06
1.90623069429515e-06
1.94464955761716e-06
1.81891353032983e-06
1.86090645420342e-06
1.87534307349153e-06
1.87870489397364e-06
1.88728611460004e-06
1.98964094912439e-06
1.77695592473732e-06
1.93200063354363e-06
1.9071695193477e-06
1.8414756697661e-06
1.94485572427856e-06
1.88034241023231e-06
1.90820516212954e-06
1.82431954822419e-06
1.84443161004289e-06
1.81621583838416e-06
1.96087260561151e-06
1.95563855717203e-06
1.82129958874116e-06
1.93301988332576e-06
1.9170499610011e-06
1.74341292641488e-06
1.88370869392437e-06
1.9127674620778e-06
1.81086534090257e-06
1.906958413788e-06
1.79438081971316e-06
1.8797639877065e-06
1.83153097438656e-06
1.90126325959438e-06
1.95805431715149e-06
1.79651718063427e-06
1.86975157000653e-06
1.87586853668501e-06
1.85151892294819e-06
1.97541229208025e-06
1.86681177745313e-06
1.82610592525166e-06
1.88006244470154e-06
1.84231167558192e-06
2.02626616942967e-06
1.87337600298252e-06
1.9021913679132e-06
1.86155817068103e-06
1.8476230455824e-06
1.96327956208563e-06
1.87354194958099e-06
1.85399090773922e-06
1.92053573304006e-06
1.8841409303289e-06
1.96627779747666e-06
1.77884232932051e-06
1.84546226170173e-06
1.90159552390121e-06
2.00051288260704e-06
1.93062009941408e-06
1.88822690479898e-06
1.95455508128004e-06
1.88050973845747e-06
1.8172810356054e-06
1.72915784974248e-06
1.88112941430872e-06
1.7748892017963e-06
1.90551240901361e-06
1.86851610804438e-06
1.90987336358397e-06
1.87889584883207e-06
1.86862553397658e-06
1.95733775699276e-06
1.87928553256533e-06
1.7969808484605e-06
1.86359401428261e-06
1.83900538094153e-06
1.89002236796626e-06
1.89492634598543e-06
1.87048362607225e-06
1.84332258108344e-06
1.82570401165142e-06
1.87686886037262e-06
1.88439513213129e-06
1.8520278594437e-06
1.80196170559077e-06
1.97206347177625e-06
1.8246834221712e-06
1.89389342833373e-06
1.74070875329819e-06
1.89484700391823e-06
1.949743694648e-06
1.9005235693235e-06
1.83474320981562e-06
1.91636672868383e-06
1.68789356271601e-06
1.83105259817162e-06
1.82777514259524e-06
1.84987501376635e-06
1.89222244509414e-06
1.91089284041288e-06
1.94543058987855e-06
1.85823836008954e-06
1.99147331888405e-06
1.80729309130035e-06
1.7856309353478e-06
1.86514962978894e-06
1.8827688628581e-06
1.94380138001978e-06
1.89253271813538e-06
1.84043451330025e-06
1.79065574777678e-06
1.85971565458915e-06
1.9202197424212e-06
1.96439443183112e-06
1.79761983113116e-06
1.82029402238147e-06
1.91015323262167e-06
1.9013000865515e-06
1.87687479381922e-06
1.8608561529795e-06
1.82187616252921e-06
1.70014465899396e-06
1.8054639404478e-06
1.83230792265393e-06
1.9254997316235e-06
1.88765830447678e-06
1.87034556405319e-06
1.8283926036465e-06
1.8044781197096e-06
1.85989390041672e-06
1.90184064886832e-06
1.9107865498385e-06
1.87667747175225e-06
1.96600101735419e-06
1.90204520650069e-06
1.90689515758053e-06
1.81604634178203e-06
1.83061354885718e-06
1.85145973629438e-06
1.91636375760711e-06
2.02719336283942e-06
1.94181467956571e-06
1.75482211748336e-06
1.82940932517956e-06
1.88865055760087e-06
1.99135777611686e-06
1.89225579450962e-06
1.90474150723803e-06
1.7698898183241e-06
1.90030129226108e-06
1.88416801133989e-06
1.79027065392712e-06
1.7944663076664e-06
1.82146650140216e-06
1.87677804504017e-06
1.8627723003171e-06
1.84889026826424e-06
1.82728716225102e-06
1.77596027768358e-06
1.90023359784658e-06
1.83934175901552e-06
1.87311923004883e-06
1.96452271441417e-06
1.8984810879783e-06
1.84453213222901e-06
1.7628659379462e-06
1.91322702273149e-06
1.86022848317745e-06
1.88234468891937e-06
1.83059361714944e-06
1.90878605302686e-06
1.89086358965355e-06
1.83360776960526e-06
1.83349937714203e-06
1.782602689769e-06
1.90439914898442e-06
1.96325118843771e-06
1.83754078534292e-06
1.83719637518877e-06
2.00101340476371e-06
1.93854875348688e-06
1.98226700292766e-06
1.79450554039618e-06
1.82994878760118e-06
1.88441466246923e-06
1.76188359625575e-06
1.93902602691519e-06
1.78644277233257e-06
1.88959375720145e-06
1.87604709572807e-06
1.89045486171519e-06
1.98779415073397e-06
1.93205706805993e-06
1.78525243334847e-06
1.80551200741772e-06
1.78676106759943e-06
1.83040395211624e-06
1.91170053362698e-06
1.91350618031515e-06
1.83313403624041e-06
1.7667469903249e-06
1.93455213428498e-06
1.8004650793626e-06
2.02243441929054e-06
1.77956480752752e-06
1.85004025246051e-06
2.00712573737434e-06
1.77597709644756e-06
1.89047077196535e-06
1.92847584461983e-06
1.89079980380352e-06
1.83190885012441e-06
1.81824795833091e-06
1.90283798860055e-06
1.85784523987227e-06
1.95045388766409e-06
1.95001316781874e-06
1.76241203236947e-06
1.81458261614992e-06
1.88882232160816e-06
1.91388931107514e-06
1.79331600085945e-06
1.84741200341624e-06
1.94879631607933e-06
1.82518717398603e-06
1.85194010834184e-06
1.79620109125208e-06
1.74075104898635e-06
1.88122792027117e-06
1.99821582298556e-06
1.8214761006527e-06
1.87119343991594e-06
1.84866761377852e-06
1.80729769636657e-06
1.86195480054086e-06
1.91432137138091e-06
1.89040384583377e-06
1.96715126774218e-06
1.83089018141617e-06
1.87688516082136e-06
1.9046419675061e-06
1.91797501354953e-06
1.84792236916793e-06
1.88328292291083e-06
1.84869625996017e-06
1.90231642353166e-06
1.92500870438738e-06
1.90121079485562e-06
1.81490022275883e-06
1.88166765885354e-06
1.82598596304603e-06
