15.6515498286381
40.4469980387039
7.72090690812865
17.4867061504392
11.780700550642
56.9419528470753
2.07863432117119
35.4621138069269
22.4664099324837
35.9907621593411
30.3722291332178
35.4381470033677
30.3722291332178
39.7288300876116
7.22307963686217
23.8807329293013
18.7396870647626
47.6010743976394
23.737905303391
8.06435275889271
46.7660456906515
77.1855684386228
36.1614312625734
55.3147640605057
15.5866644720309
46.7660456906515
21.8241651267354
7.7425854233104
15.826434278224
7.22307963686217
21.7763003708042
19.4739935876278
0.43122567447017
37.4984734158716
21.8241651267354
14.9895467029273
17.5756226363355
2.13929923882051
14.9161796481658
24.8347209817366
35.447901839043
2.94570024744144
0.0952306813678661
17.1912448823387
21.3685906751389
9.63170379654366
3.67209466094528
11.8631474791509
9.33707864690996
46.1854891837884
3.20926426634014
35.0300358578334
27.4425147409383
36.2725513466357
3.42591299062724
0.855215082373434
10.5438462426027
12.1297562704085
54.8128839627534
40.6732706379607
35.8723324274415
17.2688355889441
0.642028618740824
35.107908806076
7.98511012981226
40.6732706379607
5.09971289902114
11.6856123387479
40.6732706379607
7.92040916083988
2.54235107968839
2.65197966717415
11.8631474791509
18.4197249805511
47.6010743976394
56.265953666807
56.1848425189637
56.4370441507326
39.7378002617952
55.4006408789755
17.4817645441053
0.641189719525755
46.1854891837884
18.7556938910075
18.7786192451131
4.80633344136459
21.3531592077943
55.0987579185639
39.6368317560082
3.60035707628799
55.0987579185639
36.6839089186706
1.83898896891287
16.4918201391474
11.3484046975373
14.0377954234532
17.9823668490917
35.6099254182573
5.01837222764289
11.063521027716
8.74440498614285
0.30290412498789
46.1854891837884
37.2309091275711
2.94570024744144
50.0574760485197
51.6090978051889
56.265953666807
40.2637530389311
5.67603486934149
37.536636392384
1.51276223725972
4.08824398908109
7.22307963686217
2.61660659791232
36.1614312625734
55.8160067239314
17.9749684955168
13.594645779558
19.815568464468
36.9806220220198
77.1855684386228
36.9806220220198
15.8529572618027
6.13811435676507
17.7876148735631
8.71657005668612
31.6416894472504
56.1848425189637
0.710656998842751
15.9947605034777
93.6574170354543
33.8084649560969
55.3567316204208
15.661913878108
25.6782686426468
93.6574170354543
2.62942412350185
21.1823199336923
48.4176188622987
13.0833551774795
19.6318131131666
22.4300952570629
20.9756948773065
25.9617069794404
77.1855684386228
2.58889974348085
14.3569346581171
10.4505639161598
21.6973618917
36.3423003629214
10.6007519276363
28.8847560568429
20.0388736193145
24.5100733916697
7.29099363847217
14.1631148366414
47.9416551013092
2.04988141431568
73.33361974117
15.8381807578207
11.1861505134198
7.61289181298525
39.4973321844936
11.4873993287947
16.4271410939946
16.9226883163738
23.5571460257925
25.191654482549
13.594645779558
93.6574170354543
55.6320755086581
12.1957121083051
14.8879417121825
37.1186539510672
4.21775995366079
6.33909165796877
18.7556938910075
7.69287919264843
21.6092460595082
36.846936477672
15.6515498286381
37.2309091275711
1.74853915706217
3.42591299062724
3.77098766253675
19.3491519310137
56.1267903263451
5.61919653104451
6.52612616122997
18.1038888021185
21.4242126266981
37.2309091275711
51.4343639127583
10.6007519276363
3.39379559114923
7.35243699926468
1.51276223725972
9.67978118773317
56.4370441507326
25.4606271614466
40.2637530389311
18.9744572174168
17.9749684955168
2.49353113513462
11.2331909699506
21.683792769385
9.53109992100008
11.6503196792842
3.20926426634014
32.1474474113338
16.6686042212841
1.99946840208395
5.75298879599222
10.1892586890808
19.3908589265066
14.8525223065299
3.69583462296578
39.7288300876116
2.53901128597408
4.83187034598677
13.8729685002036
9.81250366243057
20.4894182781954
37.1186539510672
18.7173523753227
56.265953666807
-0.944646578398078
11.3672868174726
35.447901839043
11.0049613066758
6.52612616122997
56.1267903263451
21.6624237831265
56.8906709742096
17.7876148735631
15.9008287007646
4.13227639965226
2.8322705540495
21.5823349063048
56.9419528470753
2.6111471564941
14.1775921349399
55.0987579185639
30.3312193148886
17.9675362738326
18.5023821007399
21.5030706102352
36.9914400977414
21.1722179349781
7.87476471583796
38.5320033439148
35.8718635745645
2.53901128597408
73.33361974117
16.4372665917526
18.4539014833135
0.855215082373434
46.315545361098
10.610432094375
49.0985073864504
55.9045885275191
30.4394790184815
11.6975858564228
22.4664099324837
3.09155465314461
17.0943298169841
14.6344421788854
10.5438462426027
16.255038365568
38.5320033439148
6.29861981021349
16.2115992006566
15.661913878108
30.3722291332178
55.8019690142137
56.0978495747713
3.42371973269383
2.34239761615481
26.0910057326946
30.4394790184815
22.4664099324837
46.1854891837884
56.6148719116591
36.8106784333831
0.437578121770912
21.5823349063048
29.1236187825434
20.5394913536093
18.1038888021185
7.02985566227744
17.5756226363355
4.77173646295614
37.1000092679515
7.31934509295479
11.4873993287947
55.0987579185639
35.447901839043
45.6872264812928
56.8906709742096
-0.427510701235406
21.900836577619
17.5756226363355
16.5321564642873
1.99946840208395
21.7793356931234
11.4707259673933
10.2868310773956
54.9421069614345
35.4621138069269
0.0952306813678661
1.26149283701079
21.683792769385
17.7907354742529
25.7525231734508
6.1508081977463
18.2501359556154
13.0833551774795
55.9045885275191
1.82911208759151
2.25234637123458
10.7159316847165
25.1527991676576
54.0710853150722
19.7968004603226
16.1495962858462
50.5694107088384
16.5334744352804
3.05778234951777
12.1957121083051
6.31271102254686
1.61227970690788
45.5885284138021
9.63170379654366
56.6148719116591
10.940279219727
23.5858327804253
19.1221669742445
46.7660456906515
17.8623540657927
36.608351845447
15.0042338244998
21.3531592077943
16.5362902552642
36.4611165576589
27.0143688760327
55.6132230674993
27.3685249501978
39.4973321844936
3.42591299062724
21.2563643183094
1.09754548625278
8.24522231469928
27.9081009538313
9.53109992100008
4.77173646295614
17.9218875239521
27.4075250743435
16.6339764886234
23.4377916395006
48.0661746504829
10.2868310773956
21.6624237831265
35.0300358578334
0.650805725985265
29.3300956200192
48.8184058424486
19.0093676446413
4.35474293471952
6.91732001969558
15.560539248605
7.61996199924806
36.6410477608169
21.8241651267354
35.4381470033677
7.4930302690691
16.1344464900203
56.6148719116591
16.8730428435047
37.3098395111956
9.63170379654366
20.3974836349271
35.9907621593411
20.5218929255861
17.0943298169841
7.35243699926468
2.04988141431568
13.3336291109035
8.03635858212783
9.64217475419264
15.9008287007646
7.52313758794617
43.8401138200425
23.5858327804253
37.142904111297
7.4930302690691
55.4006408789755
9.64217475419264
10.6007519276363
27.4425147409383
28.5507219538013
5.07161629402981
12.3427517759046
20.881355477025
21.3355798250004
23.8807329293013
19.3424547071154
37.4984734158716
8.27423305504362
39.7119384080415
22.2040698131641
17.9218875239521
6.09385883372715
55.2756228966755
23.737905303391
6.93547073560512
55.9045885275191
18.4277226822705
40.6732706379607
2.44532122711007
1.98087092372589
16.4332306681317
21.1823199336923
7.21924052473059
1.53098683287317
36.608351845447
19.7457769848379
1.21073744037267
14.1202705681389
54.9671562859694
2.36685224860344
25.6782686426468
2.25234637123458
6.96443008638425
19.739480949549
19.0177078032448
21.8724272084419
1.99946840208395
20.9696301108888
10.2296008908224
5.67603486934149
56.4370441507326
14.5822818018123
21.9875187061116
16.9226883163738
40.7535090248439
6.82639004226894
30.9229237467734
9.80528188068274
12.15830063264
19.5967885280479
36.608351845447
25.1527991676576
56.7753911519758
49.6202818016764
8.40283917814577
6.92260394918821
36.0649101962372
34.2898402588926
1.61227970690788
16.4620014400698
7.31934509295479
18.2501359556154
31.3020586723751
10.1892586890808
19.815568464468
11.6975858564228
35.4621138069269
20.4894182781954
15.389245807155
4.45572859768981
21.9708437690897
21.900836577619
13.4190354526454
34.8103567257585
14.5822818018123
21.1539621433531
37.4267447494713
12.0764181748063
19.3424547071154
39.7119384080415
11.4707259673933
43.5670825493044
16.5362902552642
2.27541295531319
55.8160067239314
2.65197966717415
47.0977054151354
1.74853915706217
23.1014062772811
25.1527991676576
14.8879417121825
12.267152190916
16.1495962858462
9.33707864690996
37.1650215100417
22.0788469674626
21.4242126266981
27.9081009538313
14.8847427957389
55.8715264684906
2.53948042353932
56.1848425189637
2.62942412350185
2.61660659791232
2.8280724116803
18.2961836977447
17.9749684955168
35.7509832992055
16.2983087138455
17.9218875239521
36.608351845447
15.6515498286381
93.6574170354543
46.1854891837884
16.1495962858462
12.267152190916
4.14829275164402
18.7396870647626
11.1451663404005
10.7159316847165
35.447901839043
21.8241651267354
35.8523806115591
10.120841915862
35.3413768880728
56.4370441507326
56.2405942481528
54.0710853150722
18.8002625983208
16.8646314652942
11.0376911521571
54.0710853150722
18.9744572174168
35.4621138069269
28.8847560568429
15.661913878108
2.75828276132006
37.1000092679515
55.6132230674993
8.06435275889271
10.6007519276363
14.994626502672
52.8113560685688
3.53403656877799
36.1614312625734
55.6132230674993
-0.53121379525669
22.4450276592088
55.3567316204208
12.0480890291437
36.6354495000814
9.5990127633072
46.7660456906515
12.15830063264
9.81250366243057
21.683792769385
18.0052902536154
2.54457238370469
8.24522231469928
16.5321564642873
3.12277972616153
12.4426976784575
21.683792769385
4.77173646295614
21.3685906751389
6.44781710444659
27.4425147409383
56.265953666807
1.91465927588615
6.56134170421137
21.9875187061116
22.2040698131641
4.83697826896287
20.9208026895749
11.4161798920718
55.6320755086581
77.1855684386228
35.8723324274415
22.2040698131641
16.4108438170761
18.7396870647626
55.6320755086581
93.6574170354543
11.2167668092238
35.0542502251083
11.0750085568943
12.2825874877599
12.1957121083051
3.42371973269383
55.2756228966755
17.2688355889441
10.2296008908224
17.2688355889441
26.988328992622
7.7425854233104
3.69355518883867
18.1090567255042
37.536636392384
0.57020915057501
56.826412254979
40.4469980387039
55.8160067239314
11.0750085568943
10.610432094375
39.7119384080415
46.1854891837884
56.826412254979
56.1848425189637
3.0338519435154
3.20926426634014
22.2040698131641
8.24522231469928
10.0020218652708
26.0920282150073
16.1495962858462
2.44532122711007
2.13929923882051
35.4621138069269
8.27423305504362
23.5858327804253
23.8807329293013
10.1725238327135
10.1443740585783
56.826412254979
1.12096415100768
40.2061766964689
14.8534110934161
8.24522231469928
23.8807329293013
0.540239892975933
13.49892584792
27.4075250743435
14.8525223065299
1.41422459004298
10.0020218652708
45.2980762185889
56.265953666807
4.35474293471952
18.7173523753227
-0.777542831688152
55.4006408789755
10.1892586890808
7.45373440718276
53.8058423321309
7.31934509295479
14.9799833968705
56.4370441507326
0.249077441984582
15.5866644720309
15.334122977094
23.1014062772811
13.4190354526454
39.7160389309774
12.15830063264
37.2309091275711
17.4817645441053
1.61227970690788
11.1357548908436
-0.944646578398078
21.3531592077943
53.8058423321309
21.3355798250004
18.2961836977447
93.6574170354543
39.6368317560082
15.560539248605
46.315545361098
37.3098395111956
29.1236187825434
23.5571460257925
21.0108385511794
12.9947153966978
15.6101200703147
2.53948042353932
14.5492931451263
14.9161796481658
7.78265479384845
48.0661746504829
36.3423003629214
4.92805103017645
36.2954620264609
54.5642726289134
3.20926426634014
20.5218929255861
36.8106784333831
40.6732706379607
15.389245807155
40.6371490880283
13.594645779558
27.7743875787237
56.6148719116591
0.477206035790232
17.2688355889441
29.1919543462864
20.5394913536093
56.4370441507326
55.3147640605057
2.92527009614787
12.15830063264
51.4383380377803
21.683792769385
54.8128839627534
2.53901128597408
11.1357548908436
21.683792769385
19.7451178235915
55.8715264684906
4.66698561414569
16.8730428435047
8.95433282788599
55.3567316204208
56.6148719116591
35.0170710121638
12.1297562704085
10.1443740585783
1.42993485212128
54.9421069614345
14.567426812866
17.7907354742529
1.26787516569379
14.0287314738516
6.53851221272726
6.45100541135298
15.560539248605
55.8160067239314
16.9226883163738
55.7349710520157
35.7509832992055
15.661913878108
49.6202818016764
36.6410477608169
12.0271756697193
17.9218875239521
73.33361974117
3.67209466094528
36.3423003629214
15.0274630991962
18.079472741365
19.6329487420808
22.0651687100471
11.2331909699506
77.1855684386228
46.9788220082373
5.66013344960197
31.3020586723751
4.14829275164402
40.7147582116177
7.22307963686217
21.5740364622961
36.0649101962372
27.9081009538313
36.3355752819043
10.7261589645732
1.91465927588615
21.4242126266981
4.35474293471952
40.6371490880283
46.1854891837884
24.5742293141848
5.61919653104451
26.6221947997774
21.2563643183094
40.7535090248439
7.4930302690691
55.8019690142137
43.5670825493044
19.3424547071154
17.0216457437364
8.24522231469928
29.5506871698544
14.2386956833789
2.1356796144587
21.7793356931234
23.5571460257925
17.502193182153
0.540239892975933
21.3531592077943
37.1000092679515
39.7288300876116
21.6092460595082
3.42591299062724
21.6624237831265
22.2040698131641
11.0750085568943
55.4006408789755
37.2309091275711
7.22307963686217
37.8699821895989
10.6567047037961
14.5492931451263
0.540239892975933
36.5982570654451
39.7378002617952
21.5823349063048
2.53948042353932
15.8529572618027
10.4475193053349
36.846936477672
17.5769399961264
4.13227639965226
45.5885284138021
14.9161796481658
35.8723324274415
18.5023821007399
21.0662027706894
14.9161796481658
40.2061766964689
14.8847427957389
10.7261589645732
14.8534110934161
16.0480171439813
11.6503196792842
16.3845743406564
5.10474484993892
54.5642726289134
24.2216287844167
36.3355752819043
21.7793356931234
8.08437684497585
31.9498835859404
16.4271410939946
45.9584310574992
2.63369551592859
11.6975858564228
3.42591299062724
4.21775995366079
17.9823668490917
11.3672868174726
93.6574170354543
23.5571460257925
19.815568464468
21.1823199336923
36.6410477608169
14.9161796481658
21.8724272084419
18.4210354748111
77.1855684386228
1.88035797155771
20.6073476919883
3.87036542655051
6.56134170421137
3.68634262075784
16.4271410939946
10.610432094375
9.63170379654366
8.64198859517319
30.4394790184815
46.1854891837884
35.3909671385973
3.48260946500068
55.2756228966755
31.3020586723751
2.27541295531319
13.8729685002036
14.2386956833789
9.5990127633072
56.265953666807
34.2898402588926
5.22731938780362
9.64217475419264
9.81250366243057
46.315545361098
20.4381784521811
21.5823349063048
-3.3410827530156
9.63170379654366
73.33361974117
55.8715264684906
1.51276223725972
12.1957121083051
14.0287314738516
36.3423003629214
54.6142037849204
17.8481559544207
6.92260394918821
77.1855684386228
23.5858327804253
8.95433282788599
22.4450276592088
35.107908806076
22.6174800299705
20.8416288148255
20.3974836349271
1.15140160101691
30.3722291332178
39.4973321844936
7.02985566227744
10.6567047037961
11.6975858564228
37.1000092679515
10.3300107030673
21.5740364622961
40.5758376941012
2.25234637123458
1.51276223725972
21.3531592077943
1.41713453932834
6.92260394918821
19.0177078032448
9.63170379654366
30.9229237467734
20.5394913536093
19.4739935876278
16.6339764886234
2.53948042353932
9.5364615284825
3.68634262075784
46.956728956402
18.1090567255042
1.26471801822254
48.8184058424486
11.5644723945775
20.4846816135469
56.2405942481528
21.8241651267354
30.1274348891238
54.9421069614345
4.9809972455605
21.4242126266981
36.8106784333831
77.1855684386228
26.478222409582
3.1925176840009
18.2501359556154
36.846936477672
3.71788489178471
77.1855684386228
21.9708437690897
15.334122977094
4.53418552161747
2.53948042353932
1.1768896584631
8.51728522492431
5.03625342785745
39.8260569443446
28.0724209177679
12.15830063264
48.4176188622987
56.9419528470753
2.55526398686652
40.9949394349496
2.34239761615481
35.3909671385973
36.2954620264609
56.8906709742096
55.0589568617215
10.5237267789289
4.68666439846447
18.8002625983208
35.6099254182573
12.1873084563704
36.6354495000814
12.6181548812237
10.2868310773956
45.9584310574992
8.19624339446318
28.3994299992191
18.9396573533959
54.0710853150722
40.2637530389311
4.48180816016747
73.33361974117
17.7876148735631
55.8019690142137
1.15140160101691
8.95433282788599
37.1186539510672
35.7509832992055
38.1940161947878
29.3300956200192
10.2296008908224
10.6007519276363
12.4801818712704
17.5756226363355
21.8724272084419
56.9419528470753
10.2296008908224
6.46024697548819
21.3685906751389
21.119960482737
19.6318131131666
21.3408451100968
21.6973618917
16.2115992006566
16.4332306681317
27.7743875787237
2.27541295531319
23.5571460257925
15.0562945504562
23.3281439018483
1.1768896584631
10.610432094375
15.5866644720309
1.03495158162877
12.9947153966978
19.739480949549
39.6368317560082
2.34239761615481
28.7534811274891
