2.30286462285638e-06
2.5475394212656e-06
2.11841644015626e-06
2.53822533810649e-06
2.16756381416875e-06
2.16433889327344e-06
2.25867133665789e-06
2.35038701178817e-06
2.18996804370416e-06
2.51513553918644e-06
2.24294254759083e-06
2.1922875547772e-06
2.19497425758261e-06
2.43349419269623e-06
2.06883245166091e-06
2.67100236629783e-06
2.44384920680209e-06
2.13275553600208e-06
2.29726178951282e-06
2.16628708545856e-06
2.0003976125412e-06
2.29247879485725e-06
2.24219076267263e-06
2.70085202492195e-06
2.18778003571106e-06
2.12925354776615e-06
2.16341625447881e-06
2.24571114863687e-06
2.16799268000738e-06
2.11135168723411e-06
2.31680038718252e-06
2.39243783022714e-06
2.30245005631231e-06
2.22405646624669e-06
2.3456275782612e-06
2.6501249813316e-06
3.25403048154573e-06
2.10152642670989e-06
2.07983282702234e-06
2.27648764660583e-06
2.14895298674574e-06
2.14071848939439e-06
2.20211866786018e-06
2.3628185721093e-06
2.15577477262064e-06
2.26957283923901e-06
2.25062328161794e-06
2.17446154989923e-06
2.48433953542808e-06
2.29478798626921e-06
2.26377083393399e-06
2.23938996554157e-06
2.15400668721168e-06
2.32858443054758e-06
2.3246437808718e-06
2.47571346074548e-06
2.39481490633868e-06
2.35679048189649e-06
2.15481442237265e-06
2.20396122116564e-06
2.30469999483638e-06
2.08028744722326e-06
2.36676695537424e-06
2.27103477985761e-06
2.40228584492808e-06
2.12404809958759e-06
2.24848515789878e-06
2.15654558641594e-06
2.26583307588163e-06
2.18688966305997e-06
2.15490244303233e-06
2.23341281367283e-06
2.39665711842279e-06
2.4695118137953e-06
2.61086263816828e-06
2.28308391109637e-06
2.0443646872703e-06
2.05390386338727e-06
2.06746248745043e-06
2.09342966756908e-06
2.10104550562883e-06
2.24123856853333e-06
2.07977972557055e-06
2.2408692957217e-06
3.07787699358287e-06
3.20338377026682e-06
2.14802453655254e-06
2.43371637760307e-06
2.16685051791696e-06
2.18048469078472e-06
2.27073069347489e-06
2.11055863033236e-06
2.50189685223683e-06
2.01952242519521e-06
2.27874120289726e-06
2.28845456298524e-06
2.14849529044746e-06
2.26644668338784e-06
2.20958695584132e-06
2.19463533249647e-06
2.11523715657099e-06
2.29288513374303e-06
2.0538648612643e-06
2.14852519457432e-06
2.95512114148068e-06
2.2269454806963e-06
2.12782170456445e-06
2.20532814642785e-06
2.19728816877264e-06
2.18412658812212e-06
2.12735109317025e-06
2.58857375921037e-06
2.13460056304502e-06
2.60102816606294e-06
2.37710829848233e-06
2.17887049946444e-06
2.17065807383695e-06
2.33274969275424e-06
2.21080307140496e-06
2.36313230130897e-06
2.33962605999718e-06
2.37162245463795e-06
2.18429403231264e-06
2.14463519822322e-06
2.61472590832063e-06
2.12187106011773e-06
2.51823487335759e-06
2.07397532597472e-06
2.2812220439654e-06
2.24072361107563e-06
2.15630085367902e-06
2.3652450934176e-06
3.16123808750398e-06
2.20938434772688e-06
2.07120337519767e-06
2.1413728584396e-06
2.30805381279144e-06
2.05609749669354e-06
2.18726542210265e-06
2.09945304511511e-06
2.20909871476682e-06
2.13798545910842e-06
2.38644046749199e-06
2.18371812400353e-06
2.11381746870284e-06
2.16124884847132e-06
2.37579697195716e-06
2.11427128334061e-06
2.04131703392476e-06
2.22734547821455e-06
2.18771498643903e-06
2.12497156835928e-06
2.33467556562638e-06
2.15939085406011e-06
2.18473494817906e-06
2.08890043148489e-06
2.21419649379806e-06
2.07943850413325e-06
2.04041587599041e-06
2.12964043105312e-06
2.10043747176165e-06
2.27138584627485e-06
2.32295440733843e-06
2.41234646882268e-06
2.13108679877518e-06
2.52187140519952e-06
2.11634676606976e-06
2.17777856857547e-06
2.26621813900181e-06
2.168942696317e-06
2.12938821294561e-06
2.30710098706076e-06
2.15815277921813e-06
2.05494896994162e-06
2.23020043189786e-06
2.42700990652085e-06
2.05417787707012e-06
2.04702718665397e-06
2.39576382764256e-06
2.0860668884737e-06
2.19470611862738e-06
2.18461220241211e-06
2.6224518143414e-06
2.04471518137414e-06
2.52531411681815e-06
2.0262858410346e-06
3.08721000148307e-06
2.24970661991512e-06
2.29409214663294e-06
2.12508900914315e-06
2.19424829093504e-06
2.12866543117689e-06
2.11051190879988e-06
2.4346007760614e-06
2.26308150983174e-06
2.24200262028626e-06
2.35736852821487e-06
2.30269460823628e-06
2.32308751079627e-06
2.25592626822006e-06
2.32216802040614e-06
2.29255099241274e-06
2.47209513375928e-06
2.17992769960829e-06
2.20551286789943e-06
2.30922368404646e-06
2.16571590797276e-06
2.08604326754358e-06
2.61723959305328e-06
2.10525076387972e-06
2.26877224826845e-06
2.24077617843863e-06
2.11260024137546e-06
2.15715115838254e-06
2.40364453475613e-06
2.69116915733032e-06
2.14393851143177e-06
2.18070539673955e-06
2.20680983451405e-06
2.09152459455518e-06
2.60139877297889e-06
2.44305952115755e-06
2.25329325512031e-06
2.41663340386046e-06
2.22960859700291e-06
2.27921562218953e-06
2.27582777080336e-06
2.37408508262382e-06
2.33340817633757e-06
2.19656561227592e-06
2.17889392804425e-06
2.23138720561287e-06
2.18526227363846e-06
2.16926591437952e-06
2.14220581228013e-06
2.34690925449175e-06
2.16504438822242e-06
2.26372005659448e-06
2.21360150073122e-06
2.25287514996382e-06
2.38582244359058e-06
2.24854043205954e-06
2.66295472305821e-06
2.04671595820311e-06
2.19807769141001e-06
2.13044939294014e-06
2.20513839281691e-06
2.1131063130768e-06
2.04420743927412e-06
2.5667442043919e-06
2.10010150553995e-06
2.12696439853719e-06
2.29269393881624e-06
2.39540859923609e-06
2.55256457229512e-06
2.36970701472787e-06
2.10332694594636e-06
2.21423420228665e-06
3.25332954207221e-06
2.27291500363819e-06
2.0861707906581e-06
3.08707468700648e-06
2.15026339093874e-06
3.22004988280905e-06
2.17786679953493e-06
2.0965778584789e-06
2.21728390597157e-06
2.10419511382184e-06
2.09535995909456e-06
2.12413650860509e-06
2.31229341218678e-06
2.08443703345608e-06
2.14542694829232e-06
2.15018517349236e-06
2.21525211377147e-06
2.17461229014167e-06
2.23697074696533e-06
2.21101522542052e-06
2.12190564318531e-06
2.28454531998523e-06
2.25466372833852e-06
2.1660566068029e-06
2.48169381521652e-06
2.16594760493977e-06
2.24790118543409e-06
2.66494531473107e-06
2.23276318200099e-06
2.40056374081172e-06
2.47521456212041e-06
2.28850794474676e-06
2.38239753385651e-06
2.15921440036629e-06
2.17186606156231e-06
3.0560300938812e-06
2.28311849029193e-06
2.19075293361192e-06
2.08837724605849e-06
2.18342603452808e-06
2.10931206334205e-06
2.34309308985407e-06
2.22501940155824e-06
2.34001728841006e-06
2.26405915604561e-06
2.13194198848934e-06
2.2361215531172e-06
2.19653227520232e-06
2.21806806918368e-06
2.21237328037511e-06
2.13995756029377e-06
2.20516609936645e-06
3.11078831234248e-06
2.2687882672512e-06
2.13765397680595e-06
2.29589202364958e-06
2.12528262686839e-06
2.09531083616355e-06
2.22037787097023e-06
2.18532421048363e-06
2.14256136031228e-06
2.35634073694984e-06
2.08415157235292e-06
2.16098523678984e-06
2.17230770515949e-06
2.24496727432191e-06
2.20568014815998e-06
2.24072370819456e-06
3.07483150693944e-06
2.06407492266348e-06
2.12652122763666e-06
3.04012296117329e-06
2.25128964905583e-06
2.31947902052959e-06
2.50961446499147e-06
2.42913931917853e-06
2.43246503882469e-06
2.20577928680028e-06
2.05402095569622e-06
2.14961700334932e-06
2.2287725769278e-06
2.26887128258661e-06
2.06581073956973e-06
2.35351290808248e-06
2.34851984765408e-06
2.11004547502525e-06
2.17845371694631e-06
2.18334363556224e-06
2.44438610362388e-06
2.23827453530198e-06
2.62361112307036e-06
2.21044314121421e-06
2.70401598907714e-06
2.22807960593383e-06
2.03344342799919e-06
2.32257617758557e-06
2.13199864211815e-06
2.26279107637393e-06
2.36133166353831e-06
2.19111101025661e-06
2.26385098651669e-06
2.26531672979226e-06
2.25944954314821e-06
2.45972625770069e-06
2.48543059482237e-06
2.2426637243081e-06
2.39397151628935e-06
2.10539425093244e-06
3.30790578454975e-06
2.22516628240393e-06
2.16958899895853e-06
2.09065187917221e-06
2.19490236413127e-06
2.13069884645591e-06
2.16048971679495e-06
2.99740868902108e-06
2.20895524913387e-06
3.20489977693748e-06
2.26502152903482e-06
2.11275870262277e-06
2.28831089479997e-06
2.45541587958822e-06
2.11974276556646e-06
2.44697966929489e-06
2.15299031170879e-06
2.06248619132472e-06
2.33881347533496e-06
2.14095504233915e-06
2.13152563328848e-06
2.36648356816705e-06
2.06540820853259e-06
2.16245527815826e-06
2.50569959944824e-06
2.0313301653583e-06
2.01253622371599e-06
3.22112227124095e-06
2.08385981074759e-06
2.1341604642569e-06
2.33538879990527e-06
2.32005007834169e-06
2.08183065249943e-06
2.14485513322759e-06
2.23964497515426e-06
2.06053498415212e-06
2.24808204110197e-06
2.14943235067791e-06
2.46601804087427e-06
2.44085220236647e-06
2.11213055492095e-06
2.33932388717295e-06
2.40988240317496e-06
2.11058630932993e-06
2.27047718907612e-06
2.28000291880149e-06
3.15639658078968e-06
2.10025468386991e-06
2.21598627301707e-06
2.25642296695954e-06
2.01941072664671e-06
2.59124033479473e-06
2.05202852645995e-06
2.40659821541006e-06
2.18718313929434e-06
2.36738289935002e-06
2.10549298437314e-06
2.34697756384567e-06
2.0329721588611e-06
2.2237797427979e-06
2.50000275575515e-06
2.3486331082004e-06
2.14698631775851e-06
2.42238419784982e-06
2.48691990177796e-06
2.45231302482436e-06
2.10904765891972e-06
2.16431686777395e-06
2.18210836975518e-06
2.31449517756846e-06
2.2190721888237e-06
2.34365203608023e-06
2.53773007318607e-06
2.24486271583223e-06
2.29489048204153e-06
2.2854729593537e-06
2.05092935594044e-06
3.08771528719228e-06
2.33648045445564e-06
2.16861161247213e-06
2.24213018273002e-06
2.52677631231473e-06
2.40389484958136e-06
2.06294486823051e-06
2.40117080156451e-06
2.27112947767526e-06
2.22330767228718e-06
2.23305324816933e-06
2.23843195027487e-06
2.16619277466897e-06
2.30574638150309e-06
2.61027899029974e-06
2.20041608011888e-06
2.98346268734118e-06
2.0645283940793e-06
2.23561110158884e-06
2.41922596528085e-06
2.16390991902701e-06
2.25047057549628e-06
2.35330747855009e-06
2.27940068120421e-06
2.15468379061296e-06
2.13432572688375e-06
2.12471627665769e-06
2.23468554494322e-06
2.13197545365086e-06
2.28124807106618e-06
2.03777374272567e-06
2.24538413084082e-06
2.17426311181651e-06
2.27385820227668e-06
2.23485807070919e-06
2.17734155224435e-06
2.23638158432418e-06
2.16522731800532e-06
2.14790744585426e-06
2.3086027032633e-06
2.21461429915041e-06
2.14759085771087e-06
2.14514717498958e-06
2.35866713946687e-06
2.12046239405081e-06
2.04630586574592e-06
2.1397391463384e-06
2.55424482948525e-06
2.14487887771143e-06
2.19868554016814e-06
3.12220245313179e-06
2.06123007034322e-06
2.4688355992914e-06
2.24222957470276e-06
2.25088313965484e-06
2.1171180395147e-06
2.27780756021043e-06
2.1232607790723e-06
2.16143191520086e-06
3.14826242839245e-06
2.06817768797133e-06
2.46930754094103e-06
2.13296726545537e-06
2.24715236483299e-06
2.02032440200737e-06
2.43276805264178e-06
2.09231779425135e-06
2.33529733110777e-06
2.37083599297761e-06
2.16250937161273e-06
2.25264892904239e-06
2.15299515692244e-06
2.05563922390167e-06
2.46817729212664e-06
2.39417802343817e-06
2.20019945388755e-06
2.25581243547579e-06
2.1204895160975e-06
2.03233482334485e-06
2.15244982831382e-06
2.05243716772223e-06
2.15994151322215e-06
2.62788022816169e-06
2.25670636838374e-06
2.31128984565484e-06
2.16969802849016e-06
2.3196609292686e-06
2.1605379723934e-06
2.08137384311394e-06
2.48269011153039e-06
2.12890129198812e-06
2.18465973769575e-06
2.22291618860024e-06
2.14794348754273e-06
2.09270688542507e-06
2.3981625918986e-06
2.22033429019129e-06
2.26134299446155e-06
2.16456581041657e-06
2.11230867487862e-06
2.05615519367173e-06
2.44035516753729e-06
3.12215092775548e-06
2.03907969788241e-06
2.07120440161242e-06
2.21779346587153e-06
2.18315976129875e-06
2.19695887707268e-06
2.31530137025709e-06
2.35813232510263e-06
3.17035448582972e-06
2.10110035203983e-06
2.30232548785818e-06
2.18533431810855e-06
2.186846751945e-06
2.04780739140103e-06
2.1766019497458e-06
2.66811853520537e-06
2.12168076157494e-06
2.29348871401314e-06
2.19678097650709e-06
2.01283757599978e-06
2.050441408527e-06
2.097237993126e-06
2.28393954434451e-06
2.38900327181702e-06
2.31146601277444e-06
2.12000634778768e-06
2.41213551733842e-06
2.41535838129104e-06
2.17515876995616e-06
2.25224882057064e-06
2.14005209066718e-06
2.28051957460053e-06
2.09324283813005e-06
2.12125462581694e-06
2.25387357646793e-06
3.01809958149464e-06
2.14288429212171e-06
2.23042225889748e-06
2.17276347903802e-06
3.29762283947629e-06
2.2349428423517e-06
2.08263464829991e-06
2.38965928836454e-06
2.26645909027014e-06
2.24231158204954e-06
2.26358725548062e-06
2.20420460274057e-06
2.53682122946627e-06
2.17797226738978e-06
2.17460888338923e-06
2.27748650697038e-06
2.22269983556902e-06
3.1262521151212e-06
2.33788398146299e-06
2.0753767962881e-06
2.15356425186884e-06
2.1968820000859e-06
2.2199752702712e-06
2.17450001387669e-06
2.65936871848403e-06
2.10887952304723e-06
2.05658918581429e-06
2.21976278445592e-06
2.16957405521477e-06
2.23023190674709e-06
2.30482844506775e-06
2.36779728722417e-06
2.33372637947499e-06
2.27580310483626e-06
2.1225088144072e-06
2.95991924574143e-06
2.25214581853675e-06
2.25030195500534e-06
2.29751310471274e-06
2.18868721485235e-06
2.08013910246257e-06
2.40567677495982e-06
2.16581616205357e-06
2.1805404972387e-06
2.16201138529151e-06
2.2872445411485e-06
2.04836329861084e-06
2.25509900595966e-06
2.07176010021664e-06
2.16060408302334e-06
2.2445786162863e-06
2.15882355362648e-06
3.23963052335836e-06
2.12034158014076e-06
2.35454652722862e-06
2.29482997609031e-06
2.32739645783613e-06
2.55664515829332e-06
2.59282494653591e-06
2.12941239762962e-06
2.18035893039081e-06
2.25376626763293e-06
2.10785067663996e-06
2.27153118342278e-06
2.19641783198471e-06
2.59094698107621e-06
2.08650439304103e-06
1.99476156501728e-06
2.15722477957762e-06
2.15614966699661e-06
2.2532258025204e-06
2.12323654399277e-06
2.20804952134253e-06
2.28231612621674e-06
2.08613688444305e-06
2.2425303362655e-06
2.46048095680783e-06
2.1108647100802e-06
2.1377154887059e-06
2.37092336830357e-06
2.17860388877036e-06
2.33387890478127e-06
2.24301352430468e-06
2.21986304509957e-06
2.14051366663426e-06
2.33292118687552e-06
2.33677395834813e-06
2.31450533452357e-06
2.21461698705508e-06
2.04374046790168e-06
2.27713532687481e-06
2.0544071729147e-06
2.0976261423489e-06
2.34284283524652e-06
2.43273991816476e-06
2.18788381593925e-06
2.57407526298613e-06
2.43981957301149e-06
2.22075261153384e-06
2.5872053888455e-06
2.14461132512067e-06
2.58268129345903e-06
2.13144558582621e-06
2.32387802503505e-06
2.14385718339694e-06
2.24049302167258e-06
2.20138766745544e-06
2.1757918048359e-06
2.29650286747196e-06
2.20219178896294e-06
2.27083924430725e-06
2.27873437545156e-06
2.27423750583376e-06
2.22127434957746e-06
2.24975984403996e-06
2.08099884245532e-06
2.137630634927e-06
2.18238479841712e-06
3.06042582330522e-06
2.48506453185563e-06
2.0529291684404e-06
2.39288146957361e-06
2.24414287829928e-06
2.23013163395505e-06
2.25505273336093e-06
2.18264526185661e-06
2.31774214685834e-06
2.29335678150883e-06
2.14380699229391e-06
2.23123252482191e-06
2.09591499413655e-06
2.15312949596621e-06
2.34172548041041e-06
2.11158339821438e-06
2.26882610813328e-06
2.24454142564913e-06
2.38359054300662e-06
2.06968457942098e-06
2.08889500082715e-06
2.47773571886445e-06
2.15507318406491e-06
2.1326322426725e-06
2.24182449805192e-06
2.29475635465675e-06
2.16388029178191e-06
2.26126804847169e-06
2.38615809484999e-06
2.12995039998516e-06
2.28024417362117e-06
3.14124890767175e-06
2.10482432423793e-06
2.18749018912099e-06
2.18358518431898e-06
2.15025705851291e-06
2.19031031389982e-06
2.44150287568636e-06
2.20268687800877e-06
2.13185219285537e-06
2.0904017268776e-06
2.16650144705275e-06
2.32667827155299e-06
2.14154402984735e-06
2.37415371345381e-06
2.28356372138789e-06
2.13931073551256e-06
2.62242383246973e-06
2.29574636994235e-06
2.19435808669261e-06
2.20511511626819e-06
2.23450499548537e-06
2.15208161714629e-06
2.42210932556831e-06
2.10651538004168e-06
2.28645806957628e-06
2.26914960994443e-06
2.07485021211401e-06
2.30608972637287e-06
2.16380740477347e-06
2.34437569776429e-06
2.10253453659112e-06
2.4155118505305e-06
2.29159229342068e-06
2.11304183399459e-06
2.1724644233446e-06
2.12133817809723e-06
2.07793930764478e-06
2.09168585959936e-06
2.96846505771445e-06
2.42553909947612e-06
2.17198091373477e-06
3.07479864550824e-06
2.1427525234208e-06
2.21429368908338e-06
2.34080276554966e-06
2.19231350926038e-06
2.33696449709252e-06
2.16678084630402e-06
2.30275475953902e-06
2.22675304526655e-06
2.26532519820321e-06
2.03823833368459e-06
2.25644399659447e-06
2.25748293436989e-06
2.07854365767206e-06
2.20619871503442e-06
2.11617289744081e-06
2.1719239880887e-06
2.04811298129773e-06
2.09486551113254e-06
2.08972850223944e-06
2.36491875528897e-06
2.23955637750263e-06
2.3022390313289e-06
2.91877241087086e-06
2.62330001957681e-06
2.25970652662109e-06
2.25429412219701e-06
2.34750604148236e-06
2.08195299859931e-06
2.26645487541338e-06
2.31400344596318e-06
2.24476665367733e-06
2.08123215691415e-06
2.33917800685119e-06
2.13279075583619e-06
2.58817628307171e-06
2.23949662582454e-06
2.48316652589916e-06
2.12227580282635e-06
2.15121947134665e-06
2.26885836422978e-06
2.52879202187751e-06
2.23933504932584e-06
2.16554538920514e-06
2.15793048914306e-06
2.2789467851789e-06
2.12818612647155e-06
2.10067540428868e-06
2.10598366752982e-06
2.40856828714551e-06
2.24446908660362e-06
2.33580813929075e-06
2.1358495619689e-06
2.28332168393398e-06
2.39429483534542e-06
2.24964259466218e-06
2.04974024295445e-06
2.06163186536711e-06
2.26813750676323e-06
2.34962890730724e-06
2.24363193023038e-06
2.1453420168414e-06
3.08505788801662e-06
2.2107139185019e-06
2.39048393201866e-06
2.6433234731055e-06
2.30304209530945e-06
3.0119839070058e-06
2.18761844587456e-06
2.12569285992885e-06
2.30194541664596e-06
2.1991430194944e-06
2.51115784565502e-06
2.27269285535916e-06
2.11643595900021e-06
2.08276570144806e-06
2.18637438082587e-06
2.080229082916e-06
2.41672571775843e-06
2.22862709217798e-06
2.21149342757352e-06
2.33473217765399e-06
2.54038620914834e-06
2.23068887189285e-06
2.11503334094936e-06
2.31611833522615e-06
2.22551666537589e-06
2.37964617505998e-06
2.33900031333021e-06
2.16950386764675e-06
2.21947628881167e-06
2.08030928490865e-06
2.22153130195114e-06
2.28839810955963e-06
2.11791914177845e-06
2.3413222694629e-06
2.22831082775919e-06
2.21265850900023e-06
2.09686336211805e-06
3.2351837450776e-06
2.22554832938981e-06
3.12569883847413e-06
2.062167319762e-06
2.10352076908199e-06
2.22494549207899e-06
2.35806753083766e-06
2.11836712545801e-06
2.63885084821081e-06
2.16739563791763e-06
2.13133937210823e-06
2.26091579163581e-06
2.19506944843798e-06
2.13619880799575e-06
2.06180709415491e-06
2.15461084786095e-06
2.18264600249416e-06
2.12890281451941e-06
2.10237266860815e-06
2.24653529909373e-06
2.11194404150101e-06
2.22480384363093e-06
2.08201186828575e-06
2.10795297860749e-06
2.15855546098293e-06
2.03025329139559e-06
2.40708737850321e-06
2.04247157660875e-06
2.2089330961738e-06
2.06957088884985e-06
2.38806704716903e-06
2.63020312111736e-06
2.25585434043288e-06
2.14941814124023e-06
2.07916241465051e-06
2.42811200593825e-06
2.09351707335423e-06
2.19197917192285e-06
2.60271279488865e-06
2.20829379490993e-06
2.4846105061226e-06
2.21978375745181e-06
2.03529097627949e-06
2.23538797643985e-06
2.27836870375068e-06
2.15869103870259e-06
2.33035739899375e-06
2.20823136426575e-06
2.39542904993386e-06
2.44164443489644e-06
2.34189453660939e-06
2.11815416219025e-06
2.28280221112063e-06
2.31817971908486e-06
3.17736082502019e-06
2.21590334667706e-06
2.16870717347691e-06
2.48132118506717e-06
2.07701531381146e-06
2.03194079535055e-06
2.15596308097164e-06
2.20357419153213e-06
2.25967259561767e-06
2.20938180806797e-06
2.18545508294378e-06
2.0691601116329e-06
2.30830645923227e-06
2.07278232327379e-06
2.12117295060597e-06
2.21475068440843e-06
2.23723213431216e-06
2.64120149028944e-06
2.11026777303629e-06
2.23558469988739e-06
2.29510049107009e-06
2.17900410383746e-06
2.11538663708586e-06
2.26697822050747e-06
2.0982259720577e-06
2.16183746355276e-06
2.99715456310692e-06
2.05400905256567e-06
2.11760031804173e-06
2.58140402630962e-06
2.27488200142467e-06
2.12218859869845e-06
2.20158627562357e-06
2.20938084987273e-06
2.15287976809856e-06
3.0807855099759e-06
2.49121530677494e-06
2.32982202535763e-06
2.5968557862787e-06
2.43341809130923e-06
2.14379005446694e-06
2.12095713068316e-06
3.09835107554043e-06
2.13056043003307e-06
2.23039281306227e-06
2.0885047829194e-06
2.15714412103646e-06
2.12374358991501e-06
2.19026743383714e-06
2.14245235520813e-06
2.30451137632633e-06
2.23034836441162e-06
2.47936916082792e-06
2.2183745267989e-06
2.24267586722224e-06
2.12027105730094e-06
2.1176292027802e-06
2.08794079496028e-06
2.14995843898369e-06
2.07688572703529e-06
2.57154758518644e-06
2.22411445636605e-06
2.07942190960009e-06
2.17070448320897e-06
2.17608817130075e-06
2.18193869291505e-06
2.22240315455081e-06
2.31018637030885e-06
2.39816080459525e-06
2.07917220585092e-06
2.20023365113811e-06
2.07080234478404e-06
2.2165264327366e-06
2.06705949204182e-06
2.12892664286935e-06
2.53603626374882e-06
2.22052151797031e-06
