0.99994034172147
0.999922728312735
0.999941125728433
0.999945113627151
0.999951084098479
0.999942526077427
0.999940794741124
0.999955110580878
0.999950648443184
0.999942968819231
0.999943063298835
0.999942569453996
0.999938967751723
0.999946191873118
0.999953256865731
0.999925298382131
0.99995473338499
0.999960092385036
0.999954039476635
0.999939822171652
0.999946990942269
0.999956507288141
0.999957620099051
0.999935850067626
0.999944043748012
0.999941292716784
0.99996521479057
0.999946670085208
0.999953165651584
0.999957212807092
0.999939110369089
0.999946486986241
0.999938109258706
0.999951208021656
0.999935762854564
0.999940112409334
0.999944867853854
0.99995232497869
0.999944005503518
0.999965714421413
0.999946304277699
0.999951342099801
0.999950521748229
0.999940313845217
0.999949060620208
0.999952500355123
0.999937862650599
0.999947269114415
0.999951488811823
0.999945763406168
0.999939640289817
0.999953133138492
0.999943824085419
0.99993256805977
0.999938174631354
0.999955173312155
0.99995368117952
0.999951937047253
0.999956496080395
0.999933315053098
0.999945908805547
0.999952667186699
0.999953987610737
0.999935671810062
0.999962795628845
0.999929721038026
0.99995531067503
0.999948681938693
0.999957765047604
0.999952414283786
0.999952586733351
0.999954849473241
0.999947319154095
0.999938981996311
0.999952543381167
0.999953654278314
0.999945041375638
0.99995415615666
0.999953724614591
0.999955451012108
0.999944339220703
0.999958410179851
0.999949846223898
0.999943793786978
0.999948336602957
0.999953148715342
0.99994719141529
0.999934412336249
0.999938638187797
0.999947447726901
0.999953320860752
0.999962331789618
0.99995635644609
0.999951705555487
0.999949443634028
0.999953288774429
0.999952013869063
0.999958599913648
0.999957135939002
0.999953502294029
0.999947558071175
0.999947126447654
0.999952715713792
0.999941968830045
0.999940691133603
0.999948407100443
0.999966287556531
0.999947644242848
0.999943352388154
0.999951652738624
0.999962384121691
0.999932267547853
0.999950298429754
0.999956611140106
0.999952188671481
0.999945608254926
0.999956064329036
0.99993451242238
0.999945525081334
0.999942861991656
0.999947143819669
0.999930351608598
0.999937343316874
0.999937075530485
0.999945706022803
0.999936547313374
0.999955262748235
0.999941274841495
0.999943371736979
0.99995073018457
0.999949898237661
0.999939089036616
0.999947988231013
0.999947022582243
0.999957223925751
0.999957759641222
0.999950200296226
0.999946731536155
0.999951931427706
0.999951702249052
0.999957406526339
0.999949269636661
0.999939718405531
0.999931476772728
0.999940324197255
0.999933336121648
0.999952896072463
0.999949476092646
0.999950439740148
0.999945646109899
0.999954933644823
0.999944155509187
0.999955394750521
0.999949974067121
0.999960897770356
0.999944484354258
0.999948351794203
0.999946781533453
0.999947441877685
0.999940870002456
0.999939399143951
0.999945772844291
0.999954022934635
0.999951919596535
0.999946741681781
0.999941803081586
0.999930988213068
0.999948387909712
0.999942820462426
0.999953640567083
0.999959554690682
0.999948676129401
0.999942904062542
0.999943056960918
0.99993877961102
0.999949503553973
0.999952381645204
0.999958006093069
0.999935988977305
0.999948645539647
0.999950590973089
0.99995551339525
0.999950685674241
0.99994690387781
0.999951846416879
0.999939831026573
0.999939368398492
0.999945913274477
0.999938633387392
0.999950286015034
0.999935466338792
0.999946146862275
0.999950473430809
0.999942152129712
0.999932817062118
0.99992835372164
0.999946758776655
0.999944317986517
0.999955205402959
0.999951704797378
0.999952065608643
0.999938386039454
0.999940706550127
0.999948684352965
0.999958090949709
0.999949126411998
0.999952629716373
0.999960016086397
0.999949191887564
0.999945464138679
0.999943848587382
0.999949791083944
0.999948661545914
0.999946120373982
0.999950096079623
0.999950475112794
0.999957626435967
0.999950471890919
0.999954421338754
0.999939147047362
0.99994735298134
0.999945497720108
0.999946257977341
0.99995029936803
0.99994466999784
0.999947034037962
0.999959873999511
0.999947731794642
0.999940010524734
0.999950210659032
0.999938552497298
0.999939685680755
0.999947797698806
0.999958264091768
0.999959591924744
0.999945557204359
0.999944478560044
0.999954800432964
0.999952550057956
0.999937235873564
0.999936227255249
0.999949312588295
0.999943433863058
0.999953897551143
0.999944460305126
0.999956743508391
0.999944900983718
0.99995777585376
0.999950738830416
0.99994591265382
0.999960137098405
0.999953161970881
0.999934598568761
0.999944257084907
0.999959396162051
0.999953392873312
0.999945617886504
0.999948480058821
0.999921454514285
0.999940491334238
0.999940382105488
0.999937467079276
0.999928538115232
0.999948298672624
0.999955154665491
0.999944130237682
0.999939644160317
0.999952505668593
0.999954945121016
0.999942420814557
0.999939049522964
0.999950672710242
0.99992380856612
0.99996069104785
0.99994177922672
0.999947265448935
0.999941274278794
0.999943336756165
0.999949607699922
0.999938998953425
0.999955589692252
0.999947037569281
0.999930900734644
0.999938320084735
0.999946156074659
0.999943777804177
0.999944676979076
0.999940052946046
0.99994392004418
0.999953392359629
0.999938776459065
0.99994224871533
0.999939267176028
0.999939845866388
0.999952250805421
0.999953563874262
0.999946489970542
0.9999461722286
0.999948336321695
0.999935134038205
0.999939052842316
0.999948727907429
0.999948582463637
0.999945785576424
0.999943159413539
0.999953830222627
0.999938414368817
0.999940981311506
0.999951117295623
0.999945313838299
0.999941066638616
0.999950464010607
0.999943213756831
0.999956038385709
0.999952513103741
0.99995840851397
0.99994491673685
0.999934916556361
0.999939397062718
0.999936391933788
0.999954916244876
0.999935939247883
0.999935491275486
0.999942205585141
0.999949273600068
0.999946361101733
0.999937714129114
0.999951562705867
0.999950788247155
0.999936636682161
0.999941240338766
0.999945088774266
0.999961953111766
0.999940423534005
0.999957556515252
0.999946193214977
0.999953657282832
0.999954660894331
0.999945764794163
0.999943586159544
0.999952461708228
0.999935159987426
0.999944250613184
0.999941936299925
0.999945286075913
0.999949231995244
0.999932251407893
0.999938733308914
0.999949539048497
0.999952144642788
0.999930289985258
0.999948247497722
0.999947292493644
0.999951834748653
0.999955543941147
0.999940242413961
0.999952607827809
0.999954361542393
0.999951869366923
0.999951215602887
0.99995609580379
0.999957667600853
0.999942615826908
0.999932694290718
0.999935549249259
0.999957454714307
0.999943006276868
0.999950746275598
0.999942440038621
0.999954685782042
0.999945868649539
0.999947974175194
0.999952123168901
0.999939476443714
0.999947242727608
0.999947946670203
0.999941181054928
0.999940550906365
0.999946612613737
0.999955792214908
0.999944351845362
0.999938439926796
0.999943191907615
0.999958236033587
0.999947985773544
0.999942183152055
0.999948030584043
0.999947019127605
0.999957835008547
0.999958362356715
0.999933385670544
0.999949884848741
0.999958215405011
0.999931921908317
0.999942810708719
0.999958431132969
0.999939890649968
0.999944915359987
0.999944443510009
0.999949072451735
0.999960902705006
0.999945178922619
0.999935023981535
0.999951705013918
0.999956055652329
0.999945664080162
0.999955595749865
0.999956984016154
0.999955272374175
0.99995229453441
0.999945899510696
0.999957622145071
0.999943708371701
0.999959549699588
0.999947347218479
0.99995040584786
0.99993887934156
0.99995651299029
0.999948993024072
0.999948395653706
0.999939755886687
0.999966594767401
0.999936804496909
0.999938415475888
0.999954055156372
0.999946062455439
0.999960095559068
0.999956603150889
0.9999563604133
0.99994632457831
0.999930384260704
0.999935347626025
0.999954403569703
0.999941348215122
0.99995689729528
0.999946975099064
0.999946475991311
0.999929300741111
0.999954139499344
0.999955375410311
0.999946503108339
0.999952590703905
0.999949430514885
0.999935614810413
0.999949780341207
0.999945136051168
0.99995595994987
0.999950322374606
0.999955529105613
0.999959534994804
0.999950841516507
0.999947302007516
0.9999449648262
0.999941703753328
0.999952677575044
0.999939049068044
0.999954181740601
0.999943921856672
0.999944997302415
0.999941833068946
0.999954734837811
0.999950230862493
0.999941078481652
0.999953340642604
0.999951324074132
0.999938572337372
0.9999579030684
0.999958912268775
0.999955670177377
0.999949989055798
0.999944754267546
0.999942460199047
0.99995028395417
0.99994567462812
0.999944524360395
0.999946561501377
0.999944932373385
0.999945903894185
0.999954151083946
0.999952029712235
0.999956189829189
0.999954692589411
0.999936747308447
0.999958085383695
0.999957485916857
0.999938820416022
0.999953477544783
0.999944543320813
0.999955755420286
0.99995391058832
0.999943055667524
0.999940160553218
0.99994462249635
0.999947107041809
0.999941621843094
0.99994420685437
0.999946525375903
0.999944371865733
0.999957056691894
0.999947482792681
0.99994665012027
0.999958974721442
0.999935283486632
0.999950727509842
0.999947756765076
0.999946312078789
0.999939257205411
0.999937706055906
0.999932717531734
0.999946127800389
0.999929562000826
0.999940993425945
0.999946913604064
0.999953406388839
0.999950379835912
0.999948710821043
0.999946454800381
0.999944036526276
0.999946381244845
0.999934208102823
0.999954889679416
0.999947528538683
0.999939719947611
0.999958654815538
0.999948266959955
0.999941833995083
0.999943648045214
0.999947858407883
0.999950184352799
0.99995577742057
0.999942257171761
0.999955112051137
0.999938195562238
0.999948926899533
0.999945382992474
0.999937332168861
0.999940980202953
0.999940318415611
0.999953463473535
0.999948623324326
0.999948215154308
0.999937392453316
0.999943097880826
0.999954981110684
0.999949043959884
0.999931664855014
0.999954780514279
0.999950878301779
0.999947781090488
0.999958361032785
0.999950669468406
0.999939190463887
0.999944791885543
0.999936321760406
0.999949670721287
0.999945362487607
0.999941023629931
0.999953592709018
0.999960050398572
0.999954355552484
0.999948307596403
0.999942342210443
0.99994568412487
0.999949197221815
0.999951712020024
0.999944728697432
0.999953605287836
0.999945640885097
0.999940791564956
0.999940392213341
0.999940007865628
0.999950980838126
0.999941422528199
0.99995229838402
0.999938546841553
0.999945905231249
0.999935908471348
0.999962169801324
0.999959880280993
0.999935817424813
0.999942338077639
0.999959667128729
0.999957183444577
0.999952984884835
0.999936285091708
0.999940520868919
0.999951384285484
0.999939673441246
0.999942195771116
0.999948868443265
0.999953314855696
0.999960992224462
0.99993974809824
0.999942207053698
0.999949242270747
0.999935064757315
0.999954356330796
0.99992537393254
0.999932253466132
0.999953775856921
0.999949015099302
0.999933766586206
0.999948888203711
0.999954033261377
0.999952321644013
0.999956294872758
0.999958701219566
0.999944820008648
0.999947500030272
0.999949259929538
0.999942327771549
0.999949896019543
0.999931059506008
0.999950127771996
0.999958458421693
0.999946172159908
0.999956562604383
0.999953519142387
0.999942161554929
0.999940031339489
0.999952088945565
0.999942688856539
0.999953445841419
0.999941818079115
0.999938237386219
0.999951080207655
0.999940105403837
0.999933517187468
0.999951885685588
0.999948412914709
0.999944895663873
0.999956561543864
0.999929598539502
0.999948433017394
0.999951930043672
0.99993645379944
0.999936482155157
0.999950932192805
0.999949375408086
0.999940634905796
0.999955943420195
0.999950596907417
0.999958505173077
0.999948057196179
0.999942036557869
0.999943351220315
0.9999485048322
0.999955273248284
0.999947428152521
0.999953694195383
0.99993390606043
0.999939246095086
0.999929129058378
0.999945655785727
0.99994797569353
0.999945549767598
0.999954177814059
0.999949860932936
0.999953761014742
0.999940741721363
0.999943509302032
0.999952718109342
0.999939515931176
0.999949700276065
0.999949982774192
0.999938470706474
0.999948703867632
0.999946841160562
0.999943812886892
0.999950961609206
0.999959341826477
0.999954084974789
0.99994726294125
0.999955717152443
0.999944938448711
0.999946604314505
0.999936711281081
0.999943683782483
0.99995661519662
0.999950761740086
0.999948257343312
0.999941792997464
0.999942670073756
0.999944026088953
0.999938729938136
0.999954055730356
0.999932031629872
0.999948713321079
0.999929450839353
0.999930963021463
0.999945937015506
0.999942658016348
0.999952001112241
0.99994778982664
0.999944577556343
0.999958176512882
0.999951095003608
0.999947816325632
0.999944389897254
0.999934921425005
0.999942580886039
0.999931455076771
0.99995263034678
0.999952362271339
0.99994802263835
0.99995128947288
0.999954771261093
0.999921154446108
0.999940906744696
0.999955547129888
0.999953950455938
0.999946891005444
0.999941699820571
0.999947227588298
0.999952189120659
0.999949798674534
0.999945867349587
0.999953058159407
0.999958784342484
0.999950504675076
0.999943633022974
0.999951321862157
0.999943031208199
0.999941591341551
0.999956664395403
0.999947864346388
0.999948595612997
0.999941850867819
0.99994940272037
0.999955200682461
0.99994636104993
0.999946351858896
0.999953334983348
0.999953935565438
0.999951513937201
0.999951454581462
0.999952132151129
0.999966118266319
0.999943966358895
0.999953902395911
0.999937822579325
0.999953573688384
0.999936507924399
0.999957379385902
0.999942721109324
0.999933449851053
0.99994852547009
0.999939649139806
0.999951826840469
0.999949763692997
0.999946216688391
0.999961067230012
0.999945640226714
0.999932887121789
0.999940411276671
0.999940724661907
0.999945621990573
0.999936964775323
0.999954436438663
0.999956460121074
0.999950858278352
0.999946680125358
0.99995389691061
0.999952000922399
0.99994418529084
0.99995062012441
0.999940382394831
0.999943827006256
0.999947212214595
0.999937339397529
0.999950519123148
0.999947450489501
0.999950055678129
0.999937543993565
0.999951970627624
0.999922212756324
0.999948308943875
0.999963729519719
0.999949280594376
0.999955267088833
0.999959763704773
0.999944654326723
0.999948383103036
0.999956552080173
0.999951393501044
0.999962700208641
0.99995977856544
0.99995944468926
0.99996038678491
0.999946134651329
0.999943812651414
0.999947797746729
0.999947904124722
0.999946430216933
0.999944527419135
0.999941998817605
0.99994697928787
0.999942837373529
0.999940392178156
0.999956717184063
0.999938181721167
0.999940699137624
0.999947036716488
0.999921491855599
0.999944867263366
0.999943074826482
0.999947822480963
0.999944911358963
0.999950184687545
0.999939342990125
0.999959980571617
0.999944084755237
0.999947645197298
0.999949218734658
0.999930823910325
0.999944833384152
0.999945995078925
0.999952276048489
0.999944122548514
0.999951144496728
0.999955382740201
0.999942222698195
0.999955633908671
0.999944468296286
0.999934647404163
0.99994584929687
0.999940475262082
0.999951418404865
0.999956998207917
0.999944889959456
0.999957369471243
0.999944380304733
0.999952996197569
0.999948767466042
0.999938440505451
0.999941061086818
0.999946434776916
0.999933004586976
0.999949497691882
0.999953135309228
0.999957973441392
0.999947849483164
0.99993047946982
0.999941733648096
0.999953049893582
0.999960247109136
0.99994616074305
0.999948155323072
0.999947559659998
0.99993973221863
0.999953908039086
0.999944749801952
0.999960203209961
0.999958558127269
0.999956987592683
0.999941333185286
0.999951768960156
0.999935171777058
0.999938878488713
0.999961370904373
0.999936086430638
0.999952141463813
0.999942059449515
0.999940739882231
0.999949261697284
0.999943082203975
0.999942470720787
0.999953903393081
0.999953624137215
0.999938645259841
0.999949909412374
0.999943431038351
0.999954898524678
0.999930550598855
0.999945621253894
0.999939796779277
0.999953939754743
0.999944781976968
0.999952356399402
0.999955855131837
0.999958308203659
0.999934960013482
0.999951644874439
0.999949633074311
0.999952613862896
0.999943002436728
0.999939811283872
0.999937832584039
0.999945893757088
0.999959743468546
0.999952520191241
0.999941809998802
0.999942634614841
0.999953948803191
0.999951632448948
0.999944840722351
0.99994479352487
0.999948490039125
0.999944756922892
0.999951410894596
0.99994569529528
0.999950089099094
0.999929733662644
0.99995413177428
0.999944967761097
0.999956198837967
0.999961506848295
0.999940082869199
0.999949873313399
0.999955260463319
0.999936492913015
0.999951637128183
0.999957427372503
0.999958502346381
0.999928560681692
0.999945818266677
0.999944333186175
0.999938425829409
0.999945274956252
0.999949349536
0.999946618263031
0.999936017232768
0.999940216488712
0.999926068964936
0.999943347088692
0.999962939942443
0.999949559962322
0.999958324440752
0.999948549848784
0.99995828257422
0.999961900890604
0.999953159175325
0.999952240110427
0.999951546022435
0.999954985349429
0.999936401881416
0.999948755549822
0.999949714113957
0.999938987426919
0.999940078081784
0.999939940064392
0.999952219231128
0.999953598253399
0.999939961822766
0.999945120281609
0.999939992939734
0.999939420558073
0.99995606939563
0.999949442256107
0.999947628113234
0.999953820484985
0.999945346030994
0.999938471175334
0.99995221787294
0.999942235504097
0.999955902521123
0.999945412525746
0.999961742912875
0.999930586910117
0.99993515774127
0.999954481111752
0.999957499547648
0.999936360914462
0.999938878440613
0.99994342599258
0.99992878388217
0.999933608977414
0.999950122964591
0.999936162595113
0.999941750022933
0.999950252201731
0.999955197834949
0.999957085948471
0.999952509477859
0.999939890931627
0.999948847550878
0.999944526797668
0.999956011288589
0.999943471066138
0.999955196350619
0.999940371131035
0.999953889004018
0.999954550417969
0.999937747863539
0.999932475237098
0.99994586130081
0.999946804401402
0.999944775998233
0.999947876384127
0.999950837012225
0.999934948908323
0.999941690219773
0.999957388164117
0.999957468007536
0.999948426780889
0.999957068995668
0.999951994670596
0.999951369071029
0.999950617642239
0.999938914272615
