-2.41594090373276e-05
3.86857079719416e-05
5.96987204104504e-05
-3.48637654297157e-05
-6.37827253369139e-05
-1.14073972536932e-05
-5.06485217206532e-05
2.67824303956665e-07
0.000126197617817625
-2.75334526513848e-05
-3.0412212210118e-05
7.56852255360263e-05
5.05999406604785e-05
3.9852259445694e-05
-2.40384536080995e-05
-2.5785248175314e-05
7.13115061466985e-05
3.33597222484938e-05
5.37294592332094e-05
-9.95486962984682e-05
-2.91170418229569e-05
7.43518744386051e-05
4.89928864852995e-05
0.000114173102696236
2.27418732507978e-05
-7.88499304744672e-05
-3.72129617076666e-06
-6.13091523815612e-06
-5.31731986352924e-06
-8.01946818058674e-05
-0.000140200084296049
1.72034216527894e-06
-1.1846524213599e-05
1.28077533543269e-05
-3.5696591315304e-05
-4.41629562644152e-05
4.4878175871732e-05
1.09271166912617e-05
3.36386129964339e-05
1.17092338716152e-05
8.3652276324564e-05
0.000126189549031985
2.36715908135121e-05
7.58370582853996e-06
-4.6391636737475e-05
7.51326389667462e-05
7.63503652746467e-05
-7.4236027158836e-06
1.32820240922316e-05
-1.78391237299902e-05
-2.57674289969589e-05
-6.33149691009471e-06
-0.000124269869151261
-8.73543783075359e-05
-8.11943229011014e-05
6.08367874631588e-05
9.84511741380922e-05
0.000107042081413766
-6.38163905979372e-05
6.20096764309963e-05
7.2400094146774e-05
-7.29704088708871e-06
8.79878552938473e-05
5.2636221038127e-05
-0.0001497075713075
-3.50792256695875e-05
4.49569052005661e-05
-5.23828923875147e-05
4.14733558746772e-05
4.51587191080405e-05
1.52394900487796e-05
-8.77749252403692e-05
-4.14175079648249e-05
-2.60484970142638e-05
7.14143601554529e-05
3.5167482365539e-05
-3.40080422247535e-05
2.74674508395911e-05
-1.58258385147825e-05
2.19331205832951e-05
-1.98215988136408e-05
-3.46800633157507e-05
-2.4872599737602e-05
0.000100948276350654
5.05710763258893e-05
1.56238995177027e-05
-3.12897953236302e-05
-5.42624259409763e-05
-9.03684161848162e-05
8.02319936947793e-05
0.000146616420042767
-6.32073464759131e-05
-0.000132273336099331
-2.87935358120883e-05
2.21307139613991e-07
-5.02197016052364e-05
-0.000168746911431317
-1.25817740130874e-05
2.40155892844429e-05
5.30076656731771e-05
2.24400084719578e-05
3.35020849937528e-05
-0.000143684098612651
-4.52338418857057e-05
-0.000191071375032381
2.18715478683684e-06
0.000114933835140829
2.74255029386605e-06
0.000121827277662967
2.9763225216195e-05
4.22759292928454e-06
-1.79121765948587e-05
-4.67064124818339e-05
-0.000112341195626087
4.61400087109487e-05
8.58280450930504e-05
2.27599184762228e-05
-0.000144049759237541
2.50904791493367e-05
7.52075221854831e-05
1.35903745452914e-05
-0.000113490697210006
4.34412445150523e-05
4.69902370692221e-05
-4.77173245296836e-05
7.71551945302207e-05
5.17250546300252e-05
6.8050186670332e-05
9.58277360715298e-05
5.83799774144245e-05
6.99243262304305e-05
5.52675288961746e-05
-6.40474632662702e-05
-4.92064580572826e-05
1.09049694795305e-05
-2.6545742478401e-05
4.58645314398431e-05
-2.57791900815096e-05
-6.16259443619871e-05
-1.29932629440166e-05
9.71673397720529e-05
-2.63061714456114e-05
-6.10776713592109e-05
7.04330412470977e-06
6.28664994639649e-06
-4.03569297819928e-05
-2.41485946184117e-05
8.93946463804696e-05
6.43918499708684e-05
9.82634254690362e-05
2.99593144762467e-05
1.48876026710987e-05
3.06429401281116e-05
4.99734587182665e-05
-2.79553781981079e-05
-8.09375972214976e-05
5.23734662000175e-05
9.55482272158026e-06
-0.000105364881786363
-6.50492352129994e-05
0.000144892810093999
1.70614649928069e-05
9.41234099360866e-05
4.64229687308082e-05
1.00463701158127e-06
-1.7358939484291e-05
6.24728756507542e-05
-0.000107532208782013
5.39039793184815e-05
-0.000112230453430451
-4.36267904502241e-05
0.000162366343698817
6.48299724220758e-05
6.86090341812662e-05
-2.33572978434182e-05
0.000102947201312986
-2.82396897415271e-05
-6.12196104299301e-06
2.77101300628635e-05
-1.86799996702014e-05
-6.60207378779809e-05
-8.22612809776579e-05
-6.22082622514508e-05
6.23266429266023e-05
1.90031897125964e-05
4.006686631286e-05
-4.76486028615497e-05
-0.000114736206961563
0.000104113417871754
-6.34796004705951e-05
6.72162468906556e-07
5.45753914992231e-05
-0.000164349771289318
5.01414011148116e-05
6.32294690928736e-05
5.20296490768013e-05
1.67393973490304e-05
8.16955462279445e-06
-6.20489614175934e-05
0.000124041433014366
7.24370113394102e-05
-4.06185819057381e-05
7.13761273721802e-05
-8.18159128623819e-06
7.14666741795655e-05
-2.49946886576868e-05
4.84400735787371e-05
-2.34894999469049e-05
-4.49464910157182e-05
-0.00010675572127905
1.4583308361571e-05
3.21984061130154e-05
1.34916687288822e-06
3.20683673010747e-05
6.11848911201696e-05
-9.75948039416696e-05
-6.076267312638e-06
-1.79913245264007e-05
0.000114047608287815
3.0255764704723e-05
-4.37069219310082e-05
-1.2713493113603e-05
6.93325333542827e-05
2.64615719719474e-05
-7.16790787820276e-05
-9.80696607277842e-06
6.76875011749178e-05
4.62403451628735e-05
0.000113851622191907
0.000198841478867617
-1.00818578301354e-05
-2.46524674996085e-05
3.4991179733046e-05
2.86607318426002e-05
-3.04632542724725e-06
-6.4819010693995e-05
-6.01879642814218e-06
-0.000163700483664098
5.63625644548482e-05
-6.71944855719087e-05
-0.000127240711492727
8.45295607589946e-05
4.41494860986547e-05
1.67862302675736e-05
0.000122138354262002
-5.97431097868473e-05
-5.08150170339672e-05
-2.40923072114541e-06
-2.39258804595188e-05
-1.54404694567845e-05
-7.65452431423785e-05
-5.12647063901639e-05
-4.42739618464749e-05
-9.26704556092339e-06
-2.42206724234695e-05
4.77511785283991e-05
-2.42031445563118e-05
0.000146451647646484
8.34311236341811e-06
8.93459575088684e-05
0.000103726308542607
-7.01886815999142e-05
6.15957006644408e-06
2.31232876422016e-05
-6.99972043305408e-05
-5.02992237216837e-06
-5.99330993185099e-05
-6.79193615600315e-05
-0.000108967515999536
-5.8597129714677e-05
-3.79958312173301e-05
1.65079063330076e-06
-6.0131463017532e-05
-6.7940489720808e-06
2.11794595258441e-05
7.57999088507599e-05
1.93774184015227e-05
7.46733136460787e-05
-1.24316957237358e-05
6.18098216565999e-05
-6.57844565734589e-05
0.000115369381490482
0.000121457924914026
-6.79292759198091e-05
-4.00937404410051e-05
7.94828913630585e-06
6.42441190851217e-05
-0.000113386174658947
-2.18249825219008e-05
-7.7782018877981e-05
-3.38678010769478e-06
2.26138945125243e-06
6.55796453441493e-05
-0.000109740088009014
1.19450645952313e-06
-3.599032657009e-06
-0.00017506272279344
5.89504480874581e-05
0.000172798224179593
9.70592427783634e-05
-6.48064235893031e-05
4.98595234244004e-05
-4.2587653757975e-05
3.45697455136351e-05
-7.08246114755617e-06
-3.57047352941287e-05
1.64681022655211e-05
-1.1133202075797e-05
4.43023894005634e-05
-0.000146688541832418
-2.22430575911314e-05
-7.43375693268433e-05
0.000140139494479774
7.68517786431389e-06
0.0001166331628073
6.51267710094494e-05
6.14842807402649e-05
-0.000113943766798741
4.01221566239673e-05
-8.93765196359197e-05
-9.83343972249529e-07
-0.000136387913416858
0.000110807865128959
2.8200407666823e-06
3.49855502487229e-05
2.30424382964278e-05
5.76419862760025e-05
1.02667807130308e-05
0.000126117910493329
2.5411453885571e-05
-3.99365185326239e-05
1.63159864359219e-05
-5.95137075964924e-05
5.43426549429737e-05
-0.000113882414779942
-7.93779909469272e-06
-3.27590523365728e-05
-6.91780409327603e-05
6.54005910547539e-05
-1.53245550653658e-05
-4.37813277505139e-05
-4.19840355745382e-05
-1.70954364508979e-06
5.76193155801263e-05
7.09559213689648e-05
-7.05311482551707e-07
-3.76415881282455e-05
-5.81517350735083e-05
-5.80355872745741e-05
9.24667145637548e-05
5.96521928705185e-05
-4.14193860083234e-05
1.52864681483011e-05
-5.02978579626223e-05
-0.000135050141165438
1.43532036429583e-05
2.90541669236699e-05
-7.61101875961234e-05
2.41975257810889e-05
4.82729523384462e-05
-4.35743014639556e-05
1.50890269343673e-05
-9.95157321104223e-06
-9.35989254249314e-05
-2.65613141867682e-05
8.63816811846885e-06
1.57720114869475e-05
-0.000181891643046495
0.000109266890059523
-6.23893087368099e-05
-4.22112433684507e-05
5.69817657560812e-05
-1.629613340981e-05
1.60545303152793e-05
-4.91205924393334e-05
0.00015648605557117
-5.671987568312e-05
3.03582339251651e-05
3.87823138189303e-05
0.000142155837423719
2.61026879982973e-05
6.12448889484307e-05
5.02375046890213e-05
5.5890860435337e-06
0.000136763182415178
-0.00011538735908756
-4.5017478293774e-05
6.23836957334145e-05
-9.20925673577599e-05
7.59295902680313e-05
3.05167492744562e-05
-6.27395203742775e-05
7.44991996659561e-06
1.22238703496036e-05
-1.84032642016607e-05
-0.000214223556771698
-0.000133760120401449
0.000104789629815638
4.29209128327557e-05
-2.32196648264349e-06
-0.000171253636500612
-5.71950727537018e-05
-0.000157110155278417
2.65708337374715e-05
9.32372693802641e-05
-2.07102705955808e-05
-2.36857560838022e-05
8.74135316674129e-05
1.59081943224004e-05
-0.00016438628259996
3.63136088721294e-05
5.55170229560309e-05
2.8660096147104e-05
-4.99210515922943e-05
-4.66153969309602e-05
4.11213539097677e-06
-8.64211289106631e-05
0.000126693187468496
-0.000112140757317913
-3.78654128125877e-05
-2.3965726385633e-05
-2.44334177339489e-05
2.4938298274102e-05
5.87059478696084e-05
-1.28794020761713e-05
-6.80589230714901e-05
-6.90229881128435e-05
0.000124283710360995
2.81521721769984e-05
1.8877468098033e-05
-3.02742882427598e-05
-7.98953939629143e-06
9.85236661094069e-05
3.17192372180086e-05
2.00374147690807e-05
-6.89166530991603e-05
-3.35590021021126e-05
0.00010104473375061
-2.08233786047618e-05
-2.66723133912627e-06
-9.45640989582497e-05
3.27535118349598e-06
9.83858956369321e-05
-4.2705851896141e-05
-8.63135788444769e-05
8.24000749153342e-05
4.29045577414744e-05
4.9323054004291e-05
3.72019547174585e-05
5.2816948251766e-05
3.192287751419e-05
-1.60464348626377e-05
-0.000139710166092044
5.25760871177283e-05
-0.000100197777249456
2.07262377507345e-05
4.82854174842506e-05
-7.26267275279469e-05
-5.7948058507229e-05
8.35279599675776e-06
-2.14198702028767e-05
-1.62961143479468e-05
5.61041430747755e-05
-4.25968023221035e-05
9.48265239502089e-05
5.3749342414755e-05
-5.30781911316502e-05
2.81021279531224e-05
-8.51196020215106e-05
-5.79648859293513e-05
4.18374933386367e-06
-3.03515299688861e-05
1.68784357181817e-05
2.21620983925641e-05
-2.51596411418031e-05
-8.55750552202217e-05
-1.04193730259272e-05
4.82796429571719e-05
7.88819952010078e-05
8.68009150871707e-05
-3.13775417994933e-05
0.000148264041159973
6.78184901889978e-05
-4.90183925656584e-05
-0.000118181872454715
4.75883068787875e-05
6.36649291836378e-05
-0.000105221925901233
-4.46957968553985e-05
-1.46824003670609e-05
-7.49698460003057e-05
6.77378735675083e-05
8.19849456278332e-05
0.000100147157612751
-3.36620348890815e-05
0.000129686649762206
0.000106379970682524
-2.39778074306862e-06
-2.90624098473469e-05
-2.86525846340258e-05
1.80761250745398e-06
-0.000120383533640522
6.2247382550229e-05
6.55526706823117e-05
0.00011554722483198
1.49337810193551e-05
8.12924517080704e-05
1.16386243248501e-05
-4.48545034839043e-05
1.74631109921553e-05
5.73165541395415e-06
-7.13041455542296e-05
-3.50022107924453e-05
1.45353323717234e-05
-4.30780195641578e-05
6.42978834781704e-05
5.49493695893855e-05
5.16736861883027e-05
-0.000101270032109024
-5.07166047867269e-05
7.47709834116872e-05
1.72038866760316e-05
6.19115453358576e-05
3.69829973412283e-05
6.01264372813715e-05
-2.1293582703974e-05
-7.79065311993232e-05
4.61039200805313e-05
0.000103699640212618
4.36042900353595e-06
3.93449870205176e-05
-9.98524837347858e-06
5.96444168122767e-05
2.90101847443269e-05
-3.85026231759511e-05
-4.74180804017621e-05
-9.64491925936617e-05
4.39257659385905e-05
-3.92499087875642e-06
0.000126400955821171
-8.9663808010787e-05
-2.75772505631267e-05
-6.76632569074354e-05
0.000152715369434619
-3.96306266661206e-05
6.77994162420203e-05
-3.46756792330982e-05
8.19774522052841e-05
-8.60155587014688e-05
-6.87978504496645e-05
-5.39112624240445e-05
0.000102175170922147
3.06170811547046e-05
-4.96206480704586e-06
3.82047890112869e-06
4.89404403067883e-05
-3.34530985330872e-05
-0.000104227207920582
-1.91568301586287e-05
-1.61023178817388e-05
1.81662301901309e-05
-7.89045673790234e-05
5.48507189565006e-05
-3.7105559243189e-05
-5.31842195705678e-06
-4.45907301476201e-05
1.72744416493398e-06
7.6851548877821e-05
6.24394605119871e-05
-4.67364384735269e-05
1.82417000170743e-05
4.06141200668397e-05
8.92944362984593e-06
-5.62157402084207e-05
-4.35523623354417e-05
-3.92996342268859e-05
-2.89877212464873e-05
8.44250161000648e-05
-7.40685202487157e-05
-5.93027533324353e-05
-3.33765725051283e-05
7.1833562098611e-08
-0.000162778012992248
4.12167845116329e-05
-9.51163473104089e-05
5.5101415041392e-05
-6.37296308658719e-05
-2.77525259202438e-05
0.000148176900653274
6.36889709351163e-05
-6.10845056232545e-05
2.10913876925733e-05
5.11641382482386e-05
5.55070648867728e-05
4.98063322160736e-05
2.81444512084672e-06
0.000163447480824863
5.49924534033464e-05
-4.65495437445007e-05
-2.23146528861573e-05
-1.04118479615778e-05
5.74939887295622e-05
-8.02655917224726e-05
3.45501568688178e-06
0.000170849582349253
-6.47861328111343e-05
6.5339325323599e-06
4.83222497406066e-05
-4.18762551084306e-05
-2.12881351011607e-05
0.00010306305582275
1.36463451630986e-05
-1.70797816549939e-05
3.23987730962427e-05
-7.60388295084624e-06
4.99748109676901e-05
-3.2001126348824e-07
0.000175329546457159
-1.12177785285272e-05
-3.41669453751692e-05
-6.23341790528809e-05
-7.87018839902842e-05
3.71426232270711e-05
-6.6691670164154e-06
-1.20968044581282e-06
7.64907000410098e-05
-4.28339931244359e-05
5.30542976703297e-05
4.49002012963273e-05
-5.1575158797279e-05
1.73725924212942e-06
-1.2032893241587e-05
1.28913525161423e-05
0.000102472290118616
-0.000168705106845524
1.05975232829181e-05
-9.54649383078099e-06
-4.92779600791415e-05
7.33145859683759e-05
-1.26540262650465e-05
1.94263295338892e-07
-1.35547690596205e-05
4.00835384197773e-05
0.000104110645967825
1.17384669956477e-05
2.44719874782362e-05
-6.98138734400722e-05
-2.33766629045284e-05
-7.01280786268299e-05
3.360059848867e-05
9.39954056780046e-05
6.94359954914736e-05
1.73868151422951e-05
-5.54181685652466e-06
-1.494339695296e-05
2.956558398437e-06
-6.2386024895833e-05
1.15067457968632e-05
7.85726774821249e-05
5.10579114820775e-06
5.02534190734982e-05
-9.79279209207817e-05
7.51205795440635e-05
-6.42755398714279e-05
0.000101143691606409
6.37595521161272e-05
1.26749080842092e-05
-1.16304463149142e-06
-1.41260024051348e-05
-6.49027207189068e-05
-1.93904952894286e-06
9.3669911606975e-05
-7.64877343395476e-06
7.89959923198635e-05
4.4992299204627e-05
-5.38455089418299e-05
2.53367301908947e-05
3.73756334814956e-06
-9.09317819306477e-05
-2.94286858784076e-05
2.57779539116765e-05
6.20289995041379e-05
-4.42191821730109e-05
-2.63392291055542e-05
-3.16918995770799e-05
-7.58870058541472e-05
8.97654708195139e-05
-2.70573848284439e-05
-5.16148136877614e-05
6.75230089941525e-05
6.45324116707036e-05
3.41561926822109e-05
-5.1783178159015e-05
-0.00012371146883372
2.24481294928136e-05
-5.90427329938414e-06
-4.22341704773288e-05
-1.04255841990586e-05
8.06482747149895e-05
-0.000161642305526621
7.67277701029245e-05
2.23115432451682e-06
0.000160536831532165
-9.39450491739269e-05
-1.38169891765738e-05
6.46519182079253e-05
-3.60914973729365e-06
-0.00018052746989583
-5.62677362614394e-06
-5.65308663917907e-05
7.29457575652237e-05
3.10107615486555e-05
-3.02772241500548e-07
1.91111776632891e-05
-2.76847543556613e-06
2.69286663090451e-06
4.29505617109971e-05
1.13189879429321e-05
-0.000105598074430224
-1.1050263753809e-05
8.96449908103225e-05
1.09015665711309e-05
-4.5119978153263e-05
3.07197051303554e-05
-4.05728162020669e-05
6.89162144961175e-05
5.00812953765362e-05
6.33464881814039e-05
4.19122017860651e-05
9.48666372453388e-05
2.80240057619618e-05
4.38160782212371e-07
0.000105383925830038
-4.33697519903742e-05
-3.34010100437876e-05
7.10225525046848e-05
6.99840136395569e-05
-8.07426160243097e-06
4.111211045843e-05
0.000116693548367297
-5.43439986855354e-06
1.16793339618448e-05
-2.83430535767959e-05
3.06467154087553e-06
0.000105418474776964
2.93696739976923e-05
3.24310846095965e-05
-1.2923600952286e-05
-0.000109200018829636
9.227280826829e-05
-1.22606440842166e-05
-9.30501322982114e-05
-3.512844093434e-05
-4.79980004237657e-05
-0.000103843993671582
-0.000168907893719261
0.000136762977548499
-5.65755966535075e-05
-6.93757645375825e-06
9.10782702117086e-05
-8.68897922583489e-05
-0.000112691737984782
2.84226995284076e-05
-0.000100220505914406
7.25468799024354e-05
-6.0571386945707e-05
-5.49439788752881e-05
8.90107715169064e-05
-3.83514917647876e-05
-1.71026082702586e-05
-5.0183964055428e-06
7.67648343124039e-05
0.000117170463845739
6.48692035286613e-05
4.05689166482759e-06
-2.89612634429837e-06
-2.2456528873338e-05
-1.29772577410758e-05
3.33041683072688e-05
-0.000110352648358791
-0.00017498284311146
3.92251840907187e-05
6.4278313674393e-05
3.87125349564643e-05
-3.39167312253252e-05
-1.38339581472469e-05
5.05609118982564e-05
7.08246893621478e-05
-8.24923910291986e-07
-7.64161628041826e-06
2.34133878347365e-05
-2.30292501617324e-05
0.000177144760155623
7.03472783070147e-05
4.85161143061186e-05
-6.51886876612551e-05
-1.16137598182853e-05
2.92617933336237e-05
0.000146974245601283
5.69236317820021e-05
2.26018825461027e-05
-4.01179879148117e-05
-3.1122717077281e-05
3.12889933657967e-05
5.15824729315773e-05
9.35831114530217e-05
1.80384306180947e-05
-5.24100655303616e-05
6.0574491588028e-05
-2.72224408661703e-05
9.74827919796306e-05
-0.000122517188242632
8.38356117953687e-05
3.1294937188342e-06
1.64777653787196e-05
-3.62093684136422e-05
-6.63495266393088e-05
-7.42276795553387e-05
9.78385411865013e-06
6.91699420086733e-05
9.6932083095691e-05
2.83766932984708e-05
1.60824886114019e-05
-1.52681981717695e-05
-4.64925398830918e-05
0.000109072151296519
0.000196290553587053
-1.00915994929451e-05
-9.35073082128923e-05
5.84711858248044e-05
4.04227538817192e-05
-3.17098232338608e-07
-6.21551017752076e-05
5.69919980429878e-05
-8.3186247752165e-05
-8.62341511997933e-06
2.28886221602664e-05
-0.000146214368706099
-6.63872041861691e-05
1.66329052387892e-05
-9.00889758750356e-05
0.000101785266083509
-4.78138162864905e-05
0.000226649244617683
5.21674153863838e-06
8.49689065978154e-05
-3.35727604312552e-05
1.46902475095523e-06
1.94495800540651e-05
-7.43713068394047e-05
0.000117063489450175
-7.80053657181146e-05
2.76701728399997e-05
-7.09909661500419e-06
2.36183361201903e-06
0.000124685767095678
2.04558201151173e-05
-5.38246440542345e-05
8.13403441283223e-05
0.000118856561737601
8.46341968637754e-05
8.30309279864494e-06
-8.95224627637248e-05
-6.1027429492988e-05
1.21433015536354e-05
-5.57232030895527e-06
3.37353032103804e-05
-0.000174715359609667
-3.81855182749469e-05
0.0001397572067251
4.56429078764531e-05
7.62074796277767e-05
-2.78849979087337e-05
5.68643741403196e-05
3.52511050639714e-05
8.48681810944329e-05
-2.41161207836793e-05
0.000128556123555001
-5.39338393679145e-05
-2.63775756053075e-05
-4.51205905651619e-05
-4.1334337747001e-05
2.90231276720565e-05
0.000130846354759018
0.000137251015150497
1.09186275875084e-05
-1.39740499600638e-05
1.24339623641667e-06
-1.18192716729304e-05
-0.000202454624081527
-1.91880894613305e-05
3.19004201131401e-05
-6.05457270155263e-05
-5.49961242706232e-05
4.21289912511114e-06
-0.00013025486170104
3.60981894335088e-05
-6.4538662772895e-05
-6.77517576133102e-05
-0.000132294832013047
6.40788816530513e-06
0.000112053947477264
-4.77571500456797e-05
6.60380555039808e-06
5.69389381256391e-05
-1.31807085863578e-05
8.13506872260339e-05
5.95329232325748e-05
-5.30502121611764e-05
-3.83694811132429e-05
4.77032750068052e-06
4.65477393314373e-05
-1.58758758055377e-05
-2.77071827674558e-05
4.52219839440771e-05
2.93279355904064e-05
-5.04573075106318e-05
-6.40224508923204e-05
5.70542586852962e-06
-3.86863447177088e-05
1.42748720929342e-05
7.73465223874448e-05
-0.000179537603112401
-5.78894768927807e-05
7.60347835045971e-05
0.000140094215987485
5.07817691860479e-05
-6.28415384995584e-06
-1.6728023447321e-05
1.32238877474933e-05
6.63213639404692e-05
-4.2805295241255e-05
3.79332916948805e-05
3.16511192240965e-05
-5.77038835429811e-05
-2.60551793713759e-05
5.75924304134778e-05
6.3906967275873e-06
3.93348872135268e-05
-2.43079255921597e-05
7.45031761653081e-05
-5.30004608008117e-05
1.51044080896057e-05
-2.73819607032877e-05
7.8083657251149e-06
-0.000121525119514132
0.0001330265982733
3.85434230898429e-06
6.54792650356395e-05
-3.45668939116806e-05
2.08633138756298e-05
1.00870492586447e-05
-1.82989363279873e-05
-9.44862812686242e-05
-1.91114130698722e-06
7.77106496282487e-05
3.67083808858748e-05
2.86048031075126e-05
-5.44010991323507e-05
4.09902984624955e-05
5.66484036401693e-06
4.30693562389894e-05
3.46310034871067e-06
-4.91800683952714e-05
-1.85753055836901e-05
-7.5669131492262e-05
3.92525307879588e-06
-6.39952759065032e-05
-2.63901927457511e-05
-2.95092469815295e-05
6.95547394746754e-06
5.51167645901351e-06
6.06063446018101e-06
-1.50326864576389e-05
-2.96127994865447e-05
-3.32564226956933e-05
-7.70096414899335e-05
-7.39227661643582e-05
2.90770668877061e-05
2.5823769337241e-05
0.000105650215912578
-6.22064089763619e-05
8.74732049269689e-05
-0.000143344147929936
6.08899492691162e-05
2.98160260809865e-05
-8.94269216558108e-05
-1.44414280480731e-05
-6.79383434645242e-05
1.40973439596292e-05
4.58738795167113e-05
-1.43237186829293e-05
-1.91929436197391e-05
3.24342295136004e-05
-6.35471257015574e-06
4.12470762414241e-05
-1.83917822587087e-05
0.000173604215470191
-0.000113342321449217
-4.07521772731734e-05
