10.0722514054958
9.9126485229604
9.67576039268848
10.2133734621606
10.1285888221356
9.34997137996198
9.73316570211792
10.2484157836067
10.2568205827895
12.6240071206544
10.6933529110549
9.09243391901793
10.6582629353313
10.5323919753256
10.0795667391869
10.1158752073669
9.52669344511546
9.94823044670274
10.0960151728786
10.9511434156044
9.97748836078613
10.3888922517957
10.4415797891521
10.640245420485
9.8086464723429
10.4475972788619
10.8696846692606
10.4969826311659
10.1200100477304
10.5328228414611
10.121231190768
9.67056833503084
11.2947316499256
10.146016655146
11.5943151556847
10.6975471113995
10.5293582668109
10.1868729248612
10.0657206392529
9.64746718443623
9.89149801584631
11.6706910581603
10.5551096450967
10.7002222760076
9.85945613073868
9.55703575428027
9.54731447372956
10.2773140987864
11.7794190482293
10.327159579188
9.4412317451807
9.91748922665579
10.2190976680182
9.86517534805634
10.7145106585861
10.3686224137033
9.53425034870667
11.7287944823296
11.0467667483257
10.0328933404816
10.1098611496472
9.87324217993918
9.77354940660702
9.54318183552063
10.4854988185445
10.4403541873794
9.4820944333268
9.83574717143517
9.76593514593516
10.1059007101155
9.72169214553961
10.6493581784503
9.5610778557088
9.566071653691
9.78125920039636
11.0190015101003
10.2592830156212
10.6793289629988
10.4479828979163
11.4614154540243
10.2102652901382
10.0917017632297
10.7713618264117
10.6255149341229
9.73949456413103
9.77509041009777
11.6219118149009
9.83141677255169
11.0917727304851
9.79278057575486
9.72114991693393
9.80783636705299
10.1236131436667
10.3062672248115
9.79062453894967
9.6778943971177
10.5962588188592
9.30765278762488
10.3517800033894
10.0579204725632
9.95535557929724
10.8160623222558
9.90304723321108
9.90904836905521
11.0160304672224
10.1295949609791
11.0869678672545
10.6435432181835
10.2950063347392
11.4670785648504
9.74411258064848
10.3788581651562
10.8779484025368
11.8681280301096
11.6201606099577
8.17359572930244
9.40121865613071
9.82613234554694
9.98294930142893
10.6578532655498
10.2090545344038
10.8022763522392
9.20437506256895
11.2115543636462
9.48836205621577
10.4910092433691
9.202520407544
10.0532396915281
10.7821295741531
10.1235483353582
9.84543877821548
11.7069160827777
9.95578356168235
9.89538324641387
10.3944922288247
9.53412984693296
9.42001063153119
10.3403854854726
10.7197747261753
10.8844693722883
10.3017849397491
10.439099229107
10.0196966170703
10.2353349011081
10.450885141965
10.6398521921262
11.1629972877814
10.8456246970835
9.71666779699042
11.2541124283827
9.23044193160288
10.4046484332304
9.73736540618426
10.0874086659173
9.81718950149515
10.8590211307437
10.3968247024745
10.4312203310318
9.50326888237027
10.2125166733945
11.7631259046501
11.0141679312725
10.1048442373228
10.5560154875508
9.95168417288953
9.43541706757376
11.2217566211677
9.94379662307888
9.21217951189488
10.3601588501218
9.17571970695699
10.0521584039736
9.92576467899977
10.6451025441347
10.4943673633159
10.0083455526693
11.4021261417864
11.357168425759
9.84600391317259
9.00845733503208
11.1906209672268
11.1816750345186
10.4820234472354
11.3479943742241
9.82595655926791
10.6546584205503
10.2341161972689
10.9904496361289
10.0800516856499
11.7432993730278
10.4021811671925
9.0284038398812
10.2126868087029
9.3041133069586
9.69115302719539
10.5185866727169
9.79353345361595
9.30748720226315
10.5238119505877
8.91497382208213
10.9098711714515
11.1665767824299
9.81848795472908
10.2105945873062
10.793726728962
10.3632427510475
11.2262799656843
9.75410398327892
9.20753659294628
9.77312624554995
10.5265891068663
10.0762331816157
9.26824275804459
10.8958218789214
9.65638014705056
9.88445807836862
9.18028863099557
11.0998171264471
9.31816775268697
10.9998647080094
10.1562294690706
10.3546551890875
9.83763327316297
9.30997391001267
10.9778005061981
10.9781118485921
10.8495334448758
10.9052438273901
9.66523829857072
10.2202310434114
9.56882155382058
10.689000130715
10.9050691913369
11.6232770408901
11.8408805943102
11.7191830109527
9.77147887592762
11.510153298229
10.925497605347
11.7495773346178
9.99143410181883
10.328295513541
8.9067167448858
10.2181386901836
10.310765466366
9.82250209788491
10.7920831336008
10.2350548380127
10.0583614211729
9.80041803022673
10.0212297521359
10.1450140767743
10.5999576997416
11.3442607178408
9.39028147865816
9.87158371412057
9.82186124508304
11.0083605442711
9.17419958248212
10.8134815513671
9.7062411155098
9.08452463719957
10.2820175463043
10.2990020149157
9.476598958716
10.6815061830925
10.1485790419251
11.4627863145176
10.0474849460701
10.437772932888
9.73857684884006
9.80376841347301
10.6934450887527
10.8795506903274
9.44536378696559
9.98042041140705
9.72077486766229
11.0081614808678
9.82661240303981
9.17210597617242
9.62892223781915
9.78991905788589
9.22867771687724
10.5194903186217
10.3842999608908
10.2138576595112
10.8042132902406
12.0527256099934
8.88537785232203
9.64047845758992
11.6864419531246
9.98844822087688
9.86158205496529
9.97265050141134
9.03798546941236
9.7048733659259
10.7699820724215
11.0577455249115
10.4080006025914
11.6084665929979
9.90939474532933
10.4859801158205
10.0405846782741
10.1793068687965
9.22422547241318
10.3922366433223
10.2119263501556
10.0524513604875
9.93489856964996
9.72930397125264
11.2693555488549
10.7246699705439
10.0507113253694
10.5061474655651
10.9977382966913
10.7451916562736
10.2677178380539
12.4923663933398
9.87972147069036
10.1433106768516
9.64627290365572
9.07152214799524
9.41919880613797
11.521839491901
9.96776130305514
9.82071746649348
12.20151137141
9.37857469266504
9.47619211981329
10.1078208594836
9.93836924050678
9.52988342400153
10.5274457198078
10.4608749012963
11.0475585997666
10.0213872957262
9.83537403469924
9.92573629026337
10.8527123308936
10.018039201817
10.0026551208318
10.3413283829026
9.28728721599308
9.62518339626107
11.3465636657916
10.1248675392039
9.78968158777902
11.0546209280952
10.9698043916889
9.68266475207327
11.1427257042283
9.60701039961697
10.2828058680885
9.94594372184548
10.6742261364656
9.68843367836215
10.1899394598322
9.73580978252722
8.91443466730414
10.0320398126958
10.0060714142617
9.66534848473831
10.2101606584179
9.51709157952377
8.71956344794282
10.4944046941841
11.6903488014614
9.40786617816715
10.8304517134237
12.508333336474
10.3064893587904
9.57102567161227
10.6987061501574
9.92386199329355
10.6000254551744
9.83943092942389
10.2096775394072
9.42605537421901
10.4624060871657
10.4408128996234
9.60125028049185
10.5405284585842
11.6808471318835
10.9455667241783
10.6367934983175
11.1060273012365
10.803033754873
10.7345654352061
11.205888836033
9.86048897996488
9.64425395881208
11.4417324237244
9.6079223755478
10.9905846940573
10.2109023590084
11.2576887486061
10.1882737254762
9.28194860503798
11.662546553935
9.96195333438919
10.1104104424784
11.8503378685608
9.45276186745328
10.6006079174711
10.5692207993701
10.2045288449223
10.724079816836
10.6657346508762
9.93490749015551
10.7983147301575
10.7595131775741
10.0534385252608
10.145155888888
9.99843438501364
11.1997732139828
9.51777490664085
10.5502791921453
10.5913872063509
10.7839715856658
10.8355178159328
10.614544840081
11.1659911960469
10.4668785777573
9.69088816077878
9.87781440079881
9.0490811381775
10.6836554530503
9.90590203472702
10.7411521181129
11.9104911211943
10.3126643114611
11.4871587409981
10.6782483758991
9.55145273558703
10.2329016053067
10.2982057839153
9.64656957618015
10.6142692422989
9.69320783863478
11.0995820696078
10.4407980601448
10.3793234233548
10.0727721356505
10.3634708620128
10.3584721769805
10.1914029836648
10.0493481950602
9.89352249527544
10.0356305619227
10.4253952808025
10.6836852112946
10.6165033717797
10.8676289556936
10.2865060929747
10.036272390489
9.37826216071272
10.3969878558078
10.0132111539789
10.2994735765465
10.4191203953141
9.81637391581191
10.3472746323274
10.7686911389602
11.2956370060447
10.354880230653
9.16710171069513
9.84375674236361
9.01086212425653
9.56387338361162
10.5598665702576
10.8643203134696
10.6314004695316
9.56123396543137
9.90774837603318
9.96688785847872
10.4040114809199
10.2454727856238
9.19329150521427
10.3704270151747
9.98071758355008
10.0221171104058
10.9462652815305
9.68822526928223
9.71593314596951
10.4181904627858
9.14198802320348
9.82692983292568
9.97561507480741
10.9100453757496
9.59255244453237
10.8749077015738
9.09405134781443
9.57294755672189
10.7890257210287
10.0290873632514
9.57603656031096
9.10259395106946
9.62237898985929
9.8655487955677
8.82931240144394
10.4092344436641
9.82075203479214
9.39920310146776
10.2054674635543
10.1430629378615
10.5437774593698
9.56134630079639
9.78952427741759
9.82978012905096
9.39666826764698
9.74491873557072
10.139679643216
9.69771482449935
9.72855718037592
11.3082265087884
11.636390619698
9.08343524620966
10.170430348111
10.1947483524949
9.60320313661849
10.5634545967323
11.0520733742822
9.41808431643024
9.91572955147578
9.2773931690559
9.89129612635456
9.5598178654678
10.7956584952694
9.63775675000401
10.6783326026085
11.3599651733336
9.68029762060089
9.8678214969535
11.7973937381734
11.4265123094182
10.4418682209942
9.85898620092494
10.1405112744651
9.87444813947926
10.3098093297215
10.3909400082518
9.94878809731801
9.66399960834041
10.1478756889198
11.2203613110557
9.58479548438005
8.85222059957355
9.45706375706853
9.89424915208273
10.5167802615932
10.9084209561849
10.6018715465017
10.0183795242717
9.7582507609548
9.77052940630911
9.81950499793249
10.0253354204714
10.2855288956202
9.56273299176522
10.0857342466604
9.88693441942019
9.68991106910879
12.0672152860647
11.4324791236808
9.89574831382242
10.1931542522915
10.2549356576195
9.6873193958739
9.41583185017245
10.2789975909044
10.3215843276436
9.27476195722078
11.8495917250876
10.8783634554162
9.31012915926512
9.7600006938359
10.0353043420633
10.0578168714368
10.0503378473762
8.95227807134645
9.99829357706273
10.1588767257753
10.0857924447135
8.81039243069665
8.86489387901575
10.25725096757
10.0024226421541
9.15627883684722
9.57371289763789
9.73982111189065
10.5259912174794
8.60417369890667
12.251673542208
10.277612783639
9.87256401593907
9.19589784390349
10.2597417255409
9.20001994565987
11.7554732762251
10.469320084103
9.74701899077876
10.1184989364126
9.95981064283961
10.9608164188441
10.60883501545
9.75873254407681
10.5874466961612
9.28793249347642
9.90479247281135
10.1412415593149
10.7842427922432
10.2617827806224
9.67384206119196
10.7409711283979
10.6261796922798
10.6530374107387
9.43760738829323
10.2537713742238
10.4282194153224
10.3937418036998
9.87314095951914
10.797857318343
10.2491161914555
10.4383836979691
10.7610908374077
9.45826541890841
9.45555533115576
10.6694060466635
9.85077767535791
10.5664119320228
9.97977124964607
10.9184421321787
10.7569144705087
11.7040091755222
10.3258667343362
10.3461058900373
11.1393786953816
9.43355669555302
10.0946040335609
10.6561398328099
10.0614712535328
9.90768425769497
10.7629441024128
9.05872680117763
9.38167195300232
10.1211472022
10.8694199262779
9.99032016691248
11.3255292455541
10.1216845965887
10.7611605046565
9.40344369272309
10.2447095019372
9.84997146227944
10.0701636976866
9.95003431128113
10.4226522590884
10.7687186953937
11.6336860439725
10.3079567683357
10.8111963954593
9.58155663747711
9.20248588255561
10.121306908973
10.0712982465377
10.4121157888201
9.85274223466192
10.0078153352091
10.6405786246839
10.3957959275715
10.4506441087337
9.21980932154338
10.2204488956314
10.7689102737
9.08021184367091
10.22577106145
10.3040046943973
10.5511985237786
10.690141015146
11.6488486736663
10.3236819946746
9.22389835550784
9.99878942182622
9.97828808997362
9.04706810110845
11.3482763891731
9.84760453885505
11.3069047492784
11.5664833711197
10.602115108323
9.56739115885934
11.52116536826
10.2595280753572
10.1180506716752
10.0749282126074
10.9282892677826
10.5964224334767
10.425401074075
10.6887482122183
9.55988245061671
10.2028146889965
9.94791173918612
9.73442922488235
10.3763317486835
10.0516257268644
11.8830144893798
10.6203961072367
10.1664340764849
9.96398354387719
10.5069094190347
10.0546256168552
9.65857674172678
9.73675685758087
10.8733002313302
10.260649163862
10.5056645088378
10.5317094128736
10.4400033337814
10.3118689284238
10.3446325401989
10.3103476568437
11.1596182322183
9.65157261984592
9.42635316389613
11.1332611488538
9.89294852639355
9.18528530036744
10.1563859778811
9.35111601727115
10.8158079628442
11.9682107401196
9.99582722683632
9.87115859945972
10.6737802791366
8.91277627869994
10.6682840054328
10.4561461286086
10.3250074960122
8.53352751884208
10.2381791422882
11.4953925927644
9.32323419664445
11.4019487748916
11.5281716257522
10.3477799760381
10.5673451950787
10.5090251979892
11.2955690722355
11.158499816717
10.3573916266955
9.71822429984658
11.6416600437653
9.84654383593334
8.97067650636472
11.0379523499659
11.2557329723801
11.1978718901609
9.60867319210478
10.0379749901632
11.2367356004649
9.43226175123598
10.5787191416427
10.2101323843937
10.5876375323842
9.65871810621815
9.15870130875541
9.15979323209967
9.05723100578075
9.68975815424281
11.0932155112434
10.7051070427879
11.0587431046791
10.4236384448308
10.5384656394264
10.063336895601
9.58087960158267
9.65665929085522
10.9192435646728
9.17316224540197
10.6759935875279
11.3010183404975
9.57666955452408
9.70500655086847
9.5502258128201
9.43959818872665
9.27223760123657
10.0230874188989
11.0674978610393
10.6094459580047
10.1018641129455
8.9709999284869
9.27173008031952
11.214047082683
9.23193427683862
11.423302777677
11.5408967969648
10.7024299666957
10.8698378149757
10.9676803640594
10.411802382141
10.3414949738086
9.74001369434668
10.0274457638217
9.47810945454037
9.85282775665252
10.6578144032217
10.7284186986428
11.3110888558108
9.49958650443618
10.7515280338388
9.90691470751399
10.7634490009384
9.8179498540018
9.64589611452839
10.1445266935124
10.2889812342624
9.68822800185589
10.1041362195943
10.2016662050296
10.3465374807413
9.90069042837368
11.2085142221355
9.90057454882124
10.7232362872182
9.24195341477312
10.8000088077068
10.0686271206095
9.31357129368815
9.22062865456624
10.4002771314135
10.5159261116383
10.4127618979521
10.4542649703492
9.52747311698398
9.69706701325278
11.1138557373106
10.0249233105732
9.9148365632636
9.9976644969496
9.67257822402781
10.7737427358974
9.40701739992217
10.4048683093893
10.8829226523528
9.91665063207313
10.4696440638405
10.0867652347234
11.5103804722775
9.45745571905777
9.99162826383917
9.63037969701646
9.68316499887165
10.2877779436447
10.7493518619764
8.89811259450722
10.3671371583104
10.0825930357751
10.5410571011821
10.0466784038978
10.7859287291801
10.4514041995614
9.69011230557264
9.6528212939594
10.2774026871503
10.2590831899817
10.4753951695852
10.1053590542347
9.70944526763539
10.2783634145463
9.82599547402139
10.9897191082231
9.66842287714823
10.7535379176529
9.976960362987
10.4229088644776
9.87414381473174
9.71555856539918
10.7564798084384
11.6559279938862
9.80865409370944
10.3670791200953
9.99253937316613
10.6784803622358
9.7601842720527
10.495959652395
9.43313780610285
11.3668607213191
10.7000599040574
9.2461492968812
10.0390481293182
9.93884196031125
9.81355905117151
10.4689593626894
10.8599960147538
11.3277261208239
10.9806687705918
10.2990968943762
10.2021560400798
10.1509220232246
10.3243890673047
9.66713786523273
9.96191972410018
9.59401813560675
10.2672150885519
10.0455789922291
9.67691503810938
9.39555369642028
10.1841394862518
10.3723920390648
10.0517640599804
10.7405420952908
10.1348498660254
10.7501293107231
10.6367362093875
9.28926804459843
11.1984677842826
10.7320758952103
11.0743442591253
9.5426731566293
10.220426611341
9.80450730042782
10.1964761298216
10.0655354780568
10.4433024054741
10.1150720982409
10.4544526828992
9.26186036154758
10.1806954274945
10.2414792940683
9.60760562600611
9.75451006787819
10.6051515071985
9.59505481671706
9.95482901795125
10.2146205205326
11.4932763589854
10.5492770538808
12.490210586057
9.50629826646247
10.0720821662086
10.2014949934205
9.0273908358655
10.1370424953873
9.39148076639521
10.8388999690811
11.4639742760902
9.41677570502679
9.95399471749201
11.1445849350111
11.3641143941206
9.50153101338157
9.08665172309046
10.0392953491143
9.13858150274421
9.92340577278405
11.0167561730714
9.60207858559948
10.0696241492363
10.2683466528609
11.0132299630512
10.6024132880532
11.4518797720754
9.96208008172486
9.92539050605279
9.72976240764948
9.83636120108619
10.336480473554
10.1584609457362
10.2366805123875
10.136767420439
10.1452678012568
10.5610488393954
9.89106181822234
8.60175172765172
11.1479276589695
10.1012201119563
9.722379250848
10.0937661000574
10.2106258169767
11.1535505108846
10.3644937060642
10.328462520263
11.1811523222646
10.2089964472923
9.20216117460177
10.2262675521064
8.74740166702976
10.818630082951
11.7189191803411
13.1227842521095
11.4778664108205
10.0395600312159
10.0170276285721
9.55851870759838
10.2546201281558
10.4521733845285
10.1627481417927
9.90254912505718
10.7535016088803
10.3169128644595
