-5.47252155647401e-12
-7.38336537476463e-12
-5.22158624446693e-12
-4.97262373960392e-12
-4.13847840620601e-12
-5.01336132060396e-12
-5.51467842652372e-12
-3.67208163419188e-12
-4.07686947651343e-12
-4.98403434021732e-12
-4.8054397960819e-12
-5.06298482713392e-12
-6.02352963942158e-12
-4.7635449679389e-12
-3.66185446917058e-12
-7.04839028848681e-12
-3.54299314855533e-12
-3.2758638020635e-12
-3.73983230479382e-12
-5.22081477690574e-12
-4.40724060132534e-12
-3.53864568732464e-12
-3.36251338124949e-12
-5.89180201311813e-12
-4.59584854702403e-12
-5.05079418973578e-12
-2.58755053380548e-12
-4.45440521060501e-12
-3.98838473809418e-12
-3.44056425329131e-12
-5.48142610254765e-12
-4.62803538276856e-12
-5.59852619781327e-12
-4.31151939969175e-12
-6.31219890648734e-12
-5.03298292148093e-12
-4.96702703564396e-12
-3.79226343054596e-12
-4.6389839731331e-12
-2.57448101999944e-12
-4.55330933426934e-12
-4.38762201037643e-12
-4.1015090778163e-12
-5.19893035716117e-12
-4.21957470063697e-12
-3.71402116549978e-12
-5.45413896104236e-12
-4.44768178356747e-12
-4.06372232104109e-12
-4.61934293868627e-12
-5.21612215074855e-12
-4.01627126480469e-12
-4.90481182844596e-12
-6.33525355999069e-12
-5.47163092906511e-12
-3.72420287940174e-12
-3.89035145369103e-12
-3.76570919780145e-12
-3.60516471876579e-12
-6.36134258988509e-12
-4.59305063894114e-12
-3.69019688799211e-12
-3.84226881348186e-12
-6.02334601809614e-12
-3.01388566937325e-12
-6.38018235236735e-12
-3.67570840294711e-12
-4.33206247673521e-12
-3.2886839652701e-12
-3.77904793911669e-12
-3.96167740599022e-12
-3.4543352997807e-12
-4.61355258517492e-12
-5.60207241440283e-12
-3.85142741120524e-12
-3.85060728533462e-12
-4.61961620445818e-12
-3.80978566136725e-12
-3.70806075386171e-12
-3.59117922034589e-12
-4.75906170623352e-12
-3.32559770284196e-12
-4.29727741242355e-12
-4.76447564122638e-12
-4.29784554423748e-12
-3.78151890824955e-12
-4.43855910954903e-12
-6.27256140618058e-12
-5.39670950078141e-12
-4.50773717308549e-12
-3.81590817782637e-12
-2.81927440669119e-12
-3.46563119730671e-12
-3.88737324079195e-12
-4.33291673008011e-12
-3.80347250867403e-12
-4.23718513571061e-12
-3.32198245340996e-12
-3.48826618495267e-12
-3.78424776079636e-12
-4.37505591334732e-12
-4.69615058938843e-12
-3.75289373095814e-12
-5.44667796280848e-12
-4.90951002859494e-12
-4.33538351496087e-12
-2.61650152227952e-12
-4.54043518858981e-12
-4.66100927057111e-12
-4.00903073938052e-12
-2.93694453098444e-12
-6.29392457065136e-12
-4.04740640017545e-12
-3.62070691214192e-12
-3.80473323783959e-12
-4.79331161614403e-12
-3.7665317748006e-12
-6.33300394898404e-12
-4.553990925971e-12
-4.90931944015636e-12
-4.63975415249625e-12
-6.54028873925309e-12
-5.74994923086827e-12
-6.14928448655615e-12
-4.64220260714034e-12
-5.85620970723667e-12
-3.62823921622349e-12
-4.87780895927439e-12
-4.9996498816065e-12
-4.17903060769568e-12
-4.16483899566914e-12
-5.27544060484176e-12
-4.17198055988312e-12
-4.55719342262547e-12
-3.36041470149042e-12
-3.20320001917798e-12
-4.03597747862965e-12
-4.53017820030847e-12
-3.89853666999347e-12
-4.09114772382671e-12
-3.4917215533387e-12
-4.12810469308341e-12
-5.17860123895816e-12
-6.56014045850102e-12
-5.17398717042167e-12
-5.69517106028072e-12
-3.89543350072462e-12
-4.37384953775682e-12
-3.99733285737369e-12
-4.6339668668029e-12
-3.70839434264022e-12
-4.80639942691338e-12
-3.64722886900148e-12
-4.09886817532683e-12
-3.20843042387127e-12
-4.65750268277422e-12
-4.5539857820856e-12
-4.37406928330474e-12
-4.25200670773069e-12
-5.36957526541524e-12
-5.23273221888713e-12
-4.55434359086652e-12
-3.87510094175579e-12
-3.9729648692114e-12
-4.49793844353168e-12
-5.05241351556925e-12
-6.37319906529987e-12
-4.36439858004834e-12
-5.1558869508542e-12
-3.85344233169424e-12
-3.09070719884779e-12
-4.5832090634409e-12
-5.19169496098751e-12
-4.83550719536814e-12
-5.61207189774532e-12
-4.27304204652013e-12
-4.08923684813318e-12
-3.27819239876111e-12
-5.97996605142223e-12
-4.30931047705964e-12
-4.12143104696392e-12
-3.72475865892786e-12
-4.08664260855725e-12
-4.47760421431344e-12
-3.83980456748231e-12
-5.25351863392651e-12
-5.28513030642112e-12
-4.77324378258883e-12
-5.49675738278328e-12
-4.12913349339492e-12
-5.90932939459295e-12
-4.7912727090131e-12
-3.85207037397661e-12
-5.24232104551546e-12
-6.31862800980809e-12
-6.90474906281356e-12
-4.43515768301437e-12
-4.95331360843462e-12
-3.84969327200381e-12
-3.92720853191134e-12
-3.87957174058305e-12
-5.82702122727813e-12
-5.32711609368082e-12
-4.34827500660421e-12
-3.50795935596506e-12
-4.48518840065952e-12
-3.97377101758326e-12
-3.25968161672575e-12
-4.25389386527935e-12
-4.64153418836394e-12
-4.78650911882995e-12
-4.1629328072986e-12
-4.50215402634156e-12
-4.46764861617883e-12
-4.35410070931028e-12
-4.056917605875e-12
-3.48498994144343e-12
-4.30881221272934e-12
-3.54450080946231e-12
-5.42919324440408e-12
-4.54374171318602e-12
-4.80214214342834e-12
-4.59252227973088e-12
-4.25295363243549e-12
-4.6614642678114e-12
-4.56857000808118e-12
-3.26656148700602e-12
-4.54765507209466e-12
-5.347756880895e-12
-4.18923513321028e-12
-5.48910051632589e-12
-5.26174352613103e-12
-4.41641374905726e-12
-3.32344993386658e-12
-3.14879195271886e-12
-4.70691126488902e-12
-4.80449978275427e-12
-3.49732355392522e-12
-3.67954250240481e-12
-5.6798945603621e-12
-5.64663739933567e-12
-4.27806794551753e-12
-5.06487677265827e-12
-3.63698140323916e-12
-4.69610198854291e-12
-3.32258037012431e-12
-5.06734782806723e-12
-3.55546187489688e-12
-4.21371305842634e-12
-4.82095282025929e-12
-3.24400606180243e-12
-3.87871769926971e-12
-6.190074996904e-12
-4.5693924394422e-12
-3.11040197634162e-12
-3.9198493988491e-12
-4.82402004221756e-12
-4.42294968165058e-12
-7.59920810409048e-12
-5.15970486220812e-12
-4.95266298268435e-12
-5.8456621414858e-12
-7.05244553788947e-12
-4.30773703787319e-12
-3.58935871150473e-12
-4.85969461398383e-12
-5.38466548537334e-12
-3.90054134377343e-12
-3.64353434956314e-12
-5.0241335954719e-12
-5.59950738409187e-12
-3.84176692437669e-12
-7.56959997206653e-12
-3.19887601709344e-12
-5.02700556336773e-12
-4.52161920416042e-12
-5.32338135604007e-12
-4.92125461020036e-12
-4.19573282005111e-12
-5.60793632212472e-12
-3.71597474298188e-12
-4.73269408566846e-12
-6.73800421252328e-12
-5.15060219674401e-12
-4.58282161380133e-12
-4.81493032514071e-12
-4.49308268120175e-12
-5.23976594471833e-12
-4.795528329451e-12
-3.85450265150128e-12
-5.57683090923964e-12
-4.88038079343523e-12
-5.64625386970157e-12
-5.382774136633e-12
-3.90145448110664e-12
-3.59156654582247e-12
-4.41249252328451e-12
-4.63895548895173e-12
-4.25505195267331e-12
-6.03309460474604e-12
-5.46861159665873e-12
-4.19788884403484e-12
-4.27730263624619e-12
-4.61789909005622e-12
-4.70185652829813e-12
-3.7641166655604e-12
-5.46090692984962e-12
-5.20726911479484e-12
-3.80247946744618e-12
-4.84044923665697e-12
-4.84504338003212e-12
-4.1235708186613e-12
-4.88119497507847e-12
-3.50825808728239e-12
-3.96192019102161e-12
-3.39268870722102e-12
-4.96574257223029e-12
-5.91274229470065e-12
-5.49658506686895e-12
-5.8568852268051e-12
-3.61043464388259e-12
-5.75051175485807e-12
-5.8110554304883e-12
-5.19013556805315e-12
-4.32738237848611e-12
-4.46867272070621e-12
-5.86792846206594e-12
-4.02615405822683e-12
-4.2554518094322e-12
-5.76199431646445e-12
-5.06444375829348e-12
-4.75546410455279e-12
-3.01291447559576e-12
-5.06805999521136e-12
-3.21756037394459e-12
-4.75932205754819e-12
-3.6824564238892e-12
-3.90006791380877e-12
-4.70359289986106e-12
-4.90753549190122e-12
-3.94996491607962e-12
-5.80704323014506e-12
-4.72158924612065e-12
-4.92086099102966e-12
-5.05756685412699e-12
-4.02608958833809e-12
-6.20417697727419e-12
-5.52624673751867e-12
-4.01944752548507e-12
-3.91099484819058e-12
-6.42074193809266e-12
-4.45333742414822e-12
-4.4547006015757e-12
-3.91542315522628e-12
-3.95669148696663e-12
-5.22380317648592e-12
-3.78169597282823e-12
-3.7012962175277e-12
-3.99289236532017e-12
-4.03595557790966e-12
-3.77752279146349e-12
-3.5287655475403e-12
-4.96675461098213e-12
-6.20415211250574e-12
-5.62437088817489e-12
-3.38874366761361e-12
-4.90060009192586e-12
-4.07168417690943e-12
-4.84608422195498e-12
-3.57451365616696e-12
-4.59973782167697e-12
-4.58329256591086e-12
-4.07046871999098e-12
-5.24684235239425e-12
-4.20959742133614e-12
-4.53968661641739e-12
-5.13385093057059e-12
-5.42675935483092e-12
-4.49723176655611e-12
-3.60123482237424e-12
-4.8546321157405e-12
-5.50706390190642e-12
-5.00406533664375e-12
-3.32542481245743e-12
-4.59291358684797e-12
-4.92156831332984e-12
-4.34690216134142e-12
-4.50657120331614e-12
-3.1648597946911e-12
-3.34857084317077e-12
-6.02438624858277e-12
-4.11018488829873e-12
-3.15182757798883e-12
-6.37930987480223e-12
-4.82571451172712e-12
-3.09148135462045e-12
-5.12635514015607e-12
-4.84392381804406e-12
-5.12868768334497e-12
-4.26616020342795e-12
-3.30996032317521e-12
-4.74624315194536e-12
-5.99451423403355e-12
-3.91697711877204e-12
-3.35931720134254e-12
-4.7985130439444e-12
-3.44286237196719e-12
-3.47453977797124e-12
-3.72759195584098e-12
-3.88432153825375e-12
-4.71376895706691e-12
-3.49604879788474e-12
-4.88159335546108e-12
-3.32808302755643e-12
-4.4265461780336e-12
-4.33104179203736e-12
-5.28238230537915e-12
-3.56289877735865e-12
-4.19060536046457e-12
-4.30529520158405e-12
-5.30689856132738e-12
-2.6331830723517e-12
-5.80102161693959e-12
-4.97705746650746e-12
-3.64549312220787e-12
-4.42023123018773e-12
-3.13334391967969e-12
-3.39398903893951e-12
-3.60403955958184e-12
-4.55905368720703e-12
-6.39259367496207e-12
-5.81844038692011e-12
-3.59772597875392e-12
-5.20615204966663e-12
-3.32548924816954e-12
-4.50687879342531e-12
-4.38035953689832e-12
-6.41992797679659e-12
-4.01500340422748e-12
-3.51010688765768e-12
-4.81547342180499e-12
-3.94991314524697e-12
-4.10316340697889e-12
-5.86824092416858e-12
-4.13912283290196e-12
-4.75666607637979e-12
-3.65035997640253e-12
-4.13011603954605e-12
-3.88203069411492e-12
-3.35625302325574e-12
-4.44580826143193e-12
-4.46493500962099e-12
-4.7903000699287e-12
-4.98458483138204e-12
-3.84184471343072e-12
-5.44492778290888e-12
-3.75555287966961e-12
-5.01354704547508e-12
-4.73094677413873e-12
-4.94054202645142e-12
-3.71756728717183e-12
-4.06536000633591e-12
-5.16626805669438e-12
-3.89037512084939e-12
-4.0953413881333e-12
-5.87642155527789e-12
-3.33391706547574e-12
-3.22211842836315e-12
-3.31188295768791e-12
-4.32908177853111e-12
-4.50332220715243e-12
-5.24030111356476e-12
-4.33061052554918e-12
-4.51805866728183e-12
-4.66141231202229e-12
-4.54321764844048e-12
-4.74976439959799e-12
-4.67912746896292e-12
-3.79558534163208e-12
-4.13786882743106e-12
-3.38959760508955e-12
-3.64610051144781e-12
-5.80083995048852e-12
-3.2702248893729e-12
-3.2423174798105e-12
-5.34847750095688e-12
-3.89373551438833e-12
-4.84374543495271e-12
-3.51822962597557e-12
-3.66333429944004e-12
-4.84806053561971e-12
-5.26620116217198e-12
-4.79133338211861e-12
-4.52994824403556e-12
-5.06204065023401e-12
-4.97833340267386e-12
-4.44756452376162e-12
-4.44054327476736e-12
-3.21990764771934e-12
-4.63780583514285e-12
-4.53717194914332e-12
-3.51961381646614e-12
-5.82600120164722e-12
-4.15827853807982e-12
-4.50608350415166e-12
-4.51427783622436e-12
-5.36360202420096e-12
-5.2295413449638e-12
-6.50430420756905e-12
-4.496940167469e-12
-6.3348226825689e-12
-5.05204832997187e-12
-4.51767377633793e-12
-3.73361050355982e-12
-4.23466007550599e-12
-4.25887078811178e-12
-4.75040977400813e-12
-4.88726672501495e-12
-4.24610983147712e-12
-6.42574663691215e-12
-3.61553996411451e-12
-4.32972822329314e-12
-5.34522904891898e-12
-3.1739249805455e-12
-4.355166837428e-12
-5.32398261855295e-12
-4.87186648140194e-12
-4.44089688052989e-12
-4.10476863826778e-12
-3.59901884219506e-12
-4.83513249469514e-12
-3.68109568040675e-12
-5.44501702306866e-12
-4.36906913147058e-12
-4.78596504940687e-12
-5.94554746782283e-12
-5.10309824673312e-12
-5.10271627098166e-12
-3.76573251854411e-12
-4.42242890706505e-12
-4.20686762527764e-12
-5.85561798668778e-12
-4.83978145404873e-12
-3.5432226758091e-12
-4.39405354084908e-12
-6.19537385629687e-12
-3.7292671119676e-12
-3.99811821931247e-12
-4.68281500804792e-12
-3.26358313656508e-12
-4.0830669690127e-12
-5.60896394621834e-12
-4.68513009142637e-12
-5.41647526384618e-12
-4.12677947213163e-12
-4.50641013189215e-12
-4.98939627232875e-12
-4.11108221474265e-12
-3.0316551791622e-12
-3.81164503019305e-12
-4.36413800645414e-12
-5.02366545236407e-12
-4.702266547565e-12
-4.31746584244843e-12
-3.78128761671588e-12
-4.57177968475737e-12
-3.8727016907091e-12
-4.59327991953325e-12
-5.41014366823063e-12
-5.40687369999295e-12
-5.72624404950631e-12
-4.24183902862968e-12
-4.98964494366325e-12
-4.1029285827057e-12
-5.5716301361617e-12
-4.81836934028781e-12
-6.05587244089906e-12
-2.82400910948741e-12
-3.14456542936214e-12
-6.33140396634664e-12
-4.89681864871255e-12
-3.23544935893587e-12
-3.49479254627915e-12
-3.72880745258734e-12
-5.98864282136433e-12
-5.4310048473365e-12
-3.90276460867203e-12
-5.60559013577071e-12
-5.08118602286385e-12
-4.45885122606563e-12
-3.57102206326998e-12
-3.07693262945298e-12
-5.24645138344971e-12
-4.97116544701513e-12
-4.36845593789502e-12
-5.78915693704787e-12
-3.7858077598977e-12
-7.00727416505717e-12
-6.30182949591508e-12
-3.81611544732413e-12
-4.20153600139862e-12
-5.99480543433826e-12
-4.24107983343182e-12
-3.841855568316e-12
-3.84993780000566e-12
-3.67248156563247e-12
-3.30490040733415e-12
-4.53248352225185e-12
-4.58149320475396e-12
-4.33402810388628e-12
-4.96331959089303e-12
-4.11883763611387e-12
-6.24151425597079e-12
-4.12055602371359e-12
-3.20077751428186e-12
-4.34699747495061e-12
-3.49557610471043e-12
-3.93121763282715e-12
-5.24529703731033e-12
-5.44694296721994e-12
-3.95524253288528e-12
-5.28740944843758e-12
-3.88506630242909e-12
-5.31947016521355e-12
-5.25104234490572e-12
-4.05113055196529e-12
-5.22606166497063e-12
-5.74650141474811e-12
-4.03476350648012e-12
-4.1441055449819e-12
-4.7002172431643e-12
-3.56767245200888e-12
-6.78869978792303e-12
-4.51976694783419e-12
-3.91470820125042e-12
-5.712987896371e-12
-5.68582107257644e-12
-4.05116088047149e-12
-4.13114353554646e-12
-5.36576743170946e-12
-3.51520517622878e-12
-4.09552491712725e-12
-3.36844848726812e-12
-4.43771853673345e-12
-4.95519732231819e-12
-4.75496559486552e-12
-4.40276108997038e-12
-3.60615563548414e-12
-4.24331681855326e-12
-3.89992727599363e-12
-6.25126002891035e-12
-5.45744536887569e-12
-6.64972920917065e-12
-4.86153775213899e-12
-4.38981667015329e-12
-4.88754180819516e-12
-3.56765344530825e-12
-4.18676624372533e-12
-3.83539717910913e-12
-4.88728862571189e-12
-5.26025959960494e-12
-3.93584678497956e-12
-5.00876640283849e-12
-4.12043422427653e-12
-4.41063162955357e-12
-5.92775478318896e-12
-4.57805792194717e-12
-4.66727711729338e-12
-4.93776851828528e-12
-4.08463078444437e-12
-3.07538909025222e-12
-3.60076605349119e-12
-4.39689787785462e-12
-3.77452932257217e-12
-4.58952416036058e-12
-4.70321482306557e-12
-5.7258226162728e-12
-4.9307268794924e-12
-3.43828534805574e-12
-4.12311171040138e-12
-4.17540178560079e-12
-5.15859960215048e-12
-5.05781970942332e-12
-4.98013034256338e-12
-5.67850207266856e-12
-3.70834536648407e-12
-6.60759739069974e-12
-4.39747647447096e-12
-7.05145814292678e-12
-6.31450630362117e-12
-4.74671410017379e-12
-5.09280288963756e-12
-3.82952304016845e-12
-4.36464635953845e-12
-4.53888904988692e-12
-3.4352228165429e-12
-3.93096200538864e-12
-4.43239384076698e-12
-4.75775952927985e-12
-6.28402274903051e-12
-4.82027570840342e-12
-6.05397055363677e-12
-3.90870148852644e-12
-3.96078208407388e-12
-4.53228446583183e-12
-3.90512653225305e-12
-3.69008901898617e-12
-7.88969696263618e-12
-5.17294059617432e-12
-3.54328860834461e-12
-3.72230848943961e-12
-4.32802501983968e-12
-5.01465830039318e-12
-4.50601036882697e-12
-3.94009973723503e-12
-4.26597880910026e-12
-4.65248595308654e-12
-3.96993806928373e-12
-3.31026726784346e-12
-4.29235126540969e-12
-4.86470816025565e-12
-4.06808382740815e-12
-4.75968021162434e-12
-5.16533677118426e-12
-3.40819010935591e-12
-4.33989169657985e-12
-4.19490746557777e-12
-4.97125017411723e-12
-4.34591170916542e-12
-3.54572421914283e-12
-4.68530719772828e-12
-4.55715176929655e-12
-3.77741230830519e-12
-3.59170335951025e-12
-4.05128095488777e-12
-4.08681639507205e-12
-4.00486990232428e-12
-2.59821600035602e-12
-4.71957530447925e-12
-3.82239404025435e-12
-5.60985166669844e-12
-3.81053438148819e-12
-5.76859272604562e-12
-3.60026095571026e-12
-5.10337856357728e-12
-6.29541858135413e-12
-4.30144654547947e-12
-5.45448714617051e-12
-4.04268507038809e-12
-4.13079869420831e-12
-4.60166877299329e-12
-2.8922274124667e-12
-4.3750531922079e-12
-6.62513994838203e-12
-5.01039716085586e-12
-5.05052062505284e-12
-4.86573871362189e-12
-5.63947257745674e-12
-3.75820025048258e-12
-3.54999119537998e-12
-4.14447515437257e-12
-4.53849571179115e-12
-3.74331476736952e-12
-3.96323770351296e-12
-4.98711433131772e-12
-3.95542925132353e-12
-5.13158184573772e-12
-4.6677094600669e-12
-4.44288843239188e-12
-5.44193952463308e-12
-4.11414260859521e-12
-4.29728683835815e-12
-4.03731095812159e-12
-5.6719780967194e-12
-4.09843334252987e-12
-7.77876283163279e-12
-4.45056856994737e-12
-2.90125562107232e-12
-4.18983125677601e-12
-3.67247954053159e-12
-3.15342614085297e-12
-4.88610623629851e-12
-4.32326924605781e-12
-3.40414417385394e-12
-4.00460165496489e-12
-2.98685189469064e-12
-3.20436462416355e-12
-3.02272495488629e-12
-3.04384608725064e-12
-4.53244649225289e-12
-4.97527484475349e-12
-4.34005640982705e-12
-4.61020852181064e-12
-4.48837993110222e-12
-4.91850215371238e-12
-5.0855254875057e-12
-4.86195917093668e-12
-4.7147870833292e-12
-5.16862433177464e-12
-3.48377398210567e-12
-5.91535513015068e-12
-5.22099675065727e-12
-4.23688243553446e-12
-7.75594308233373e-12
-4.42277098949519e-12
-4.58143342504067e-12
-4.40081880185873e-12
-4.64383415271426e-12
-4.10774719239261e-12
-5.35453329077645e-12
-3.16923414894645e-12
-4.90903848570263e-12
-4.29941180553804e-12
-4.37745911266571e-12
-6.47084764553484e-12
-5.01173742898991e-12
-4.40276098453127e-12
-3.84318620270705e-12
-4.78788861546008e-12
-4.02166210525077e-12
-3.6225146919366e-12
-5.24426917891203e-12
-3.55963329081917e-12
-4.80949423675438e-12
-5.86784049538856e-12
-4.6200164162009e-12
-5.23039574118842e-12
-3.88324263655075e-12
-3.30874200676516e-12
-4.93892429850844e-12
-3.47920169290007e-12
-4.59203491724332e-12
-4.21850398753325e-12
-4.34732454222433e-12
-5.47391039858263e-12
-5.22244753304215e-12
-4.63618550824786e-12
-5.72833295014803e-12
-4.09477118488946e-12
-3.85573186219018e-12
-3.34163885948996e-12
-4.42208807610388e-12
-6.94033369500091e-12
-5.21808363373334e-12
-3.85366782269849e-12
-3.21978742395071e-12
-4.5637582550056e-12
-4.48767574282891e-12
-4.36543577963883e-12
-5.24426226997008e-12
-3.71127889287147e-12
-5.01684415166528e-12
-3.0385802662836e-12
-3.36688688352651e-12
-3.3996114184058e-12
-5.23143790549097e-12
-4.05946308619783e-12
-5.67834951032967e-12
-5.59542044039196e-12
-3.12605947123407e-12
-5.90526506240561e-12
-3.75215470195053e-12
-4.97952578554577e-12
-5.32112123606367e-12
-4.20240452116839e-12
-4.9752667777704e-12
-4.9393824427745e-12
-3.69124853122053e-12
-3.72882433740567e-12
-5.47030363153418e-12
-4.08447896650205e-12
-4.8651550301284e-12
-3.74442830232296e-12
-6.40128432548557e-12
-4.63654060985461e-12
-5.42189081528201e-12
-3.64858486468325e-12
-4.81745208291766e-12
-3.96042667354095e-12
-3.66162490342395e-12
-3.31308554130264e-12
-6.06150149067917e-12
-3.83482864885789e-12
-4.04081536448505e-12
-3.72760050679011e-12
-5.14280754463429e-12
-5.30389607896071e-12
-5.51929985435544e-12
-4.52077588187889e-12
-3.11338024314901e-12
-3.89642512569418e-12
-5.12525254215857e-12
-5.00250752882176e-12
-3.91917427980102e-12
-4.03343806080546e-12
-4.73969094307554e-12
-4.84911467945483e-12
-4.34063050423248e-12
-4.70782785863541e-12
-4.02952278616193e-12
-4.86836355936839e-12
-4.23771464646285e-12
-6.5411065864032e-12
-3.80558403216478e-12
-4.79862283791565e-12
-3.47909411173859e-12
-2.95966741111265e-12
-5.26250989541927e-12
-4.29930053732972e-12
-3.65787608945622e-12
-5.75750140348376e-12
-3.74099834351279e-12
-3.55517943034458e-12
-3.24728905406068e-12
-7.0365572408228e-12
-4.81187581368236e-12
-4.98560966521796e-12
-5.51461772631545e-12
-4.80862879725762e-12
-4.58990729324337e-12
-4.31471764848081e-12
-5.99103590626582e-12
-5.40401758651279e-12
-6.7249470608083e-12
-4.89568569348165e-12
-2.87516895917104e-12
-4.34957445852643e-12
-3.43963076997667e-12
-4.32004242125472e-12
-3.45977381553648e-12
-2.95273010423542e-12
-3.7214579145845e-12
-3.91403815426894e-12
-3.9512995778043e-12
-3.52702136900559e-12
-5.84131952923076e-12
-4.1826501283818e-12
-4.31470230373632e-12
-5.47478042035156e-12
-5.66720324127963e-12
-5.55161298416559e-12
-3.75189037653692e-12
-3.78024286311481e-12
-5.32066955637245e-12
-4.82677535939956e-12
-5.57661541776126e-12
-5.22086972798849e-12
-3.6673796599733e-12
-4.36502340181722e-12
-4.43497045503292e-12
-3.7087808456663e-12
-4.7590273589597e-12
-5.44751265066342e-12
-4.123885757817e-12
-5.06332021956455e-12
-3.6738429555644e-12
-4.66852333062603e-12
-2.92493673679284e-12
-6.51021879488323e-12
-5.84730080578815e-12
-3.8125005171676e-12
-3.42080156563319e-12
-5.67201558814449e-12
-5.23283533460476e-12
-4.88101297443091e-12
-6.58852553621328e-12
-5.91306255202203e-12
-4.40177067578204e-12
-5.59614055580656e-12
-5.06530758988219e-12
-4.10578095032053e-12
-3.58188737363946e-12
-3.57046593762742e-12
-3.78438893932467e-12
-5.13557961002572e-12
-4.34736421658931e-12
-4.75052359600879e-12
-3.45284538327243e-12
-4.7560301644416e-12
-3.80113434615315e-12
-5.30199712719794e-12
-3.71078810871781e-12
-3.80383029487301e-12
-5.70861111648315e-12
-6.32618727339437e-12
-4.47367271509521e-12
-4.47820461420556e-12
-4.84578053634106e-12
-4.36074131536067e-12
-4.03726982726391e-12
-6.03762192506262e-12
-5.09118197746599e-12
-3.52701730873793e-12
-3.46258285949382e-12
-4.26163052347952e-12
-3.48761276744299e-12
-3.85729562605226e-12
-4.05358391058568e-12
-4.19834464934537e-12
-5.45211782240405e-12
