7.89985179185774e-08
7.88453779839912e-08
7.3029703392039e-08
7.97145978135368e-08
8.96321777806228e-08
8.39782933477516e-08
7.70946590516962e-08
7.98188651435052e-08
7.49612846385878e-08
9.42583716241789e-08
7.72317894110507e-08
7.73126933744891e-08
8.55349256548797e-08
7.35546717893962e-08
7.75977850206858e-08
8.18276707969803e-08
8.31903679070656e-08
7.49028412006453e-08
7.4449561048504e-08
8.17405092624679e-08
7.36685378540611e-08
9.08289159730357e-08
7.87686436471416e-08
7.62031738463293e-08
7.96959859079737e-08
7.62450978668229e-08
8.30779983628214e-08
7.69636576885917e-08
8.464756981443e-08
7.54807903271566e-08
7.20550689292658e-08
7.50546272566531e-08
8.2725723015895e-08
8.15198394067275e-08
7.95687493601243e-08
8.15424904758177e-08
9.72310132356172e-08
7.42859713991274e-08
7.56987397368225e-08
7.81891560840588e-08
7.87351638023229e-08
9.757322079439e-08
7.61091510069787e-08
8.18929669579973e-08
7.05230747353305e-08
7.95690950713845e-08
6.8938901713131e-08
7.69029306175047e-08
9.07514995357602e-08
7.65455655010752e-08
7.14583380876552e-08
7.21153548780203e-08
8.13850247655713e-08
8.5949339074789e-08
7.53690016712274e-08
8.57463444709056e-08
7.90928644511244e-08
8.66790512463321e-08
8.60362540713781e-08
7.38095080360976e-08
7.60935212651128e-08
8.61658600287669e-08
7.66509528545909e-08
8.60937128382576e-08
8.16863453210712e-08
7.92286382661196e-08
7.38770534203199e-08
7.70678858373489e-08
7.48116675408566e-08
8.26805327936175e-08
8.55280707054095e-08
7.96410954984507e-08
8.00200122528199e-08
8.18657700470658e-08
7.43257695440166e-08
8.33372670837646e-08
7.47130886650463e-08
7.82939232639007e-08
7.78758112445886e-08
9.87629625203665e-08
7.76405296761311e-08
8.53542296138501e-08
8.2640724987673e-08
8.95949268684459e-08
7.99724539196785e-08
7.3025391297763e-08
7.73744232146188e-08
7.187043888997e-08
8.18861114065587e-08
7.29782707988544e-08
7.54615531057185e-08
7.55275244359906e-08
8.14752076123468e-08
8.18082521494731e-08
8.06654047753589e-08
8.60907692663395e-08
8.33805386207155e-08
7.95841264769476e-08
9.13157768065361e-08
7.72850106152295e-08
7.80011872448864e-08
7.85010885446542e-08
7.45156746098081e-08
9.21437450152051e-08
8.46730078333253e-08
7.68237485357979e-08
8.52557726298523e-08
9.17592974870059e-08
8.09871662306984e-08
8.61990473141444e-08
6.63139865814672e-08
9.1353114415147e-08
7.84493556084005e-08
8.36798759037124e-08
8.8151846884409e-08
6.81786903705992e-08
7.87701487757658e-08
6.91823567482993e-08
7.94587417058435e-08
8.0743594058051e-08
7.69594605520966e-08
8.66512136740041e-08
8.31229171337255e-08
8.13667100778117e-08
9.10717982059373e-08
7.90323277195716e-08
8.10671565868949e-08
7.89668354944285e-08
7.56982657038755e-08
8.21869506930437e-08
7.35491677640251e-08
7.84818773426349e-08
9.16514625206245e-08
7.12888725106652e-08
8.17185023590855e-08
8.77624747016245e-08
7.58368665764119e-08
8.11620228816388e-08
8.36138414493942e-08
7.78058785764435e-08
7.55236639669412e-08
7.90299766339525e-08
8.10942995595735e-08
7.57547081602231e-08
8.32691072454412e-08
8.00022062430771e-08
8.7927863736188e-08
7.73505860566966e-08
8.45804752987805e-08
7.5421348451494e-08
7.54833619354746e-08
7.90432911479242e-08
7.6605584222432e-08
7.89081530726386e-08
7.84581564578567e-08
8.10062152883326e-08
8.95463105293728e-08
8.25984458734878e-08
7.71987966166728e-08
8.35578418923812e-08
8.97306661925324e-08
8.78227054250791e-08
7.33356959549631e-08
7.4390293211837e-08
7.57972702917032e-08
7.93173769397678e-08
8.40943844883957e-08
7.54374709481328e-08
7.30359155767676e-08
7.22836404801733e-08
7.43056387670496e-08
7.48547949782893e-08
7.58912059166828e-08
8.51253114255606e-08
8.31691487860699e-08
7.53990892676732e-08
8.27097467603484e-08
8.3378602014966e-08
8.92313400383388e-08
6.7988530892996e-08
8.60599097588089e-08
8.766904742355e-08
8.00109592600725e-08
8.67051425585704e-08
7.14702428576225e-08
9.10398128130451e-08
8.30266454986961e-08
8.59848406132538e-08
7.20241574172347e-08
8.26997207217752e-08
8.04238801156884e-08
7.47659438829821e-08
8.08837425506415e-08
7.61610124940488e-08
7.86861121954135e-08
7.94774742133785e-08
8.56481241336278e-08
8.35674109004614e-08
8.54868900511041e-08
8.26898918587817e-08
8.09085825699756e-08
9.37990176318599e-08
7.7975700789942e-08
7.80164103692022e-08
7.8711785283423e-08
9.06691813867024e-08
7.87476456439813e-08
8.54940894590472e-08
6.9578575082659e-08
7.3044577317864e-08
7.85418707400267e-08
8.53651879449491e-08
7.05790988871451e-08
8.79306333441049e-08
7.75285205331387e-08
7.42371984834868e-08
6.89230225625214e-08
8.59002037703376e-08
6.97766536570186e-08
8.18553822852631e-08
7.6865358205528e-08
7.42875200252032e-08
7.15781360950497e-08
7.51108960831044e-08
8.9680219263359e-08
8.67689084632558e-08
8.83597066086815e-08
7.75710760492363e-08
7.9428826820945e-08
8.40420608132978e-08
7.74215180887919e-08
8.58854451534438e-08
8.15043866033922e-08
8.45012684110364e-08
9.0156475452742e-08
7.97610631374056e-08
7.90191823228567e-08
9.04436420940645e-08
8.81701106148114e-08
8.79082423410989e-08
8.11781992919205e-08
8.19347729442785e-08
6.81805455565027e-08
8.51226296578944e-08
8.96131315204771e-08
8.0415074369038e-08
7.62753537370077e-08
7.95505972178205e-08
8.92905224816481e-08
7.41178314956957e-08
8.04652728843489e-08
8.66432603638691e-08
8.14923218176436e-08
9.40916847557143e-08
7.83248444383952e-08
7.70252689890515e-08
8.53034908706062e-08
7.64680315872093e-08
7.52105839253775e-08
8.21460079657227e-08
7.9644786768058e-08
7.32402470565662e-08
9.07054885591267e-08
7.93329299669788e-08
7.36488529150352e-08
8.56116294689997e-08
8.06179550454365e-08
8.37034817693701e-08
8.02489173060512e-08
7.9845742810727e-08
7.89094810691187e-08
7.51502343962287e-08
8.07698628069165e-08
7.65405253696408e-08
7.90012240296918e-08
7.92070837269998e-08
8.08877047543063e-08
8.69189150922533e-08
7.26484691321685e-08
7.57806587970182e-08
7.38724077949818e-08
7.40720693726777e-08
7.93930786120846e-08
8.51924964546769e-08
7.5246757238471e-08
9.04687275614961e-08
8.1103145217804e-08
7.88152392736979e-08
7.78058465420354e-08
7.27553918049268e-08
8.66666551570657e-08
7.53422443103865e-08
7.95202478800683e-08
7.77632837802326e-08
7.43819752675783e-08
7.61867720094971e-08
8.37700554747171e-08
7.71254096227662e-08
9.5067663778801e-08
8.74483781119143e-08
7.57003361459346e-08
8.72666172601904e-08
7.18280376596761e-08
7.39855923356764e-08
7.07353994659171e-08
7.69940037376229e-08
7.5140693195012e-08
7.78994145073626e-08
8.6098285107992e-08
7.51282232880456e-08
7.54201090319722e-08
7.78795283346858e-08
7.99081072976614e-08
8.7511104610476e-08
8.95510261332629e-08
8.39649289988996e-08
7.7683870205179e-08
8.80896882346453e-08
7.67213248510462e-08
7.97482726496664e-08
7.71143728333505e-08
7.46992301331548e-08
7.25085984513891e-08
7.72591276398991e-08
7.74057889123012e-08
7.78219882578812e-08
8.99213322286397e-08
7.47553394511352e-08
7.68207799012751e-08
8.14867312345227e-08
7.71641343502532e-08
7.2699102161211e-08
8.70523250811178e-08
7.65241053573432e-08
8.12199000443541e-08
7.87610385537396e-08
8.00508070303486e-08
7.8625066468254e-08
7.94500541852601e-08
8.06427056283813e-08
7.06551018570163e-08
7.77050264202544e-08
8.96558004570082e-08
7.83125665917566e-08
8.85721904169393e-08
7.66684053828268e-08
7.40535346241528e-08
8.42942270390104e-08
8.15000881823618e-08
8.26614789434965e-08
7.60712199366671e-08
7.99655031696183e-08
7.57396745183042e-08
9.09148080180185e-08
7.90081262677915e-08
7.17465372262533e-08
8.42936186564067e-08
7.96486657151969e-08
7.13615941078454e-08
7.86791810549773e-08
7.52075865982064e-08
7.55637819998157e-08
8.57360235096771e-08
7.06444624595164e-08
7.04872550428231e-08
8.23901713314602e-08
8.61022940123965e-08
7.47680269655604e-08
8.14843915914626e-08
8.91687909975872e-08
7.98296900574948e-08
7.46159829820538e-08
8.03750139018774e-08
8.02247075908618e-08
8.6035499855443e-08
8.39210477834573e-08
8.58228666345133e-08
7.20886142418661e-08
7.63309889462501e-08
8.78494770353041e-08
6.94725300639393e-08
9.0163484314555e-08
7.93962382362064e-08
9.0124865348983e-08
9.1952458016542e-08
8.00635167095894e-08
7.82175257234709e-08
8.1031470282722e-08
8.31685707682855e-08
7.7606926388064e-08
7.24572308042276e-08
8.20176191151142e-08
7.57177616599998e-08
8.71741350153261e-08
8.40072280304097e-08
9.71469849515838e-08
7.92468416916264e-08
8.02897963280637e-08
9.23297368846834e-08
8.2605868216609e-08
9.44738314306812e-08
8.45871543276399e-08
7.00615852141593e-08
8.71088077295482e-08
8.08621978512856e-08
7.4077240489757e-08
7.47325105882601e-08
7.74887947262208e-08
8.42055220511761e-08
8.8298696971412e-08
9.31640162001306e-08
7.92028486383474e-08
7.65015183833575e-08
7.87675862699527e-08
8.0717012919505e-08
7.62568226812503e-08
7.357566254215e-08
8.51317639505877e-08
9.61127138893053e-08
7.84813635178411e-08
7.84890180058451e-08
8.18683988554412e-08
7.52429101327435e-08
7.94103870724614e-08
8.11274800834532e-08
7.06899798070437e-08
8.76345589843845e-08
8.62587224058022e-08
8.26943176143762e-08
8.50859203766083e-08
8.2946428089555e-08
7.80017414022244e-08
8.83779175151575e-08
8.08838650345358e-08
7.80247576375083e-08
7.66930666745591e-08
7.67226840812268e-08
7.8383957158735e-08
8.7059741256548e-08
7.48578327469912e-08
7.36033171337797e-08
8.33060674557999e-08
7.94671198180464e-08
7.67815405870775e-08
7.67969945540691e-08
8.3193943826164e-08
7.92480134536528e-08
8.20653115981533e-08
8.26896326417417e-08
8.94513087881078e-08
7.35356257066809e-08
8.68705289793298e-08
7.28775250702866e-08
7.73493996615612e-08
7.53217942952197e-08
8.00831832401492e-08
7.31330310232837e-08
7.3815033062978e-08
8.22930826525944e-08
8.03253534093192e-08
7.2082961010215e-08
7.92749522591098e-08
7.65814040891089e-08
7.95467818638437e-08
8.34301040763991e-08
7.06493956860403e-08
8.09900246800109e-08
7.21397662434539e-08
7.85983871004615e-08
8.43045208791861e-08
8.57105007440818e-08
8.72010189490435e-08
8.09690272029738e-08
7.79970381151781e-08
8.6171416491648e-08
8.01298199619111e-08
7.66201539377438e-08
7.60194259030553e-08
8.08591288198061e-08
8.39870099744489e-08
8.12413718725031e-08
8.42703074532615e-08
8.36125913528167e-08
7.79089280873989e-08
8.01114873565539e-08
6.88956679911507e-08
8.99556941357616e-08
7.89350861738428e-08
8.75648313586302e-08
7.85799279950532e-08
8.05894032929684e-08
7.12958727224113e-08
7.65588512881555e-08
8.92887778194212e-08
7.95715180263324e-08
7.88293697166162e-08
7.88829022969852e-08
8.42692751645881e-08
7.595745079633e-08
7.4815792595121e-08
8.86834485018226e-08
8.20822700639929e-08
7.08791433241496e-08
7.59458915601283e-08
7.81666715632935e-08
8.25516305614742e-08
7.48210044929623e-08
7.20352823698091e-08
7.80021983311565e-08
7.26625035797503e-08
7.76725584064134e-08
6.93677760932844e-08
7.29653867523643e-08
7.99566053115716e-08
8.81848812524669e-08
8.54350479883568e-08
7.38293738018967e-08
7.57519107030755e-08
9.24654317738064e-08
8.23351470758437e-08
7.97352789020509e-08
9.84263280166464e-08
7.11056380831272e-08
8.03564717832985e-08
7.477526331343e-08
8.05916483337732e-08
8.52613172510746e-08
9.01753872827773e-08
7.86132078826318e-08
9.32449561421854e-08
8.03833257462057e-08
9.02914692074288e-08
8.01608448683257e-08
8.59532512849349e-08
8.35191190599646e-08
8.82885419955832e-08
7.61633319450961e-08
8.41259421088675e-08
6.81896650766631e-08
7.24918095114886e-08
8.42393097730633e-08
8.30326676391446e-08
7.96364072588589e-08
8.14862750599959e-08
9.03995617095891e-08
7.95630019860334e-08
7.94884513960248e-08
7.42371201263329e-08
7.34013711464742e-08
8.41600946642428e-08
7.66082154029407e-08
7.86024458936243e-08
8.67224214835262e-08
7.81866965091728e-08
7.59923108118581e-08
7.67763293998407e-08
8.83904695404347e-08
7.47181146902137e-08
8.50288025041538e-08
9.32319450691454e-08
7.87058499344847e-08
8.39893334492947e-08
9.6226864087381e-08
9.16026807871413e-08
7.65007057149543e-08
8.42234035922125e-08
7.93244265720736e-08
7.71950712542415e-08
7.24573775868841e-08
8.28626527838131e-08
7.83584670892347e-08
7.43084149815392e-08
9.5008601628161e-08
8.77632953028129e-08
8.06331479211763e-08
8.01194494564025e-08
7.84637466807312e-08
7.33181819260172e-08
7.85192664399768e-08
8.23131256903715e-08
8.03505041310582e-08
7.5721996795747e-08
7.8167664508552e-08
8.20759030070158e-08
7.32142915971673e-08
8.15551851882247e-08
7.53665558225183e-08
8.18286768754706e-08
8.45119440132998e-08
7.74820350670082e-08
8.61088524499616e-08
7.99968348212518e-08
1.08028904091277e-07
8.73164901264004e-08
7.60858727420618e-08
7.536241047601e-08
7.95728192866546e-08
7.59097624186551e-08
9.16800054512903e-08
8.05678518126273e-08
7.30110043614404e-08
8.04758043034256e-08
8.27231533431378e-08
9.52675647283002e-08
7.56176174624279e-08
7.10608752015001e-08
8.24375661837709e-08
7.32029949673703e-08
8.04157474307687e-08
7.87622914536281e-08
8.56270628609903e-08
8.16956549612487e-08
7.56641206857667e-08
8.18765913004613e-08
8.07568708741632e-08
8.03827784337306e-08
7.05830471840714e-08
8.08839459890803e-08
8.38942256149732e-08
7.97782042129272e-08
7.40116746305139e-08
8.40471896196264e-08
7.12613039363736e-08
7.91500983163469e-08
7.75746112092258e-08
7.80700878031753e-08
7.69715059498666e-08
7.69670415825698e-08
8.77369536665719e-08
7.86449846831593e-08
7.38325728846116e-08
8.48690623295118e-08
7.75209238418733e-08
8.67153785056652e-08
8.38862613770403e-08
8.04283361272107e-08
9.39353093220522e-08
7.48296242820602e-08
8.59723149330593e-08
8.06661665807122e-08
7.66947881853981e-08
8.44140189016698e-08
8.93463008346102e-08
7.91096204966154e-08
8.0822372451219e-08
7.64932106523177e-08
8.92475203856298e-08
7.38504537311177e-08
8.67369385253003e-08
7.78987752064749e-08
8.51535170126929e-08
7.98426564543907e-08
7.43945676959027e-08
7.72029649935119e-08
8.50927076858014e-08
7.8201226225983e-08
7.32433708313579e-08
8.89059512401225e-08
1.03628460063917e-07
7.3625163125573e-08
8.1800159237542e-08
7.59315152984503e-08
7.79472538878141e-08
7.72668693670291e-08
7.89226842945644e-08
8.1389533229499e-08
7.66825924947272e-08
8.24782977532328e-08
7.93788918425991e-08
8.49415564567642e-08
8.54349050572401e-08
7.98306240634934e-08
7.85073899764116e-08
8.21588718655822e-08
7.80235760025259e-08
7.22660142162129e-08
7.14306671200491e-08
7.98496517337557e-08
7.99148072821195e-08
8.52748670702237e-08
7.92088351965244e-08
7.09621519601135e-08
7.75003087373963e-08
8.73535778344944e-08
7.10215375003474e-08
9.4357409274311e-08
8.21765216390291e-08
8.19869565278791e-08
9.36200533255159e-08
8.77921017027653e-08
8.03245787749018e-08
8.71665344517008e-08
7.66072593869168e-08
7.84771518375773e-08
8.51069887265661e-08
8.48419729700118e-08
8.4859764345593e-08
8.74390859970005e-08
8.11495027132066e-08
8.68735471507672e-08
7.44439807939754e-08
8.73243360041203e-08
7.31427891126799e-08
8.01194449734551e-08
8.10659042085316e-08
8.82750185156322e-08
8.14538227289557e-08
7.89229271198351e-08
8.59027309690064e-08
7.74333991788136e-08
8.30654992933014e-08
8.21351890602661e-08
8.34380602214902e-08
8.52388994716147e-08
8.58092059063163e-08
8.43691325817243e-08
8.27916653085504e-08
8.06872442441335e-08
8.41606046295089e-08
8.25252289285656e-08
8.43281291086832e-08
9.28288571849623e-08
7.83108223637764e-08
7.44471648208221e-08
7.84494281532233e-08
7.40327129677841e-08
7.17864308502442e-08
7.94670946325366e-08
7.78756875861444e-08
9.46783867957926e-08
8.66844952107004e-08
8.0578774946942e-08
8.73670178416449e-08
7.96932941668254e-08
6.55203880429602e-08
8.67720892359683e-08
7.19027942924127e-08
8.02393920774129e-08
7.34676660883496e-08
8.17556848635784e-08
8.64521786405507e-08
7.36138167463776e-08
8.09819481650167e-08
8.022826111217e-08
7.58869239717502e-08
8.21022655314122e-08
7.92078797305953e-08
8.7989034732992e-08
8.12164121918988e-08
8.66545285277006e-08
8.16368510802717e-08
7.95927769006683e-08
7.92953117005102e-08
7.62828183110477e-08
8.28610618738386e-08
7.7220131922637e-08
8.86130766063468e-08
7.83894820742291e-08
7.48481641368334e-08
8.78454192942615e-08
7.40718525381745e-08
7.83364632813455e-08
7.72617047877259e-08
8.34235725775166e-08
6.98427986998174e-08
7.73496809199347e-08
8.12259180007497e-08
8.22898716228545e-08
8.57455642181293e-08
8.26370663406093e-08
7.85137409943474e-08
8.55914001467745e-08
7.90549324087159e-08
8.39633065323969e-08
8.44267386351905e-08
7.74364091208389e-08
7.23694866621324e-08
8.15821720054655e-08
7.31498175720461e-08
9.39687330253815e-08
8.63019479601212e-08
7.58272738254138e-08
7.55089043177671e-08
7.07778899988966e-08
7.42178933627585e-08
6.89746115090642e-08
7.04312588420502e-08
7.92791357476154e-08
8.20754196432217e-08
7.87627857422359e-08
7.48868485848528e-08
7.57899830069604e-08
8.18235554315732e-08
7.01992160423391e-08
8.22744268011812e-08
8.23705664267144e-08
7.7392924491984e-08
8.88678015492784e-08
8.13607354764042e-08
7.30578001738373e-08
8.53824453508256e-08
7.67597993478515e-08
7.40469024658621e-08
9.18995068749683e-08
7.26009836946527e-08
9.01113211743353e-08
8.36529726629453e-08
9.44525729824018e-08
7.99546260965778e-08
8.30928485870779e-08
7.02614376185601e-08
7.18472121587808e-08
7.66318557414354e-08
8.52038347426818e-08
8.58052063929149e-08
8.96144844691512e-08
7.67769888177448e-08
8.13453966048768e-08
7.59534738688931e-08
7.80014781837941e-08
8.89612006032619e-08
7.83236415720703e-08
7.87322443145157e-08
7.88563671129808e-08
7.39355278719698e-08
8.27969206298881e-08
8.72517870606731e-08
7.05089141803607e-08
7.90579687721051e-08
7.78977993222438e-08
7.72791712655602e-08
7.27796978181063e-08
8.6706839082789e-08
8.08360979636161e-08
7.26697723358828e-08
8.22343201563555e-08
7.69112250715856e-08
8.02007807276813e-08
8.34020427584924e-08
7.95567252648455e-08
8.64897014158997e-08
7.42378624634276e-08
7.87944394614395e-08
9.93053040838982e-08
8.10128255479103e-08
7.76697271390864e-08
8.02066645563041e-08
8.29293979511724e-08
7.20322307588406e-08
8.14738319487615e-08
8.32967210585218e-08
7.7230909415095e-08
8.31213956904906e-08
8.09437787532661e-08
7.7057975913988e-08
7.93010996923182e-08
7.95939148703135e-08
7.51077852573021e-08
8.56082059344737e-08
8.93859612484267e-08
8.30664666182138e-08
8.56328859515447e-08
7.70812814400632e-08
7.9400477965375e-08
8.18497341144842e-08
7.5739580365767e-08
8.4408384843692e-08
6.38925539306214e-08
7.65619090618406e-08
7.50970915201438e-08
8.42614968469276e-08
7.26613854217642e-08
8.85492794788916e-08
8.24764686008632e-08
7.70216886210719e-08
7.47310910326773e-08
8.12104977148009e-08
8.63957260263128e-08
8.26578597033914e-08
7.60471828758935e-08
8.93101956311441e-08
8.30473774533115e-08
8.0086715402748e-08
8.06206433063418e-08
8.56920309827243e-08
8.15960765445881e-08
8.14509958233246e-08
8.30137226811183e-08
7.8068696761987e-08
7.77326116345685e-08
8.67656211449138e-08
8.29677308049336e-08
7.97018279981482e-08
7.49392316935309e-08
8.14696266655658e-08
8.12999485524299e-08
8.0477781286586e-08
8.28262250892849e-08
7.35208076409539e-08
8.73194334541906e-08
7.58563816090766e-08
8.38282992626789e-08
7.70362812764169e-08
8.59467741280849e-08
8.57831766230882e-08
7.98968056327608e-08
7.67566982247303e-08
8.7660453583227e-08
8.53103701081309e-08
7.51614601489891e-08
8.35127134332555e-08
7.51172869443716e-08
8.01438149788917e-08
7.56024848158125e-08
7.30607496896912e-08
7.7808432019844e-08
7.77136142341344e-08
8.69032406062607e-08
8.20784832150209e-08
8.35751038003121e-08
7.6646702188805e-08
8.93196713923312e-08
8.31183690983122e-08
8.08029095610782e-08
7.77902856620258e-08
8.27703001408735e-08
7.3027814706374e-08
7.73837913839506e-08
8.16166642794004e-08
8.27972706298253e-08
6.99935437228528e-08
7.65747282380411e-08
7.73266596489054e-08
8.08798979723296e-08
8.36580654855039e-08
8.46384123766788e-08
8.51999247698139e-08
9.46095556601905e-08
7.72689756487272e-08
7.95882535883808e-08
7.39177793221257e-08
7.40300060746691e-08
7.35296270089146e-08
7.31440251350109e-08
8.6721625323879e-08
7.60126459478157e-08
7.85918089320861e-08
7.97071593840723e-08
8.34371210154724e-08
7.4417211849986e-08
7.41203075919202e-08
7.21836684899977e-08
7.50014712309273e-08
7.21369255758993e-08
7.54054740620413e-08
1.00230698160211e-07
7.69136765583367e-08
7.46432357336508e-08
7.5402957870154e-08
8.65541630205191e-08
8.12067801265031e-08
7.76066349572301e-08
7.81125536001654e-08
7.84965589650893e-08
7.33651411221539e-08
8.02532731700872e-08
7.33082814395737e-08
8.38026420619826e-08
8.37744535000061e-08
8.05381350081346e-08
8.67609719215738e-08
7.49499778505682e-08
7.80146985842432e-08
7.34687178651653e-08
9.35122995838906e-08
7.54338289836562e-08
8.02251254540163e-08
7.93068163890834e-08
7.69182192319606e-08
8.25474915454846e-08
8.49784068506666e-08
7.93939979787311e-08
7.45259020742492e-08
8.56438069769544e-08
6.78027909051838e-08
7.22702628966574e-08
6.95484910417736e-08
8.00802832940339e-08
1.03023582106658e-07
1.02599148398683e-07
8.75873115601488e-08
8.34038879964004e-08
8.06110419117504e-08
7.68911023196916e-08
7.63471832573172e-08
8.84108121687328e-08
7.52809137413629e-08
7.6417819308816e-08
8.16753487621744e-08
8.6409070480418e-08
