11.1695700932305
10.6523745518668
10.5380281697443
11.1018651023201
11.4753426483135
9.94348471231349
10.6153627515896
11.2639683792039
10.2727204276087
11.4669795252719
11.1405687235264
11.4585333194214
11.0117221623111
10.5901050778297
10.8346842709643
10.942956825629
10.5271593753445
10.4025715695945
11.0322083413528
11.0186067849194
11.1925227368841
10.8786803014519
10.957886569563
10.7776686405981
10.2590983510994
10.9309570398712
11.1743815840733
10.4632020480469
10.5970721658738
11.2033877636899
10.7804593744916
10.8997783719577
10.5254839716009
11.5496142354592
10.6993914599685
10.8376907957453
10.9346059768222
10.603841839028
11.1064673250945
11.6006030444387
11.0517679915958
9.77081437564698
10.4196215820893
10.8872255156957
10.8591766291902
11.4460349054343
10.700531114204
11.0594367251271
11.5349109699799
10.6723438219536
10.677371598978
10.9559531150345
9.98897044897699
11.1400309572931
10.7816027701651
10.2648013016146
10.8601764484564
11.1611907490091
10.4651476837703
10.7913575016923
10.9050303488788
9.78740134652381
10.334291760816
11.090469631421
10.0117062016353
9.90282754852996
11.5123105168265
11.0607797346692
10.7704912864677
10.2512164405576
11.4251028396897
11.5041870011936
11.0452119737334
11.4424654108379
11.4215545862165
10.3030267324101
10.8278210533994
10.3940266133298
10.7953139938222
10.4292424642037
11.5934187143111
10.7307487467414
11.2602391568564
10.9663837182807
10.3439268229281
10.7145812926514
10.1116530755306
10.9465503644039
10.7766049680184
10.7888918156251
10.5399944152719
10.7823015844046
11.0057020659771
10.6474691703019
11.3680966506394
10.4450437096493
10.3668058504764
11.0234297979816
11.0158461253233
10.7211017831698
10.144270785262
10.6935920820021
10.7784530787524
11.3552768142662
10.7788929981934
11.6479602248366
10.3232065662032
10.461839958604
11.2386909535367
11.1053835500975
11.6036822441228
11.2928504098544
10.6139509556698
10.6159999068419
11.2803440486776
12.5140591944785
10.8336991598955
10.0978971663838
10.4554604790527
10.9431098582031
10.6874080046862
10.9494226160791
10.3301271860596
10.5193522619514
11.0918693436904
11.0541600897258
10.220311581877
10.8652795962282
10.8406847777692
11.5543843111037
11.4857439232583
10.880277380961
10.1338223947298
10.2119245252663
11.2837722266778
10.6467089716506
11.7229314990763
10.6053404378444
10.644674527446
10.9265290693011
10.4766324381696
10.5230957651224
11.1337650823459
10.8067554909495
11.1811688960399
10.3259715181762
10.5836677137243
10.4019841969003
10.6077969418843
10.8566663877205
11.0568778025878
10.5569836480657
10.387243857167
10.7485777489144
11.005521172333
10.223864982003
10.330770633824
10.8997448795695
11.280854464235
10.6246730718356
10.8584312705852
10.4773990313388
11.1582414916532
11.0637579559575
10.9044514767256
10.5761261859966
10.3086608993029
10.784961922064
10.4546579398409
11.4712365905571
10.9365526480106
10.1350416117144
10.2805939994445
11.1498845066572
10.2127827347298
10.2858298540778
10.722241187845
10.8660950184618
9.63634319849576
11.385887286461
11.2673820749546
11.1477537579427
9.80295603741982
11.2305817415984
10.5373854565285
11.0076345788321
10.471032392439
10.7131748633799
10.8082230512411
11.8075232468335
10.1516170344824
12.4532334162786
11.0704447765454
10.900302046551
10.958263505143
9.69894208472552
10.569247779746
10.9425507653223
11.6313209840416
11.1150649699685
11.508569440609
10.4079246270001
10.3450535343244
10.4216329867051
10.451765212573
9.73172197779856
11.6122674542211
11.2165429308867
10.3497039473801
10.7122411626933
11.1822071003949
10.5193081132972
10.6891204153402
10.3104431355216
10.8351515337451
10.4715459691436
10.9087521416346
9.87624291158901
11.2755007690233
10.5170884903473
10.8196436473367
9.98087710262059
10.555971412852
10.7369154697636
11.279371604309
10.7248205345699
11.2757381955616
11.0845352829766
11.0850561576417
10.7266240249518
10.4615523644282
10.1889885454842
9.99747399090341
10.4493141427668
10.9186981434285
10.9870843172433
10.9937559691466
11.0366708333123
11.1719066682648
10.4408019387257
11.1287867985222
11.8342700027545
11.6588532235533
11.4439764545452
10.0315291002915
10.5879706988316
10.4516077966287
10.4548492449049
10.0732407741611
11.1556477221332
11.2707668807728
11.7162746690209
10.353356131501
10.7843031027457
10.2552573723603
11.019666003753
10.6815418845182
10.7049841601824
10.4692088786932
10.6630411807919
10.3660653539623
11.0124609165893
10.595823127514
10.4390659586002
10.6374997568111
11.2412257307467
11.7188509925724
10.9873389396043
11.1790210667964
11.2479689375008
10.3141855207707
10.7064984176319
10.4921974229763
10.82655516849
10.7657068265502
10.9790653456762
10.6969170929468
10.2966298226142
10.7660079560197
11.0023090773241
10.7627950132455
10.6852105648867
10.7808422254643
11.1551659496041
10.7597910059067
10.546471218098
10.1644089488609
10.6799242991738
10.7125091859026
11.4932646548359
11.0815940415046
10.3364719571072
10.2931375705796
11.024817598723
11.5660062719217
10.7610514311895
11.0303056576046
10.4326545792415
9.90535430456732
11.3029420752329
10.8018570710736
10.9445088636694
11.0698103954643
11.283532115302
12.0275618627503
10.6327527812267
11.3080191163382
10.9923654010998
11.951963132469
10.8662148560319
11.1815472631405
11.2827055212868
11.0994334659421
11.1482999377018
10.3391243902865
10.6289662198155
10.7671248709603
10.925210596524
10.9568080663888
11.1498108815281
10.8783189116489
11.2595666546975
11.0111376891743
11.2084040364092
10.9426198920125
11.0393507112581
11.3500866536898
10.4353723393085
11.6998883397919
10.989062324314
10.6925314300883
10.5161646677646
10.8078875390134
10.3534489771562
10.8100938022167
10.1876510686473
10.9878630337663
10.9580406207198
10.6646461786694
10.7538778416698
11.700774459698
11.0373334371144
11.5755481751072
10.4547309861112
10.0322363639889
11.427153217657
11.0020695195368
11.1875302610814
10.9045759398345
12.3222469233353
10.9063329196892
10.6747925919579
11.0370542845882
11.7908495495923
11.3482315918893
10.6488052889824
11.0872086823675
11.1991562031112
10.9560076075681
11.132986532164
9.89430975713095
10.9333677995953
11.0420835913346
10.7030374788028
11.3084228322344
10.493139979429
10.1656081101132
10.7715039239518
10.8129205126247
10.4518815494718
11.5268261893217
11.176166540654
10.9707194147838
10.6213234117488
11.1383920772587
10.783571887164
11.3451418630934
9.99342602038176
10.8777113342893
10.6684124384437
10.6646028876507
11.0990617354327
10.5950902100884
10.9738157852394
10.456502466659
10.4324520216526
10.3468037789958
9.84467092651794
10.1373570825733
10.3614497583535
11.374172491352
10.9550199493242
10.6200728050603
10.6519429113501
9.76252265231225
11.3737922431073
10.8359493331168
11.0012917928652
10.7628172321954
10.5824099781421
10.6646229014747
11.3329814958452
10.8429116186972
11.0466583326384
10.3532336200726
11.3408589359226
10.248924545827
10.9794534180735
10.9324422664936
11.2071399991802
10.6299609743896
10.0522642107125
11.0274439451372
11.1142785924542
10.3971698233147
9.84248823135165
11.0589819811096
11.0971967574524
10.3660237942542
10.5039977251952
10.7662100826259
11.4125034299291
10.7935071726679
11.4341146017092
10.875980974797
11.3454977010514
10.7043603294417
11.3685756879857
10.5046774448077
11.0579330346448
10.5817794052039
10.9831923700036
12.3976043711332
10.9027471484742
10.609990404236
11.6606170233375
11.0719674389094
10.2159413627702
10.8635949462742
11.5653111408328
10.7350245228931
10.9758497559729
10.9865753087551
10.4031441970016
11.1145225292227
11.0147608041453
10.6855538662603
11.1719831402998
10.2927777343028
10.6438158244668
10.6693076122541
10.7651262308524
10.9415060951061
10.0109220743952
10.5980299580759
10.9951660438898
10.154558256566
10.3112255025498
11.0000118097996
10.5225810383406
10.6823890536724
10.8742284870913
10.1947232136965
10.3628067690437
10.9215472038873
10.5181994292319
11.4589470389969
10.6400919390829
10.9873226517774
10.5545494686641
11.0503501847735
11.1400440194238
10.2026585228067
11.1384516381472
10.26796888537
10.9788849216551
10.8409974398624
10.6453861777603
11.2295376213904
11.0514639963399
11.8839239304385
11.0251283788449
11.1052948068516
11.2370448025832
11.1035164076648
9.86035894138356
10.4895076073322
10.5140485911321
10.2843939004948
11.3854065259412
10.7246443520243
10.7707132160295
10.7249189744809
11.0237950536931
11.0595072738101
10.4723874168306
10.1716803301604
11.3956062220613
9.93603786454637
10.2973394032769
11.1148194614665
11.3769824573743
10.8560436490319
10.7077750844723
10.5800658813044
11.3142783920745
10.4841319983375
10.2885421623097
9.76044546861073
11.7527281273226
11.2585202027266
11.1945432269519
10.8605338455611
10.514538035235
11.062863210132
10.2736055047326
10.9748605670194
10.6997303648247
10.3823712033601
10.0727197780646
10.0769607884129
10.6576962343775
10.8663910952413
10.7898835324907
10.8945979758767
10.8772338204351
10.094894409854
10.5858806368004
10.9343646721933
10.2533593750695
10.5558525803098
11.1195546194467
10.4719619259693
10.7645823717925
10.4171127754296
10.5620049321063
10.8584220586213
11.2771310307435
10.8891245917411
10.8592861235304
10.1930534544301
11.0354878186751
10.511437198951
10.8194816308899
10.4861306276854
10.224506301689
11.1205540323052
10.7375523094265
11.1859782615973
11.3258457949969
10.8494370001177
10.5938674266465
10.1131934938444
11.696876988072
10.8146364995452
10.8834762424631
10.4299058913371
10.9555091844725
10.7984893045629
11.2178423822423
10.959877754162
11.21355141635
10.9446121167775
10.5440066898004
9.71601615675367
10.5592039884735
10.9243393446068
10.1783739874028
11.0579852465588
11.1771888147041
10.561335926669
10.9716589346385
11.1088510583398
11.0568908783696
11.0618728331579
11.1140306175059
10.4812750597577
10.423315001914
10.7132166960142
11.9083416137502
10.5211050115525
11.1871863670666
10.3349928900672
10.0879857809593
10.8272123323203
9.80602387080108
9.79135358201263
11.1703068933215
11.6037635430289
10.354162091672
10.9686424061195
10.8394975565411
10.518118378209
9.84573414011352
10.824868710229
10.7310775401994
10.9878977490463
11.4486170386931
10.8654947450225
11.1812020031368
10.2033410142573
11.2434959120732
10.1703683630328
10.8763914623999
11.2140978082912
10.559247668068
11.3549097136947
10.8043987291454
11.5206252559548
10.7652025343896
9.80904432771174
11.0924152132316
10.8522494607722
10.1776019733461
10.7817335504319
11.4466511495716
10.5115153955309
11.3197802224157
11.3731198338236
10.5995672710549
10.069820688201
10.7521172935162
11.6626737255051
11.2436822552268
11.0233960296193
11.1513056399864
10.6754044621528
10.9274045918392
11.0354294709798
10.9390944789796
10.9170567506507
11.2089750751737
10.393416604947
9.91831713890426
10.9069182401356
10.8550382651276
10.9820061937858
10.3047792680991
11.2332434681044
10.48742795334
10.4481595192205
10.7345051417193
10.4463005824769
10.4793517108105
10.6603489317305
10.6854625215112
10.7466867935788
10.3566592949564
11.1606049891759
9.97319567559728
10.7220608975507
10.1559834293484
10.7494393489739
11.3050607346892
10.6681628017941
10.8032890450629
11.0397525731343
10.8937018829574
11.3081775201671
10.7736724416006
10.8571753670728
10.6512901812118
11.1291901307604
10.2370594267575
10.4049765195423
11.4985868298944
11.5811180681753
10.471276823622
10.9129691767073
10.8056864316856
11.4443134509285
11.4346032258751
10.6876288060067
10.2434779826077
10.9169962236924
11.0382748590786
10.1126492773399
11.0616022008148
11.3057411852412
10.0068516685426
10.6811037389579
10.5255444721912
11.1396991021698
10.5460160186942
10.8364330098246
11.1454073112327
10.9220142196781
10.7033233938991
10.4420285884211
10.9968302189972
11.0372193593276
11.0319976755525
11.4300602974528
11.1502340571141
11.0339123302805
10.7671870438671
10.5885274580273
10.603795090458
11.4813020764695
10.9243723637993
10.7163615325283
11.2416284438418
10.5651591779452
10.1759239459506
10.4980693646201
10.4093259815768
11.5689651798229
10.1466018580978
10.0785668404572
11.625605724664
10.9749858298583
11.2825367902886
10.6820811394229
10.3891708104122
10.5895530012241
10.7836091137995
10.7929387674081
11.2874337572598
10.6605672423879
10.7199298042263
10.5238947830016
10.4093796576354
9.94287058884836
11.3810978426068
10.8249054993896
10.0969306677005
11.9437210772135
11.2265919919751
11.2674216118217
10.3430783700167
10.9550934481986
10.0865911064113
11.0328102206377
10.6933795030918
11.262899904191
9.85339462159142
11.2438449702982
10.4171097146335
10.5653973861295
11.4617550063344
10.7759960314089
10.4800393122213
10.926562032401
10.3704003844771
11.1296470542848
11.0450411508598
10.9928740130483
10.7195486822383
11.2234189059213
11.2457727703553
10.6397110362572
10.112127707748
11.7959051519775
11.167069116196
11.1151701192006
10.3367906349486
11.1164712896454
10.578734184041
10.1556023707883
10.2208371969675
11.2666395101309
10.4091905065368
10.5353571280647
10.8459670757164
10.4070262235629
11.5579513475846
11.2685757173038
12.2444228449932
11.8969028690877
10.3259491877002
11.0811132622152
10.6419617999151
11.4636390672054
10.125601393605
11.6363723292177
10.9244906390937
10.7050710048667
10.3886108334263
10.0258018835414
10.4326123437346
10.6896978246254
10.4492319737508
10.6589404890945
10.5809582961177
11.1650919522886
10.2398293508585
10.4374044574793
10.3865413442228
10.639551475071
10.3816518974419
11.1360048370401
11.4491738012933
11.4939692418905
11.1596389372506
10.8330821828066
11.2662745189507
11.9092277578533
10.0199967666632
11.2220254777287
10.4445236214108
11.3976809397348
10.6939005635579
11.3850256907316
11.1738989902815
11.5384254418648
10.4767502194613
11.3371929509224
10.9105369219783
11.1657239377177
10.6119954029618
10.7434747373416
12.2654875714121
10.6390116058587
10.4713747422073
10.5736472336093
11.1815040753919
11.3887205496012
11.2039363008218
10.5875247251823
9.809189604206
10.268711067224
10.4970950823968
11.0842298912495
10.7225480745403
11.6974033829894
11.1154387632511
10.1503106510812
10.6816206022418
11.36667355225
10.7338274662497
10.1972642496755
11.436642191954
10.9986835962096
10.7437904324643
10.9991260568558
11.7517173589724
10.5827507142157
11.0144936670899
10.4864637633768
10.7948081943684
10.2060015169483
10.9425704288457
10.3434343600614
10.9060746939171
10.6529079060232
10.7717507894708
11.1540973007846
10.946327592972
11.143821202886
11.007183104173
11.2372352338022
10.2667508952789
10.6401315032655
10.5276973022265
10.5080550501841
10.6928280361161
10.7774121234471
11.171446134543
11.0224565619795
10.3352366754965
11.0641552211854
11.1339130608709
11.0774506376367
9.9100003676158
10.9335273122958
10.1294448372969
10.8294417337727
10.8608406332421
11.1061455140964
10.9865608583633
11.2441276545721
10.4975591750957
10.7494592988487
11.2191086813651
11.0431203815029
11.3231422479174
10.9377671908452
10.6535151277349
10.1581223137791
11.4805408450152
10.9069994234771
10.9011821929286
11.3021075858772
10.4855764476714
10.282969940161
11.1923904134322
10.7218758485214
11.0440636843329
10.5456148438833
10.4006993156551
11.2985862579245
11.0013719865309
11.1940269294352
11.1090588403174
10.6619636696463
10.9310239411535
11.2338002723649
9.94943501519063
10.001996631084
10.8161179749197
10.611465161637
10.8430019799602
11.3863473754748
10.3133335045203
10.1101443534862
11.1459017918099
10.0753001050433
10.1698624454191
11.6565642136437
12.2392145821839
10.716482897216
11.1663464597612
10.5364974205524
10.8540514616973
10.6866779510356
10.6690567567024
10.1956457683505
10.5678736229736
10.2081735919504
10.3245535282517
10.2668388358801
11.7269215240607
10.4271914903286
11.4080828247529
10.4268437068978
10.5781844873844
11.5145153135547
10.8770150881325
11.3295043496616
10.7097483669291
9.97779117746946
10.903386843418
9.94993383461651
10.5436950461692
11.5617411472012
11.2548211417254
10.9372395515631
10.8515685865924
10.8909977685131
10.1496914923363
10.2503870014605
10.7972009964704
10.7152917345054
11.082998032406
10.6260646332419
10.9153267187099
11.0273224461576
10.1182025222927
11.3568325547659
11.6266833879137
10.531708281235
10.5105865237448
10.5180218701666
11.3034526293196
11.0672960870356
11.2906000813495
10.8901565646872
12.3062999579522
10.4278927996768
10.6487872835433
10.4291666876856
10.5389010943513
10.5279589984592
11.1495736826014
10.6641913111337
11.1189937389797
10.4815502432537
10.9304027507096
9.77660498011619
11.0658281326271
10.2795685122241
10.5328186273324
10.6649135688688
11.302131685559
10.4017537523183
10.954355342926
9.96708160695733
11.3846800231545
10.3135100430511
10.6923613509651
10.6142112013977
10.4083633737953
10.9545293106718
11.6617948334653
10.5396614148609
11.1131132830284
10.754228302058
10.7655668893914
10.3300862642527
10.8004702094768
10.7250383121785
10.8543195274773
10.4706495582035
10.2948870211933
10.4172516908552
10.5377034749747
10.7943843284483
11.9302091898647
10.448379479227
10.1892915567759
