-0.0339615138213466
-0.0582190442746925
-0.0478984430043023
-0.0318177951804619
-0.0421636043497519
-0.0265211396937492
-0.0150536524464655
-0.0578931674432078
-0.0846821188914942
-0.0494015681800164
-0.0417397460433427
-0.0332027897049275
-0.0354599022686735
-0.0334051965040447
-0.034796531733743
-0.0683007359312147
-0.0546370378192537
-0.0300997112985729
-0.0308044165387055
-0.0213799332150276
-0.0235866397639065
-0.0213450855850064
-0.0311235811336565
-0.0104739999585882
-0.0219115315728313
-0.0697878063045041
-0.0223073568782675
-0.0374438475044323
-0.0353240341053062
-0.0854375182850918
-0.0318278160810591
-0.029920862663005
-0.0377848885957778
-0.0166835280198374
-0.0432162821885295
-0.0181267799262001
-0.0266596050280534
-0.022789022760696
-0.0806416401
-0.0559239060882059
-0.0281531715128348
-0.0387739391654714
-0.034043059772104
-0.0175034535730422
-0.0280017300314971
-0.0199118977777007
-0.0285580169789536
-0.0416802522024898
-0.02785428697517
-0.023825354547264
-0.0284511689894534
-0.0629323314145211
-0.0550005275880837
-0.0242160647805264
-0.0371781107004744
-0.0520745975339212
-0.0545647570795348
-0.0728394616953442
-0.0444799283831439
-0.0502145093009574
-0.0521013479534918
-0.0287661631198774
-0.0223576698284315
-0.0453180911142607
-0.060633970187512
-0.0475976059333136
-0.0241676543546394
-0.046186251085557
-0.049342437725609
-0.0358967938063145
-0.0447125961482784
-0.0727475210934647
-0.0468523146292512
-0.0232699951048705
-0.0545484671196003
-0.038648010537002
-0.0257974403688617
-0.0241081574830877
-0.0463199669239566
-0.0407746610798621
-0.030104959057277
-0.0579519933257364
-0.047118972111556
-0.0154604661077799
-0.0334269388530218
-0.0198625544284132
-0.0774302496521183
-0.0192536482880929
-0.0245210230947603
-0.032456087950713
-0.0193388529303684
-0.0243742248276167
-0.019950659276818
-0.0352174201791235
-0.0524295789281065
-0.0348279854255069
-0.0339806118967696
-0.0730878206103617
-0.0231516299958471
-0.0349683734482421
