0.118438990207858
0.197113229920111
0.0751051938559113
0.0815813861019572
0.0962954647413788
0.0368752513572814
0.0973130318904429
0.0315252991954574
0.076853239207216
0.076519630755034
0.199661816906887
0.0542107732855354
1.30605090165317
0.085862785444712
0.0253445124095743
0.0646046958341578
0.0624871306909984
0.0936419677414302
0.0580071039069057
0.0905773070916625
0.223262147614908
0.0800297490408564
0.0969881551221132
0.104794302199202
0.0803315650441064
0.228676060817589
0.229722721777909
0.065289383168191
0.0711154388505004
0.0262582285765601
0.218616325397651
0.198778924420414
0.0911129506548221
0.027199943962883
0.24471395416882
0.126389844657083
0.07313330557272
0.229976670335341
0.213533731487029
0.119237886450401
0.0572809933736608
0.0185291580330192
0.217993343317782
0.0814045394578857
0.0806354549365421
0.0554362852188443
0.104097709584181
-0.00114782035847646
0.0518066233825974
0.0916511342020279
-0.00283329965483575
0.0734354098296835
0.139464455178871
0.0503860969309735
0.223498877737185
0.117706116917733
0.115779580700584
0.240302761650746
0.030503806777993
0.0260660833494944
0.0316575657404642
0.0993107802415262
0.133812979293303
0.0497726198286653
0.0685202178483106
0.0851628308905502
0.083850731554602
0.0189414132851326
0.0526683292966928
0.228788293365667
0.125564593167095
1.34736192914215
-0.000145413853446207
1.41266257122352
0.0405610017137638
0.148188663057062
0.201522105418994
0.218120440543433
0.0498922346123906
0.234975800911467
0.033659441659407
0.0735414657252876
0.202592011512708
0.142442681979016
0.117626341147184
0.108275730771534
0.0648155563385428
0.224112105666872
0.220597323611755
0.215198067742491
0.22057294335488
0.252920861953675
0.0767529742436887
0.0250244481456271
0.0761022563462671
0.0721973114412408
0.0566264085151675
0.158197890589616
0.109915576734147
0.0684542216523452
