1.68701328083152e-05
2.88191261447518e-05
2.37553246330322e-05
1.57972543036813e-05
2.09411676244772e-05
1.31285384903254e-05
7.45171866019221e-06
2.87116505107441e-05
4.19627851646936e-05
2.44944888943041e-05
2.06621786461916e-05
1.64799228491983e-05
1.75538371156587e-05
1.657320092296e-05
1.72239317510448e-05
3.38040531911897e-05
2.70938849701062e-05
1.49538020428944e-05
1.52985064070272e-05
1.0624539080967e-05
1.16759069014131e-05
1.06387054835707e-05
1.54662361501594e-05
5.2374842262035e-06
1.08837214746195e-05
3.45471886571566e-05
1.10426336273414e-05
1.85875955410065e-05
1.75394540818896e-05
4.2361690756226e-05
1.57557905254355e-05
1.48112064374697e-05
1.8746879657177e-05
8.30539998616854e-06
2.13935046263385e-05
9.01907782585169e-06
1.32639756810435e-05
1.12808552775823e-05
3.99204700952032e-05
2.77251289745469e-05
1.39926521790409e-05
1.92479270650602e-05
1.68519741768976e-05
8.71525875637063e-06
1.38610613664579e-05
9.91128630592086e-06
1.41642043859843e-05
2.06319392078957e-05
1.38310901824658e-05
1.1793482644724e-05
1.41310611283355e-05
3.11850938231201e-05
2.72831944019036e-05
1.20481972961438e-05
1.84041340387569e-05
2.582849246345e-05
2.70600577278879e-05
3.60581152916048e-05
2.20606368965755e-05
2.48923398511214e-05
2.58381974055222e-05
1.42858300012348e-05
1.11185539444105e-05
2.24775636008398e-05
3.0074749428591e-05
2.35924618517223e-05
1.20171494705783e-05
2.29290858314491e-05
2.44214260274771e-05
1.77700651340544e-05
2.21783442861186e-05
3.60126010873752e-05
2.32313607647831e-05
1.15192071972133e-05
2.70029770824532e-05
1.91614803950852e-05
1.27700601417597e-05
1.19341664827456e-05
2.29805160947298e-05
2.01845202417423e-05
1.49471406720595e-05
2.87350787268383e-05
2.33249303248925e-05
7.69721725903892e-06
1.65877622903206e-05
9.87226621784235e-06
3.83787543132078e-05
9.53119138978453e-06
1.2138217355504e-05
1.60661751221877e-05
9.57319752878813e-06
1.20657788501732e-05
9.92333614386855e-06
1.74902008301056e-05
2.59538287977591e-05
1.72774330286704e-05
1.68812193506995e-05
3.62264522928305e-05
1.14862936199763e-05
1.73551017775406e-05
