4.16290146018855e-07
4.34121551078017e-07
4.3274562834455e-07
4.31257081069214e-07
4.28197216653846e-07
4.43676280150062e-07
4.13520801232285e-07
4.19349117581417e-07
4.20655346658863e-07
4.18412345520696e-07
4.22714586655233e-07
4.23371379425736e-07
4.18568866335332e-07
4.39116099875893e-07
4.36591067835067e-07
4.21732958451075e-07
4.35068856779534e-07
4.23419141350547e-07
4.17040856522087e-07
4.184888717206e-07
4.09082607456257e-07
4.03641187463591e-07
4.43243349703053e-07
4.29040048525058e-07
4.06270479813785e-07
4.45375129335052e-07
4.31860838253541e-07
4.22843539915607e-07
4.16962916538793e-07
4.25870187722929e-07
4.17303173992278e-07
4.2783714105876e-07
4.41238215707265e-07
4.22176415795975e-07
4.48737950787618e-07
3.94277940402075e-07
4.42141395631743e-07
4.15741635527104e-07
4.36990474195046e-07
4.26224038819331e-07
4.22871305587416e-07
4.34157554371569e-07
4.00747466580344e-07
4.4031992861448e-07
4.34888168771316e-07
4.17284582096251e-07
4.28469661777803e-07
4.13491993316788e-07
4.22520707260713e-07
4.29579851944654e-07
4.19407775575181e-07
4.18655801568319e-07
4.20650729376099e-07
4.18831306530821e-07
4.17473938602368e-07
4.37992459756584e-07
4.34848427060548e-07
4.30668986028957e-07
3.93180882091133e-07
4.22392464102431e-07
4.23280403873955e-07
4.09001537545883e-07
4.26737229224342e-07
4.38508352481874e-07
4.15162899488672e-07
4.25704173439045e-07
4.41185819032501e-07
4.53855922638599e-07
4.27884445643858e-07
4.17306274700222e-07
4.41060907177143e-07
4.11887785310869e-07
4.28685980874965e-07
4.44596934838998e-07
4.41587645198426e-07
4.32703706432915e-07
4.4122625523358e-07
4.17263011722114e-07
4.30752855198096e-07
4.17102370511449e-07
4.38350131833466e-07
4.12586969266313e-07
3.94943976005615e-07
4.19438884260211e-07
4.14917072939807e-07
4.55036143220181e-07
4.19183435194003e-07
4.18793468616876e-07
4.24199494846932e-07
4.27292334659593e-07
4.2779829890299e-07
3.90379576329607e-07
4.16416727424506e-07
4.34771017448786e-07
4.21363371246346e-07
4.4033279133367e-07
4.38716860693804e-07
4.30461232897841e-07
4.14329772334512e-07
4.25740318713105e-07
4.32429964903272e-07
4.09678257937942e-07
4.41019131474171e-07
4.26845254759386e-07
4.37030331780081e-07
4.24580910425466e-07
4.15884693059006e-07
4.17554287622711e-07
4.28057771901976e-07
4.12862030039362e-07
4.40288214217508e-07
4.25896135194869e-07
4.22685191622273e-07
4.45795721728567e-07
4.4392063272055e-07
4.19945804921458e-07
4.42655106854866e-07
4.06217138941227e-07
4.32329336939644e-07
4.24111896937966e-07
4.26814331918142e-07
4.32389078118772e-07
4.28887346189476e-07
4.23548968658548e-07
4.21160808621712e-07
4.33268131150556e-07
4.57647441853018e-07
4.11585567814016e-07
4.1028234568156e-07
4.11972840106329e-07
4.46891223323866e-07
4.18689677552436e-07
4.36198305841034e-07
4.20608313587296e-07
4.27261923629699e-07
4.16322682085853e-07
4.14887140146739e-07
4.19161899042094e-07
4.21027194242134e-07
4.42787641862073e-07
4.17469363956552e-07
4.51321896044171e-07
4.35758862467754e-07
4.29052459145372e-07
4.02989490222146e-07
4.25531688290451e-07
4.14178131356258e-07
4.39638138280414e-07
4.09609166759311e-07
4.20094000680312e-07
4.20011306024642e-07
4.15708482462603e-07
4.42906931547339e-07
4.36912247007711e-07
4.51014249626985e-07
4.11781145537418e-07
4.35859519406773e-07
4.22480565694491e-07
4.47166528434118e-07
4.21074933431117e-07
4.09777633637544e-07
4.31537662637461e-07
4.23306557390962e-07
4.2874499440614e-07
4.18987950102796e-07
4.20412487933863e-07
4.46874571338923e-07
4.41019139493198e-07
4.21424222118255e-07
4.0907221635585e-07
4.42803058224614e-07
4.18470463941163e-07
4.39509910007303e-07
4.19519582050686e-07
4.23149313327422e-07
4.2707668840513e-07
4.32279747958055e-07
4.25658306512544e-07
4.45588743169916e-07
4.26895409929129e-07
4.16185777190723e-07
4.17747806535976e-07
4.21350539965662e-07
4.30642774111724e-07
4.41392133539694e-07
4.29049915301674e-07
4.21177660813043e-07
4.22046965218306e-07
4.14345615744828e-07
4.31603057821526e-07
4.06536127129483e-07
4.26511513380351e-07
4.31314062191046e-07
4.37657560003097e-07
4.24555710656977e-07
4.0853558535319e-07
4.10199741523517e-07
4.20193098018362e-07
4.02139024841094e-07
4.47451436269446e-07
4.17604656115669e-07
4.19829550168315e-07
4.12068628675251e-07
4.21575575930126e-07
4.29868889364826e-07
4.13896427022003e-07
4.21363734093849e-07
4.19379800308464e-07
4.22912398677969e-07
4.23813486278885e-07
4.16156073714198e-07
4.30486669128789e-07
4.29597171578223e-07
4.34439091068865e-07
4.24734065215174e-07
4.23121639843235e-07
4.20184020106301e-07
4.28398282534719e-07
4.21701329900024e-07
4.32966071501646e-07
4.3440408397977e-07
4.26825388688356e-07
4.13641660378125e-07
4.19532650857423e-07
4.17085145153138e-07
4.0899466673465e-07
4.31065961129489e-07
4.44331998981773e-07
4.3322839878014e-07
4.1739951193573e-07
4.16666568889455e-07
4.31710345537925e-07
4.04570789787767e-07
4.19723954479381e-07
4.33882704895799e-07
4.19369757657229e-07
4.21627652944464e-07
4.36574088552996e-07
4.42325042534949e-07
4.26953827173585e-07
4.27292590582057e-07
4.42418583309153e-07
4.34303262847379e-07
4.34896330982641e-07
4.44099979494345e-07
4.28899374235562e-07
4.38016499768443e-07
4.23740561953998e-07
4.20488701138633e-07
4.46332872464282e-07
4.33396040553716e-07
4.39233146842326e-07
4.49157794009744e-07
4.24033890048786e-07
4.17666420995174e-07
4.30505898148477e-07
4.24189639478268e-07
4.29056941721395e-07
4.16631840861622e-07
4.33862599849075e-07
4.24791936606817e-07
4.44544135234849e-07
4.19475548736584e-07
4.286108366783e-07
4.16720494978707e-07
4.13645095640724e-07
4.38195715012959e-07
4.27388987906418e-07
4.45420986062541e-07
4.2244571998673e-07
4.42573315343868e-07
4.23274415330398e-07
4.1949655166576e-07
4.22993791364958e-07
4.41750439217934e-07
4.37341766338033e-07
4.52516504846592e-07
4.16626687076713e-07
4.10600717974289e-07
4.40593313583923e-07
4.2590027670441e-07
4.31619181548904e-07
4.32801070034279e-07
4.28200083680897e-07
4.13559087108614e-07
4.29703048740682e-07
4.18204419876356e-07
4.14977233610217e-07
4.3401486969449e-07
4.14788297201445e-07
4.27715611882863e-07
4.35370211576987e-07
4.28165183322761e-07
4.29216656131567e-07
4.05474781832489e-07
4.33316385433198e-07
4.43537492212304e-07
4.15566217241127e-07
4.36410852085049e-07
4.30904514532778e-07
4.19434775571655e-07
4.3624144520239e-07
4.23221082707186e-07
4.34999662518115e-07
4.13423801127103e-07
4.23946158625126e-07
4.40054007934706e-07
4.07179913474975e-07
4.11391910149177e-07
4.36621292104371e-07
4.33699824054071e-07
4.3206708466337e-07
4.38730910492122e-07
4.25319151234068e-07
4.07933712334691e-07
4.23464248519171e-07
4.19356037975476e-07
4.35800980148667e-07
4.17233346330251e-07
4.33105527672701e-07
4.3363101079938e-07
4.24381752018729e-07
4.15224363959324e-07
4.14051074164096e-07
4.01979383751828e-07
4.25827730212969e-07
4.38550258154591e-07
4.29603998719334e-07
4.15233065144511e-07
4.3257991856252e-07
4.10562045596498e-07
4.38941413628311e-07
4.36121143598713e-07
4.36942537176712e-07
4.2609511635722e-07
4.07456970915248e-07
4.28939480749097e-07
4.33961068179247e-07
4.27406571538224e-07
4.2500015987072e-07
4.49535751381933e-07
4.18743092881704e-07
4.05469707825125e-07
4.27445635286346e-07
4.04271218935793e-07
4.14366561121947e-07
4.28298543687193e-07
4.02263811910026e-07
4.36990510608633e-07
4.10164707737044e-07
4.14225719525322e-07
4.26438006756921e-07
4.22309914024719e-07
4.18006887055383e-07
4.48630902953933e-07
4.40162818434464e-07
4.26118687611522e-07
4.2714525385388e-07
4.24549128877394e-07
4.27274507536432e-07
4.41488540711695e-07
4.28214825130962e-07
4.33971927365264e-07
4.24039611890178e-07
3.92816539164303e-07
4.23157172969193e-07
4.02942199971186e-07
4.22961589505927e-07
4.25509725345241e-07
4.38432924921171e-07
4.30111739806884e-07
4.23749058127523e-07
4.32383043997964e-07
4.0995548578855e-07
4.18469307330983e-07
4.27924119988727e-07
4.13340985144979e-07
4.31631230955137e-07
4.12651846583259e-07
4.01703139936872e-07
4.44858225859002e-07
4.13864191392795e-07
4.25922983810166e-07
4.15275430834859e-07
3.92571228118747e-07
4.08008694529167e-07
4.34288454198141e-07
4.11290071863155e-07
4.38897764206446e-07
4.27225822208574e-07
4.4169322136371e-07
4.42332126774762e-07
4.17465481860053e-07
4.17544555626288e-07
4.20763092849135e-07
4.41263689662143e-07
4.13518925244915e-07
4.226618829702e-07
4.27745077301039e-07
4.27656218426416e-07
4.05998083708406e-07
4.13930351369665e-07
4.43786230556739e-07
4.18190273845809e-07
4.02792005598529e-07
4.12813238215362e-07
4.39499276073617e-07
4.20327529718805e-07
4.32345355563881e-07
4.32024285927691e-07
4.42901298571844e-07
4.10310311211247e-07
4.35436218454884e-07
4.13600684226814e-07
4.19914325650868e-07
4.07321117785152e-07
4.37604151703123e-07
4.48601759419593e-07
4.40122426126293e-07
4.15753810972805e-07
4.30756311726095e-07
4.2370509351991e-07
4.29744203480926e-07
4.39734817006391e-07
4.48975415893566e-07
4.33490373749938e-07
4.3000356103628e-07
4.37905413744033e-07
4.30819889483931e-07
4.20056705248023e-07
4.0911281868116e-07
4.31951904469035e-07
4.26749766082338e-07
4.11926835912346e-07
4.2076169504692e-07
4.11960655133015e-07
4.05837775889522e-07
4.27278613389971e-07
4.37137219834367e-07
4.20604524079921e-07
4.34478867788831e-07
4.13519611209323e-07
4.22969677178495e-07
4.48180402229271e-07
4.35559251169045e-07
4.50858844736088e-07
4.27535695032182e-07
4.15289485666935e-07
4.15969465989443e-07
4.15832459769927e-07
4.35529730843828e-07
4.20164896380343e-07
4.18870290009471e-07
4.24162036312371e-07
4.33252823932372e-07
4.18626140221094e-07
4.10904288650993e-07
4.36123408800308e-07
4.38187288865311e-07
4.20457536332249e-07
4.12787811568245e-07
4.13992699293917e-07
4.3679979062662e-07
4.36694035361091e-07
4.17259240272071e-07
4.19398668751271e-07
4.19751124811491e-07
4.04716990532866e-07
4.15561338582314e-07
4.27045710514944e-07
4.31502928827543e-07
4.38610118955865e-07
4.20420749476699e-07
4.11841283851341e-07
4.31291336810377e-07
4.20602400667273e-07
4.29373459402963e-07
4.36953825620937e-07
4.11547398385018e-07
4.11738919912748e-07
4.26693356753096e-07
3.90694699787991e-07
4.19724798037819e-07
4.01834907065418e-07
4.09865264288247e-07
4.3000052593991e-07
4.24124185455101e-07
4.5949998316062e-07
4.55257943057767e-07
4.18024686060332e-07
4.26390325101419e-07
4.33706175901013e-07
4.0764750512868e-07
4.18769077527052e-07
4.23330894392804e-07
4.00960698780275e-07
4.33748756311807e-07
4.07983019224217e-07
4.15437612288758e-07
4.43693104592343e-07
4.15234069632043e-07
4.16329878143585e-07
4.28489335594641e-07
4.14149433505021e-07
4.42022032854125e-07
4.37677353003225e-07
4.23244603861522e-07
4.24701046318823e-07
4.17050367279917e-07
4.16032244455614e-07
4.09415575932386e-07
4.15606417592984e-07
4.26776644430235e-07
4.26739383530252e-07
4.17010189547158e-07
4.35028212195788e-07
4.17556051038934e-07
4.2798571355191e-07
4.28337367831447e-07
4.23117269452014e-07
4.28460071307948e-07
4.31916210680987e-07
4.18438684851368e-07
4.4374116359406e-07
4.17483409265291e-07
4.2940860094288e-07
4.30835036455535e-07
4.16242458736303e-07
4.35382886558907e-07
4.38575828363854e-07
4.17829318211421e-07
4.02057418641369e-07
4.32455358570162e-07
4.21924267577112e-07
4.14788470335867e-07
4.25169456372401e-07
4.35382938554428e-07
4.13110187733894e-07
4.16640732259827e-07
4.33717030708789e-07
4.04574980894587e-07
4.23798899165704e-07
4.20269221142705e-07
4.15555774537791e-07
4.37051504826102e-07
4.24525783105027e-07
4.19211202227762e-07
4.23377798990153e-07
4.22228377383224e-07
4.16880858300482e-07
4.29602655005658e-07
4.13987311137995e-07
4.36006231934582e-07
4.06062767669659e-07
4.15277273942922e-07
4.34692028777878e-07
4.32511390864575e-07
4.15086712434337e-07
4.09290065571288e-07
4.31238430542577e-07
4.22100716789291e-07
4.22972067508825e-07
4.31099150470681e-07
4.24036545220057e-07
4.26393388248782e-07
4.18865522448494e-07
4.40195150888596e-07
4.10443957709841e-07
4.38142826191215e-07
4.09654411798097e-07
4.2073243807775e-07
4.23583519751046e-07
4.32799105969827e-07
4.36146318431306e-07
4.11284255999416e-07
4.19870562849757e-07
4.02483549157087e-07
4.18512472905843e-07
4.1527507384929e-07
4.36890350974868e-07
4.3826332206769e-07
4.04269502176761e-07
4.31776483957569e-07
4.42778269988314e-07
4.19041070718867e-07
4.27141791521008e-07
4.30264505158405e-07
4.10850276011773e-07
4.21471442397386e-07
4.16644366123736e-07
4.39426441788048e-07
4.40611382714328e-07
4.29981846122907e-07
4.43265055027201e-07
4.39767597526604e-07
4.35889898105245e-07
4.32512604409225e-07
4.33731333440015e-07
4.17912964309889e-07
4.27837931628008e-07
4.37878468762922e-07
4.2030756804441e-07
4.10849387735586e-07
4.15151111426655e-07
4.317944240922e-07
4.19361765347068e-07
4.26234107874556e-07
4.13240680074553e-07
4.28987021343978e-07
4.21982449674403e-07
4.17964568706429e-07
4.43785157026323e-07
4.46222638954705e-07
4.16952055203492e-07
4.08689776832887e-07
4.24867723590312e-07
4.25688068191108e-07
4.31939987968048e-07
4.16834739061284e-07
4.0926594412475e-07
3.97319941872545e-07
4.39676295926296e-07
4.2904902946583e-07
4.21977560746109e-07
4.137838545177e-07
4.42315759897681e-07
4.06021006987382e-07
4.22562925038118e-07
4.47057135675587e-07
4.21848452315437e-07
4.26459262895385e-07
4.31575422866944e-07
4.3822857696549e-07
4.14018468465145e-07
4.23760014990503e-07
4.51135649926413e-07
4.19456097362159e-07
4.26279325343908e-07
4.04456026381741e-07
4.35339716567939e-07
4.22632286045402e-07
4.23854960576726e-07
4.17588544111454e-07
4.31811784993024e-07
4.15867462826652e-07
4.40161719025667e-07
4.21743401280653e-07
4.35803770313015e-07
4.36223479228463e-07
4.3028698528968e-07
4.16680043494279e-07
4.14676112788083e-07
4.21821987806163e-07
4.19472052719515e-07
4.27340358441524e-07
4.29353562596532e-07
4.21590899241267e-07
4.23058678492857e-07
4.18999404812936e-07
4.28491284904772e-07
4.31454470967565e-07
4.06294592194466e-07
4.24352424617735e-07
4.40723912337667e-07
4.38362754708553e-07
4.3065495746543e-07
4.26977249498228e-07
4.22159224242949e-07
4.2950953310715e-07
4.25742367478529e-07
4.29064415918808e-07
4.07469687339845e-07
4.11031599251212e-07
4.26520540162503e-07
4.36999477594571e-07
4.16704421132704e-07
4.21463072684687e-07
4.18964330031931e-07
4.21206757959777e-07
4.19201324147703e-07
4.21930828943825e-07
4.41114321726335e-07
4.23825333232254e-07
4.44959133502186e-07
4.39841501749669e-07
4.34523120810827e-07
4.27689553941583e-07
4.40770958654397e-07
4.34701975792314e-07
4.21236009523445e-07
4.41372304147425e-07
4.12217494392696e-07
4.13790562204187e-07
4.28442966020695e-07
4.22486572752764e-07
4.28031171110222e-07
4.28403351034521e-07
4.37754805350619e-07
4.1895914771361e-07
4.41465911291955e-07
4.32142219243749e-07
4.37297737713282e-07
3.97468359811693e-07
4.17640047614114e-07
4.18450058225393e-07
4.14986927157522e-07
4.27341919132779e-07
4.36403103598227e-07
4.20926094019276e-07
4.06800815243041e-07
4.39929595485701e-07
4.2017275322513e-07
4.22283741454673e-07
4.17368048438427e-07
4.24800650948666e-07
4.21042547818693e-07
4.51004996811434e-07
4.31096641076602e-07
4.17772820896433e-07
4.43326257864489e-07
4.32328579531106e-07
4.14602448132402e-07
4.18807612344423e-07
4.25266238929529e-07
4.22964778146132e-07
4.06059320180936e-07
4.2608836109135e-07
4.33541122695468e-07
4.24665161103581e-07
4.18537278860861e-07
4.27459102047302e-07
4.21733891953402e-07
4.28534414640659e-07
4.10162253865346e-07
4.24044945596998e-07
4.29182210797002e-07
4.25496989468499e-07
4.28060288515574e-07
4.39618437459491e-07
4.22401968361524e-07
4.2880927812015e-07
4.25448309972739e-07
4.24214088816671e-07
4.24414795614185e-07
4.25372053770763e-07
4.42177877701318e-07
4.38069673077369e-07
4.33044297312383e-07
4.1848304555866e-07
4.14419250219999e-07
4.10383748510408e-07
4.15733708653248e-07
4.22063096249897e-07
4.16728435782192e-07
4.3016583614584e-07
4.40858506764909e-07
4.1970687991472e-07
4.32811986831797e-07
4.46895252042188e-07
4.30567120828522e-07
4.16601264849239e-07
4.33268245513351e-07
4.25949654421221e-07
4.29560081555781e-07
4.38956595392798e-07
4.26158905627419e-07
4.40012291545492e-07
4.34207843804414e-07
4.45714846143801e-07
4.18582791644668e-07
4.06795107629623e-07
4.26502675955782e-07
4.1400153967365e-07
4.21449769254695e-07
4.15032168543032e-07
4.26289613957901e-07
4.26901585311904e-07
4.04323804201868e-07
4.28552700779167e-07
4.448559142393e-07
4.38136491395793e-07
4.15081473571922e-07
4.3024425689665e-07
4.11003712949178e-07
4.08239604336342e-07
4.24427116840046e-07
4.23417482108194e-07
4.11318968870245e-07
4.1556325456064e-07
4.252529231027e-07
4.14968645200359e-07
4.1928367667225e-07
4.20974924852819e-07
4.39223117194848e-07
4.19618333714531e-07
4.20115376772099e-07
4.14310152394193e-07
4.32082097872193e-07
4.25492899144812e-07
4.1750439664528e-07
4.29540113412549e-07
4.38594284253945e-07
4.33010223858068e-07
4.31222013354183e-07
4.38928772366422e-07
4.43911223404555e-07
4.29119280752455e-07
4.27588244867693e-07
4.17242828645494e-07
4.21624161930244e-07
4.2378352393884e-07
4.33979853752076e-07
4.26231622367024e-07
4.15712961752503e-07
4.21407032207736e-07
4.3567553712277e-07
4.19172532809258e-07
4.27228492919663e-07
4.24302505895353e-07
4.2973080997633e-07
4.32354808910115e-07
4.3355305888987e-07
4.2629007374458e-07
4.34126674458209e-07
4.33227527143042e-07
4.30073981829323e-07
4.27624233506963e-07
4.35630140451453e-07
4.12941931387476e-07
4.22399418341176e-07
4.11179109943332e-07
4.22388980967053e-07
4.20772969002481e-07
4.21585848617724e-07
4.28200001702755e-07
4.16242724531504e-07
4.48947021991823e-07
4.22080382661398e-07
4.22480320098925e-07
3.99722066957746e-07
4.41597882998746e-07
4.42676486207234e-07
4.3127606495514e-07
4.41583881886992e-07
4.2028559350588e-07
4.25568387952321e-07
4.21506061134966e-07
4.39487921393183e-07
4.31116591637071e-07
4.25779202895679e-07
4.27277895741225e-07
4.37344771984382e-07
4.35236267130002e-07
4.27956522162823e-07
4.16495555255412e-07
4.1632018756451e-07
4.25851137987975e-07
4.09449045049997e-07
4.14325205795803e-07
4.31023302127926e-07
4.13724302611029e-07
4.40172640709234e-07
4.2970825259542e-07
4.18777248430807e-07
4.24821910124905e-07
4.3146206220929e-07
4.22545407961138e-07
4.33471955786204e-07
3.96925125512799e-07
4.14127989562539e-07
3.96334042147302e-07
4.28015249301193e-07
4.00712242889887e-07
4.01275449156337e-07
4.2005278208708e-07
4.23229747122782e-07
4.16791789971163e-07
4.04194769418038e-07
4.2604673614253e-07
4.21080315003118e-07
4.20548750866846e-07
4.24410288777782e-07
4.24022509615823e-07
4.06565171989595e-07
4.26912665462586e-07
4.23409022284225e-07
4.3951964459266e-07
4.45669546469961e-07
4.26591254708588e-07
4.48704079703984e-07
4.22983257434754e-07
4.13202687595568e-07
4.29952579115722e-07
4.38393729784658e-07
4.47084326303764e-07
4.2741193781561e-07
4.25515921575812e-07
4.2397127196563e-07
4.31384876122905e-07
4.23656708057851e-07
4.16844546376433e-07
4.25326664774014e-07
4.25008919728138e-07
4.28787365924176e-07
4.44168605926889e-07
4.55724696575557e-07
4.379822070498e-07
4.29025184267012e-07
4.35206062011065e-07
4.26566040688573e-07
4.14114172265767e-07
4.51611229646186e-07
4.238660909239e-07
4.23818805182575e-07
4.10639498206312e-07
4.18909310822622e-07
4.08740983132163e-07
4.24470375381083e-07
4.09212564353833e-07
4.21860779833304e-07
4.07835828829222e-07
4.15153462723589e-07
3.96768500007555e-07
4.20919707609444e-07
4.21283468376577e-07
4.22115362091975e-07
4.34444270398615e-07
4.07326658631374e-07
4.13796313737417e-07
4.28309027232862e-07
4.28234436106173e-07
4.40740219554948e-07
4.21573112783523e-07
4.42419109677155e-07
4.35268858053439e-07
4.26870210458477e-07
4.23563824280118e-07
4.26475232202746e-07
4.39692066544535e-07
4.24721580406707e-07
4.21057126054057e-07
4.22912656475301e-07
4.19130531113413e-07
4.35533590502044e-07
4.06202416344907e-07
4.1962865690645e-07
4.12452879428812e-07
4.13372291222105e-07
4.26207043354728e-07
4.2873387769264e-07
4.10138969535952e-07
4.08130457288875e-07
4.30679351745061e-07
4.17526012283493e-07
4.32637666074775e-07
4.29950716677636e-07
4.33774594061886e-07
4.22711921709156e-07
4.35156671051448e-07
4.15483062727321e-07
4.23949584584112e-07
4.21745128354773e-07
4.21805549160111e-07
4.25482089889254e-07
4.22048676159426e-07
4.30860437606083e-07
4.04492435776981e-07
4.17810887447896e-07
4.22284791132621e-07
4.2744390661235e-07
4.38959531643189e-07
4.13699939378467e-07
4.42122345438879e-07
4.19389396342114e-07
4.46385516239285e-07
4.28015854650294e-07
4.3572388010359e-07
4.07938472650602e-07
4.21975426014408e-07
4.37864600881918e-07
4.0922375017055e-07
4.34463698057016e-07
4.11817724169427e-07
4.23502941757977e-07
4.39623310252401e-07
4.19874310754295e-07
4.08449179646113e-07
4.11523021893835e-07
4.20286002535722e-07
4.14339729151972e-07
4.32706592181074e-07
4.29505784977333e-07
4.07823090786531e-07
4.10414309158563e-07
4.35265309749827e-07
4.16375158610579e-07
4.37445167385882e-07
4.12750760767899e-07
4.34498331657637e-07
4.18739622972335e-07
