0.114265976448665
0.137185697960456
0.140818022822585
0.13140336114328
0.124823419312466
0.12148101255222
0.120989997392163
0.131743720195158
0.117986135196404
0.129766931363361
0.128068272631883
0.128528461003752
0.123305134541401
0.12488459634091
0.10880990590802
0.129109790657917
0.137355284538906
0.121005841530148
0.125673679997512
0.120570795698958
0.127565280225009
0.126053558177373
0.118628451845843
0.127962558149562
0.118334724848801
0.122045094739824
0.144550534432192
0.0990099337752975
0.118316316454526
0.109415397776236
0.121757840250021
0.118802828005655
0.135151693582192
0.122820718058586
0.136894555662528
0.112700055763671
0.126936022127321
0.133656849917832
0.109924377539264
0.149220537698969
0.121484824297277
0.117199105025795
0.123675474866504
0.131854313108733
0.119370546357509
0.127115820442939
0.123653503329764
0.109090442443282
0.126288395175729
0.115969681021576
0.125264012679292
0.120730206752998
0.126680458228319
0.132705835001014
0.122867167598633
0.110864133299475
0.128359627689479
0.122653590515283
0.124251679760128
0.126114711142931
0.119938658814186
0.139760218924592
0.141171913971043
0.138012223924856
0.124111056536082
0.118007889473304
0.12517861265498
0.113270955326176
0.130080815154694
0.132218141959933
0.133106375933355
0.122840151182029
0.13103906357532
0.134221609005091
0.120297381589754
0.109245676658729
0.12237828888041
0.115196051463124
0.118478820146387
0.131181960996206
0.108114215264391
0.119209278729466
0.109293611410836
0.116274971654862
0.112112629804014
0.116888552641261
0.13136980129747
0.12575136561823
0.122221910560035
0.123305921549146
0.128074867815027
0.124713574256043
0.113956576850838
0.118980782461272
0.116414535288675
0.1154045632045
0.122329039435538
0.127109252973412
0.114771305613273
0.128216166959724
0.125513651890904
0.122797457984723
0.122741639782213
0.128122709507949
0.120246123163633
0.113136517025606
0.13574378924811
0.12179124238474
0.114594304066171
0.122555436271763
0.12378245365051
0.122310247102363
0.13263278466245
0.120758187382909
0.128579470964536
0.132138643329085
0.119738364866961
0.119328615165644
0.116965732392176
0.122611553399325
0.128578534857577
0.115881118853593
0.132752602584023
0.121211755745949
0.113463153414005
0.102922791050052
0.114691255761211
0.118799602483244
0.125023661644035
0.120224364332839
0.133539562385197
0.123710847248858
0.139961063415894
0.117368782739969
0.116372721513443
0.124785266869807
0.123557445958256
0.129900820263162
0.11405708720516
0.116104470463537
0.142012651784972
0.123110106876031
0.107526816365548
0.120404802623664
0.121717595260817
0.116402373631469
0.129015479430724
0.138333819915493
0.111391227177925
0.121700843283685
0.116396971523362
0.118641796629785
0.13351698517828
0.126771500025698
0.135884973697882
0.124632742831919
0.116882990144266
0.124527626445622
0.123403608669654
0.103513047052917
0.11484250105007
0.123637898611415
0.119391938868723
0.124348737175837
0.109820573257726
0.111196998069516
0.118774745825482
0.125897614719002
0.130250655877975
0.116558194465057
0.1313222916641
0.121722193617
0.122430013041617
0.128903358839737
0.123856781479181
0.118447186003451
0.124375592422387
0.121333691144675
0.121370346494809
0.123042990584523
0.119842525191419
0.125658324441709
0.127248773135198
0.117605326661578
0.128202770022402
0.134249508732703
0.113773182191013
0.123744754652934
0.114408172959595
0.126697862433825
0.119430661111343
0.121255883305869
0.116080992288139
0.128648775395864
0.122885143745597
0.120586224725245
0.125405090664294
0.130346219724918
0.121774119027558
0.123520838929293
0.111004580143353
0.114954465874932
0.122592957386595
0.127046171368677
0.106925955021857
0.125350976487371
0.116196280451764
0.114763050717486
0.122570448890381
0.119783267244036
0.126133138762572
0.130027218561508
0.121268866763843
0.117934029533401
0.127412488086976
0.115597461141579
0.132597479124874
0.103459887088507
0.13885959958553
0.139759284115506
0.11382355443313
0.119827069065731
0.114992909992291
0.122613449144918
0.118971069431782
0.135349122117367
0.132866811883949
0.128275406298564
0.127396317357897
0.129006291869999
0.131378527378415
0.118351196241301
0.124755892734527
0.130182854942182
0.113230697703764
0.135678633969408
0.117305463538795
0.128312773407327
0.122663713385973
0.128885689160678
0.118995753255741
0.131212142608945
0.12047204502945
0.11519962982308
0.128763191038108
0.120270368954587
0.12355942865146
0.129732626310656
0.122344917588213
0.120551593152195
0.125142513329867
0.126919771019658
0.132393126918884
0.129152972394471
0.134660904012727
0.117484669237688
0.111866318925261
0.132174712547963
0.114710479835053
0.119513833347385
0.127981694712376
0.126520624167774
0.134208019560532
0.10925806517255
0.119421734442898
0.127439996587639
0.115028323488917
0.121604312190652
0.121380583990846
0.120063147810691
0.122886465674468
0.121097201208506
0.121452013341571
0.116723467174965
0.119506566182507
0.135196515013178
0.127342468440288
0.141284064343603
0.124053600105717
0.124322751794463
0.125704831623178
0.119824726972931
0.112881213548994
0.136862071740681
0.117490462010869
0.114484082208677
0.133188078179254
0.120778953142501
0.121021290294047
0.125386845309466
0.122304512439237
0.121912293642483
0.128083623455591
0.12056652947968
0.12983112201161
0.125633108567835
0.112680950580865
0.120590062423176
0.117098739809158
0.137854601237242
0.128645450014428
0.121304115447509
0.119987486499344
0.131005550429798
0.118357788614702
0.127511599489677
0.1354896954595
0.121981872060058
0.134371869598835
0.135248010468656
0.1145857807656
0.125158177855762
0.129950345708349
0.138705236500128
0.127018370932399
0.116221000112908
0.115140050657703
0.125193312814038
0.130170443222935
0.116736672963008
0.123095250744338
0.116094482122833
0.12568738014458
0.112512580357796
0.125994957186263
0.116796053377682
0.124726248071295
0.134824322048662
0.114609696882298
0.124438105161318
0.131070124206403
0.123840417774464
0.123426366990754
0.128039652549805
0.145097101622102
0.110011380751275
0.121822531364086
0.135984859240719
0.138666119230722
0.120080660696875
0.119020608444359
0.110587304834908
0.123163649603779
0.134790836927317
0.117519160982178
0.116672228837087
0.123209163950488
0.123141237038439
0.143517727927214
0.13122350876407
0.114909920166412
0.117143877270832
0.125184943048796
0.116965841109562
0.11575690555183
0.137435919929162
0.123825913517324
0.115477989617728
0.127814050547052
0.11763082079691
0.139133354930615
0.131003660064868
0.139274198552104
0.131141446724176
0.14031036667771
0.13257935338271
0.125094829418372
0.124735048351276
0.129747765775593
0.118322872871972
0.127338755996916
0.128501606361635
0.126393310683626
0.118536961858095
0.124900928449787
0.140008110844254
0.136432899666731
0.114115962285486
0.111635041950586
0.127062631282963
0.119725549465695
0.127104553466276
0.118772000474448
0.139457134998272
0.130670971639795
0.12916333066568
0.110690676629532
0.119126927391718
0.128852765441649
0.121731900682641
0.118647471270952
0.129199294170599
0.122837188663014
0.115680485501049
0.126127321569109
0.11414359434284
0.113446607059685
0.121024972384276
0.119639753004645
0.11484628142595
0.113557221380132
0.125753419850618
0.126323123057415
0.129286326904385
0.120329364251081
0.114487186273638
0.120964941120272
0.14292208776329
0.130082345095235
0.119305566402468
0.130426732466654
0.123495621385412
0.121598397312378
0.146187291251669
0.122179703004641
0.115726295197035
0.135335391827677
0.136031503986354
0.120358489775338
0.124357310361197
0.12349515182966
0.120938331337997
0.128036952169436
0.121674091831002
0.130377986957824
0.109348945324304
0.140200912861415
0.134896783106139
0.128059872221834
0.122225109258081
0.125080537898379
0.114875986054465
0.114056075927876
0.123000703107049
0.123527200087152
0.128135284573437
0.116018418509591
0.122854859212206
0.118027070579622
0.118057845044974
0.118558453961623
0.13572875738627
0.148604425783657
0.127033779243388
0.117142665683188
0.115352080269776
0.120394850890733
0.135226643938902
0.127233357881157
0.121453450961457
0.113523237422259
0.12762173581133
0.115791868826989
0.11445552566265
0.124526720100181
0.118437285297873
0.13526767142827
0.133017255815453
0.12474176945152
0.137085164705646
0.127139855624101
0.113327658154978
0.11005242247101
0.117902046007002
0.112467305138211
0.124771942752178
0.129426064412897
0.126997288325468
0.122817855692711
0.129403272021792
0.130154915840624
0.116474355992002
0.12279098329938
0.124962859856255
0.125644754100743
0.142865295751479
0.109043099181815
0.125551306961753
0.132266271159324
0.120483616217757
0.112046591103259
0.129339017821994
0.124973827250087
0.126066075264658
0.1198561528177
0.123876034454374
0.127391145157622
0.135328823068628
0.124817243942866
0.110481956499992
0.113219788548802
0.121130329068032
0.115071204112216
0.112224883927315
0.123108710075673
0.127513830211555
0.115568090244194
0.136450848237413
0.102697908001656
0.118943955356666
0.118288915990168
0.115772601453692
0.130476196817276
0.112755644392751
0.130631792279236
0.111500875124411
0.126363135773195
0.1090007417581
0.130631745192873
0.130615857340173
0.127085944984476
0.122610955066953
0.122180737211305
0.123054033550155
0.122559368429243
0.128181570354996
0.135983841715537
0.133549887574371
0.119865418641926
0.124822452121756
0.118993358408523
0.120288699103569
0.120441330409128
0.13866293687542
0.130277403525578
0.121860649712346
0.114136566339822
0.119378358294441
0.122072360241454
0.11868799565276
0.133886169439348
0.123492592827424
0.126590073300068
0.131557420418902
0.125724761349377
0.137617679584552
0.110072985146006
0.128436234845695
0.12898894372077
0.121963744417036
0.13424850348431
0.113285034729633
0.122765380357755
0.121642632497936
0.116979025290905
0.133288042994219
0.123511569350964
0.106207903280036
0.125208387735104
0.131148347951598
0.114381815551768
0.123313209303825
0.115347474421758
0.113924539785665
0.108243545989331
0.127140267901633
0.122989684869796
0.109580996412905
0.125409906321127
0.115476426046662
0.119678155582815
0.115924216612862
0.118517663939268
0.122154698863789
0.114732891379415
0.121045179250483
0.120730672563556
0.119718430815591
0.140436682955026
0.121463752172546
0.133228336760246
0.118875588029685
0.134452722023971
0.115151739671915
0.131183539383793
0.125463011618685
0.118155932906204
0.112531946833026
0.127966352338053
0.11290685857652
0.121689436983344
0.12591138798193
0.118029453125681
0.129552087089814
0.127844959283563
0.122565249552476
0.122701358410131
0.135862295434118
0.130850487373854
0.134780405744508
0.122047199766198
0.11467648847176
0.132342741786619
0.10855346380198
0.115265130563314
0.122627976400902
0.117826526314598
0.114739827028372
0.120780388259748
0.124911052832057
0.142301836790129
0.135364893612275
0.106867255362965
0.127165958217206
0.112461330558252
0.122004123052671
0.120776778979104
0.120147867780553
0.113427606522944
0.124041828763671
0.142904459350187
0.135799692024607
0.122768801820051
0.118583215947588
0.123108370229959
0.124163741163962
0.113704058426447
0.117316149548294
0.11065981214388
0.134973874203008
0.14546008138391
0.12971642175283
0.122684594145729
0.116423455887758
0.112512048300909
0.125665108719052
0.122469436853701
0.116939052591194
0.138580878492242
0.120278584636598
0.120853770693261
0.112786542496385
0.135298167936916
0.122022635391684
0.123432235865912
0.116983273333499
0.109482438795709
0.120044407801484
0.114039894283602
0.121922046854077
0.115775589891429
0.143119815816171
0.115826378279214
0.12792920160873
0.123864599438013
0.135539548083757
0.126126570164227
0.134441419266267
0.117616660656216
0.134357893878171
0.138674029511642
0.11923073709441
0.125611438003249
0.124529365478529
0.135476237651821
0.115551778579619
0.142555350321565
0.123667806334633
0.115648713210053
0.118778258313588
0.118269134620472
0.118786659535549
0.12077093290167
0.133905738982954
0.119808562211491
0.135901449457403
0.116721103459536
0.114165425734852
0.130833482157726
0.13171197316516
0.116256117181264
0.132820506100372
0.127372253090438
0.119696093503931
0.116740574208699
0.125421938226209
0.120891500456477
0.120142730322451
0.119689324818411
0.121649117024647
0.12258992871559
0.130191612346524
0.115584610082774
0.120928624561044
0.128055192350982
0.126369167239022
0.130894069654911
0.122683619288592
0.143780903104303
0.116384025942369
0.113250796692771
0.117855848777331
0.128938048329988
0.119970933138503
0.127722602868058
0.127023135604599
0.124290395455966
0.130396392860909
0.127022916881325
0.107352507478216
0.121881316851716
0.125082174018706
0.120177885182098
0.124686677896206
0.127893562894726
0.129509633079349
0.106001352706285
0.124405696659513
0.109159233370053
0.125848512076782
0.127957682983949
0.125200479369355
0.119638639727158
0.119437708353234
0.126895827874243
0.110918131373165
0.119813546153385
0.112162401375631
0.115888407277628
0.124442059689915
0.111393166727398
0.130781484331244
0.125993507472938
0.130895052491299
0.141941101139126
0.126510067209647
0.131637881677632
0.114204515569962
0.112384626991206
0.131053590021163
0.124923863997164
0.127274612783844
0.128175890347128
0.111944104640498
0.117696021959063
0.13245241489119
0.125778364068659
0.111299085950998
0.135339143561609
0.119163911594772
0.112223704016043
0.11340086013006
0.113610836313693
0.12657073510585
0.118959830901327
0.121343724542765
0.116264976430239
0.120721096075426
0.142731021742349
0.127867878803355
0.115576885804915
0.1298706695456
0.125518176911488
0.120381423212906
0.114842836601866
0.119251778325748
0.142159141926688
0.116796416421069
0.123108294740249
0.134862370586133
0.111430881764238
0.107281705203482
0.133320522430353
0.116934329683606
0.138851409323126
0.122257566518849
0.136456707147824
0.125415800090328
0.12617912485975
0.137790885645373
0.113038878027213
0.124026520049874
0.149614404108408
0.129539819549732
0.139543705301022
0.130304079712531
0.117538899869596
0.128073510865501
0.129397809935428
0.120256301565098
0.122998493166534
0.114211396000634
0.133194434259948
0.115805255441962
0.133134460164575
0.122274090815027
0.122396675725623
0.13259234692895
0.137478922715533
0.119479980052086
0.118127837393149
0.111300501514705
0.121022842314139
0.129239760656647
0.11044144006701
0.111444295129853
0.138309309780205
0.137915180495482
0.116592308581726
0.137298128579518
0.113051070916345
0.145473062267376
0.123504600439938
0.135204201897797
0.11680193759657
0.115998336598946
0.107896445497923
0.128093294148992
0.128533019599567
0.137476385143274
0.104740082019203
0.126708658983802
0.139820780430721
0.126962418651128
0.123998287687182
0.121357585806361
0.134165296148448
0.128393984368833
0.142641694726631
0.12456101574883
0.138000215155287
0.117330618862993
0.127580915373543
0.123081769478012
0.11299995244563
0.120722581171229
0.123814456548783
0.121251788121991
0.118329089159479
0.123304530524939
0.129198906699296
0.129882803022042
0.131492101321434
0.111679841259853
0.126792247666374
0.124619272782332
0.133369114492621
0.125663374614689
0.123355698858502
0.12306411956214
0.117621135991126
0.129042130721477
0.118790654817838
0.135663835871208
0.127544587432964
0.127407698676081
0.111871868939659
0.1309271535642
0.125046294601207
0.115476920383211
0.13228045564221
0.126374679445964
0.127216860458391
0.103476080186591
0.127717887268594
0.128775674547828
0.142701651102309
0.120060819458292
0.13356242307208
0.12272078124538
0.14064744545369
0.12093577230646
0.0973220112698968
0.131102321107372
0.129990889548751
0.12169842177527
0.126331891194629
0.120738431817717
0.131805854571825
0.118409590008629
0.104777686061815
0.131594298936653
0.108221221429122
0.122534013951718
0.110159209601235
0.139343572081232
0.118631680678293
0.124925605416472
0.137218972273679
0.126656026446579
0.129971711011691
0.12172954762957
0.115914703014016
0.106070824727296
0.106923595136078
0.123969859375419
0.136431186020773
0.12490510462963
0.118183391314582
0.140637366232004
0.134132681673402
0.118887484014469
0.123720618294039
0.112029135748598
0.129849527116468
0.133681245489579
0.125103184502896
0.131456915102788
0.145937415752429
0.113355097588612
0.114433091504016
0.125729933548441
0.114825375195794
0.118093251636614
0.113838849901928
0.123581115248998
0.116810993342866
0.13449671873954
0.131057737926383
0.118199070841924
0.124829704291656
0.117985239899737
0.121725012172375
0.11385012068236
0.12308086729603
0.132442659094423
0.115968077956003
0.110271786597703
0.127780207244278
0.109192508078247
0.11239247823054
0.121190662784383
0.118224126578214
0.122808572740263
0.120103400064046
0.109177133999909
0.116582186200015
0.108188847674267
0.112130359775137
0.152019951375347
0.122890284516583
0.116977838182478
0.124898504924683
0.121010779462865
0.12207810163231
0.118677503354501
0.132938064261295
0.113943886401488
0.13081851969213
0.122160869422489
0.115428689963972
0.119597587670417
0.125829874612958
0.124549975695173
0.118603788462776
0.124548967376053
0.129475211582706
0.135324236654729
0.141031053983044
0.109661797908814
0.123720377529459
0.111093407964798
0.124314671578433
0.128180457975386
0.137030668448216
0.124271314621881
0.135298138651922
0.131714761757088
0.127377550132443
0.128834943473992
0.123451926719206
0.138703665014462
0.118295926672092
0.114145189436531
0.113144145239967
0.121212427858525
0.119888673847018
0.125466254964611
0.128190474052223
0.110056947106372
0.1160655311101
0.125641223194953
0.119149187479596
0.116385197336268
0.121471835030652
0.129072960398259
0.107565355407725
0.127741341773674
0.125685916097694
0.126862263187498
0.128360255852515
0.125161382382471
0.142990327639497
0.125936091065518
0.131022130122409
0.13536250358953
0.124678477530755
0.132737357377029
0.129674799903154
0.121771895659819
0.12760965329174
0.106001161471216
0.118673880173451
0.138593335208897
0.124396594253072
0.115082761644722
0.121019195808553
0.10351493604043
0.11990209006986
0.131769735328137
