3.68418911375842e-06
4.50326789688578e-06
4.45054176370537e-06
4.21638492989238e-06
4.1809002297475e-06
3.99667934109937e-06
3.81844386958556e-06
4.10303247484786e-06
3.84109835072761e-06
4.14442705784265e-06
4.16554018106748e-06
4.17994517622649e-06
3.87936979163108e-06
4.15172161897159e-06
3.66802571897284e-06
4.26047483515837e-06
4.4314226813013e-06
4.01662400733833e-06
4.20698589704069e-06
3.98822216950281e-06
4.09581288441843e-06
3.94406058382047e-06
3.86857640039821e-06
4.16371592355507e-06
3.87813302037119e-06
4.09645177182366e-06
4.63378898196813e-06
3.18049246536201e-06
3.7093106113375e-06
3.67193093743562e-06
3.91894010808008e-06
3.93851036766243e-06
4.37638982850734e-06
3.89170173525927e-06
4.56044338498613e-06
3.65061946517513e-06
4.27946154635768e-06
4.36190517784741e-06
3.80067585158538e-06
4.74243218216685e-06
3.89339284453491e-06
3.94781315597227e-06
4.04532417740322e-06
4.35539955426537e-06
3.86131609298862e-06
4.11925836145157e-06
4.04079421817356e-06
3.65386008952507e-06
4.27893117235705e-06
3.76362319808708e-06
4.14544524896719e-06
3.80897829846433e-06
4.17915412971347e-06
4.3496011653806e-06
3.94060052819491e-06
3.65449180889368e-06
4.17690628412137e-06
4.16078046440767e-06
3.89654554398058e-06
4.06316529743052e-06
3.96093966644545e-06
4.48545198707523e-06
4.49774127013537e-06
4.63691769311625e-06
3.97948603997312e-06
4.01802190633587e-06
4.16248723193382e-06
3.72770327705264e-06
4.27451439579323e-06
4.31313184335807e-06
4.38665397175293e-06
3.9551651712628e-06
4.27120119231461e-06
4.3291336284863e-06
4.03578044986094e-06
3.49023118120765e-06
4.0233137518904e-06
3.83547510566398e-06
3.7963956702415e-06
4.12576078453773e-06
3.53181534807131e-06
3.89932935585113e-06
3.47763584909935e-06
3.87964315229239e-06
3.84594965774391e-06
3.91438450818186e-06
4.11799695525467e-06
4.06818690405134e-06
4.04502958908918e-06
3.98544582800732e-06
4.2197417651072e-06
4.02281248462895e-06
3.7723381972237e-06
3.906977813395e-06
3.62767952050707e-06
3.8368237332851e-06
3.99841900282433e-06
4.15353639301964e-06
3.73348164325667e-06
4.29156556890488e-06
4.14417271338885e-06
3.82416911834112e-06
4.09644645953287e-06
4.28189982462177e-06
3.99726424797948e-06
3.59341474358604e-06
4.28039565809292e-06
3.80296407598906e-06
3.66535554489888e-06
3.99903439212731e-06
4.14476251213138e-06
4.06194721125021e-06
4.3929989744672e-06
3.92521126441309e-06
4.19927625364201e-06
4.21444717153279e-06
4.01766017514864e-06
3.87857739658978e-06
3.93913295863453e-06
3.89914089094218e-06
4.23078355692819e-06
3.83019071256172e-06
4.24295565029333e-06
3.93164667086426e-06
3.65024413153469e-06
3.38737074463656e-06
3.83360013020955e-06
3.93413257270919e-06
3.95894683226843e-06
3.83197506140386e-06
4.34322225337497e-06
4.08795677634612e-06
4.56713757050518e-06
3.65491320938404e-06
3.80991774634214e-06
4.1131584450359e-06
3.91675560765611e-06
4.20534991964537e-06
3.71519426017182e-06
3.79452271246996e-06
4.69353097096462e-06
3.94872975772551e-06
3.53182358230967e-06
4.00697016820142e-06
3.91674195695346e-06
3.83418072714898e-06
4.10179142340085e-06
4.56263877874588e-06
3.70719575442468e-06
3.87565414271076e-06
3.76548350175574e-06
3.99991942954684e-06
4.28184400615e-06
4.1688398916811e-06
4.38393373260303e-06
3.92430784252337e-06
4.12175654039782e-06
4.12515241343647e-06
4.0876654056991e-06
3.36829170362758e-06
3.71368370640727e-06
4.08786515723681e-06
3.9459957886708e-06
4.03185657419957e-06
3.61112220602275e-06
3.67361801349568e-06
3.95912903551764e-06
4.1537969840121e-06
4.30093835991647e-06
3.88363235598151e-06
4.24133445739981e-06
3.95079350580356e-06
4.05872004127361e-06
4.09496883261889e-06
4.02815397147467e-06
3.9546273937465e-06
4.10447846922612e-06
3.85908482289582e-06
4.00023835546057e-06
4.14871318772913e-06
3.8447939393005e-06
4.07998811133707e-06
4.11749721692855e-06
3.98749145982935e-06
4.18809324919787e-06
4.31560929325462e-06
3.73319604195468e-06
4.187422157677e-06
3.71195913119156e-06
4.12775300916282e-06
3.81525703154314e-06
3.69773799136054e-06
3.87690301741274e-06
4.17960240410989e-06
3.77704022827789e-06
3.95985012993139e-06
4.01984584564698e-06
4.23535616410934e-06
3.93263072757183e-06
4.00837238248486e-06
3.54582451484526e-06
3.68955538473128e-06
3.98491205288896e-06
4.28367576042172e-06
3.60623311121949e-06
4.1084332193338e-06
3.80715920114564e-06
3.72671028185338e-06
4.02641202044079e-06
3.9531654605371e-06
4.09417877019766e-06
4.1672831775702e-06
3.88895363810632e-06
3.90521141464589e-06
4.14813848564208e-06
3.91295423797569e-06
4.30457741409701e-06
3.58692025440869e-06
4.53716400434757e-06
4.47078274599162e-06
3.71266578156141e-06
3.92940785974793e-06
3.79853196697225e-06
4.01089241902528e-06
3.9357785299922e-06
4.33096930407484e-06
4.294744280697e-06
4.07033067196461e-06
4.08783244480324e-06
4.09862547875315e-06
4.16938666440437e-06
3.85177218382598e-06
4.03168886817664e-06
4.29020817197214e-06
3.53905888755627e-06
4.23856213725047e-06
3.79314005743985e-06
4.21922587786375e-06
4.12103101317743e-06
4.30254449660532e-06
3.86008385391818e-06
4.34768292798553e-06
4.02929761091037e-06
3.74123682565806e-06
4.3131165508382e-06
3.85093593829407e-06
4.00575361042082e-06
4.40125936885462e-06
3.99602955130535e-06
4.02109756409278e-06
4.20756342987782e-06
4.12261648898797e-06
4.43141560485427e-06
4.06587264895254e-06
4.32568743741143e-06
3.95876547267289e-06
3.58385667389733e-06
4.3878835283577e-06
3.78929295306271e-06
3.99534321976002e-06
4.08331522698844e-06
4.15116590023532e-06
4.39773566631553e-06
3.59487636188664e-06
3.94075984259497e-06
4.2170443538943e-06
3.79228964748691e-06
3.97514537535425e-06
4.06261833412354e-06
3.88261495154605e-06
4.07209605216248e-06
4.0669817414911e-06
3.84458945652429e-06
3.77486923478338e-06
3.90518502764569e-06
4.35421825344348e-06
4.14832613594319e-06
4.54384798718214e-06
3.87490843160881e-06
4.32331595303667e-06
4.17656539708031e-06
4.05951073950129e-06
3.77184303332986e-06
4.46513818765089e-06
3.7947659401154e-06
3.83725895978348e-06
4.37678764194942e-06
3.95728574287862e-06
4.00425988225947e-06
4.06812042464949e-06
3.97808285210061e-06
3.92638617542909e-06
4.1766928779958e-06
3.88628869852197e-06
4.16533641462086e-06
4.19099970414285e-06
3.64612899764226e-06
3.79655405205648e-06
3.85464934268851e-06
4.67050751465993e-06
4.14740426225473e-06
4.01656214754558e-06
3.96752491132357e-06
4.44260478158399e-06
3.96061713002032e-06
4.33121833309201e-06
4.53405528398569e-06
3.96964938336299e-06
4.33057753027083e-06
4.49276133890937e-06
3.84315141699964e-06
4.05879369450199e-06
4.23129305064753e-06
4.2810286804073e-06
3.9816155093609e-06
3.75806167698252e-06
3.74873671344567e-06
4.06705342599059e-06
4.13929223688431e-06
3.95324229521768e-06
4.21850643999447e-06
3.85144347399582e-06
3.9714619052866e-06
3.69791485971627e-06
4.08509712717472e-06
3.96462537765335e-06
4.09252289546151e-06
4.2917584147221e-06
3.71858779809813e-06
4.13741750895617e-06
4.08307526778327e-06
4.08510200620567e-06
3.91760704021511e-06
4.22730924663633e-06
4.76325719447238e-06
3.53494437555458e-06
3.88777561731077e-06
4.43676132082081e-06
4.55265523965089e-06
3.97542412346279e-06
3.89642066213509e-06
3.56724418754249e-06
3.90755213326027e-06
4.40036107940408e-06
3.72359343935235e-06
3.86198231397839e-06
4.14794150968065e-06
3.91645705408895e-06
4.64720788310153e-06
4.11858849388986e-06
3.7780970567177e-06
3.94834426266432e-06
4.17886534921482e-06
3.94196182508521e-06
3.81894651119775e-06
4.44494587067056e-06
4.03743646359533e-06
3.78331456352665e-06
4.08384819236209e-06
3.74657716123752e-06
4.55833475867531e-06
4.19658610409025e-06
4.28524802883945e-06
4.20878175873362e-06
4.24926684215462e-06
4.21156987944226e-06
4.08327437201844e-06
4.09956737075846e-06
4.11058016472506e-06
3.91296521589668e-06
4.16071316608057e-06
4.31722924314122e-06
4.09611109857099e-06
3.79219562998225e-06
4.04393364504933e-06
4.59828898420803e-06
4.42813537084802e-06
3.78519018378893e-06
3.71130667351823e-06
4.11761642501131e-06
3.91699987247039e-06
4.29397993029011e-06
3.99529969219789e-06
4.44169058306368e-06
4.03111665794485e-06
4.11890497317731e-06
3.58929328142813e-06
3.8958598858984e-06
4.10540093138557e-06
4.09215531076003e-06
4.02652888204471e-06
4.35246209088837e-06
3.91830999402854e-06
3.92396219922257e-06
4.17671156903655e-06
3.78340621173128e-06
3.6778924184944e-06
4.04435295353397e-06
3.72575709277957e-06
3.78687617543948e-06
3.73937501347461e-06
4.01962796852696e-06
4.16030574309546e-06
4.20952146861857e-06
3.85628242011216e-06
3.71452073158811e-06
4.03625279834902e-06
4.7746450898186e-06
4.29976201121372e-06
3.88074354237648e-06
4.3274151939725e-06
3.89071856817789e-06
3.9404347171309e-06
4.65537493407372e-06
3.90192617034211e-06
3.72442861990506e-06
4.3042586938014e-06
4.36496478613497e-06
4.00252410151325e-06
3.97516760444039e-06
4.17288483792272e-06
3.88376595993006e-06
4.07999266270343e-06
3.93224059704084e-06
4.38709429272097e-06
3.63622753503686e-06
4.51167177544151e-06
4.49615367301906e-06
4.16062050444496e-06
3.90444365857554e-06
4.05233410673749e-06
3.83138806067234e-06
3.80591805699552e-06
3.98189836962307e-06
4.009696482156e-06
4.16701727553567e-06
3.76664757631849e-06
4.01798953178548e-06
3.83637670670808e-06
3.78792302417699e-06
3.9605875315422e-06
4.4250383705187e-06
4.72375397677623e-06
4.1437772684456e-06
3.84251867983479e-06
3.82770199547292e-06
3.91873902768834e-06
4.39972478105821e-06
4.02669673360586e-06
3.94509914999784e-06
3.70810936232655e-06
4.20894127727762e-06
3.78761934856747e-06
3.76684136549227e-06
4.12711416257349e-06
3.87354540599698e-06
4.21377756991584e-06
4.29472142107554e-06
4.02163855441586e-06
4.3384375427582e-06
4.13117962408766e-06
3.71347299476802e-06
3.55498645455e-06
3.8622431127388e-06
3.60242277848388e-06
4.117323379071e-06
4.19044166006999e-06
4.08070718129014e-06
3.93520251296966e-06
4.19262617569194e-06
4.2877150133668e-06
3.96760317489328e-06
3.88455991068361e-06
3.99654965636477e-06
4.08966555357371e-06
4.69602189895216e-06
3.71890927625486e-06
4.2018782675968e-06
4.14780925424933e-06
3.86261088776717e-06
3.74346921749826e-06
4.15866989130666e-06
4.05642463523104e-06
3.99196299844894e-06
3.92852441904538e-06
4.10818062543258e-06
4.01058832905245e-06
4.3848038399361e-06
4.12224652729401e-06
3.6683534474313e-06
3.64206563301644e-06
3.89874724711455e-06
3.6671353569466e-06
3.56450218158299e-06
3.91646408513183e-06
4.11064028609805e-06
3.76940986443929e-06
4.39436253180272e-06
3.37020781504744e-06
3.93361798502612e-06
3.85649991419455e-06
3.70512433658184e-06
4.22477322057547e-06
3.64092294657838e-06
4.34710526689157e-06
3.78355953601474e-06
4.18272159294327e-06
3.55966093862052e-06
4.2206438868215e-06
4.30450179314776e-06
4.11241814130867e-06
4.00898852668082e-06
3.99320817618415e-06
4.03367803583351e-06
3.98649658190177e-06
4.10015944851822e-06
4.31137824408212e-06
4.39831858222798e-06
4.01494171538755e-06
3.82365810016508e-06
3.88346716759744e-06
4.00781983389088e-06
4.00719578205291e-06
4.686567986072e-06
4.21874845912931e-06
4.08172742070903e-06
3.85246908973116e-06
3.96663897502587e-06
3.98763987751083e-06
3.87393483333882e-06
4.29012926956589e-06
3.95017088023653e-06
4.02105866203691e-06
4.29537001070884e-06
4.04208637218659e-06
4.45427436241619e-06
3.71618980219821e-06
3.96792690983005e-06
4.24337577015256e-06
3.9574195065112e-06
4.24754384139986e-06
3.78598857655681e-06
4.06732753395035e-06
4.05446031296183e-06
3.81558798859524e-06
4.38722977738671e-06
4.03026774203198e-06
3.59750307052565e-06
4.10243374834828e-06
4.20579717782952e-06
3.80162610926997e-06
4.07560250163682e-06
3.75792962794958e-06
3.68495125924816e-06
3.49193042794182e-06
4.02658191878355e-06
4.01314958233781e-06
3.59867388792106e-06
4.09177431520769e-06
3.85111126885786e-06
3.86691178638176e-06
3.80853845479381e-06
3.94414280730656e-06
4.010220301764e-06
3.91855084583265e-06
3.97810047107288e-06
4.07082116303751e-06
3.9366989015577e-06
4.52732716611747e-06
3.80593051698653e-06
4.16772919429351e-06
3.86894079758981e-06
4.29207350591853e-06
3.79296272773962e-06
4.238268874133e-06
4.02446193422224e-06
3.7218091476554e-06
3.70979518846166e-06
4.08264040079105e-06
3.7934792411407e-06
3.97714968559882e-06
4.13577998402539e-06
3.89719446310903e-06
4.26893622669659e-06
4.13427764112747e-06
4.00164035954377e-06
3.9046298697309e-06
4.47862089438531e-06
4.30414906650601e-06
4.1686166663534e-06
4.1918334224848e-06
3.7806244425382e-06
4.22887071103195e-06
3.67984122658499e-06
3.73230363658999e-06
4.12465407356212e-06
3.91787072624692e-06
3.77017688359155e-06
3.90705830224052e-06
4.17938144291436e-06
4.65084368852008e-06
4.21194569001582e-06
3.45014793618554e-06
4.10113380397187e-06
3.8062789999569e-06
4.04889929447177e-06
3.89453397621934e-06
3.897701488133e-06
3.66170487361423e-06
4.07447697049432e-06
4.40526849833957e-06
4.42375874482891e-06
4.16517473681626e-06
3.87551452569138e-06
3.98593638947224e-06
3.99506020216085e-06
3.6966811640629e-06
3.95339471799819e-06
3.64931882001573e-06
4.29866414518448e-06
4.64201545764903e-06
4.274407797254e-06
3.96362467182981e-06
3.88090870505678e-06
3.71629808757479e-06
4.18983996361892e-06
3.97160491854694e-06
3.92801739002954e-06
4.58328757227162e-06
3.95655573409101e-06
4.03614453658895e-06
3.79561145878646e-06
4.48666153151827e-06
4.00020767377349e-06
3.86664328034524e-06
3.98596009998729e-06
3.63440025527953e-06
4.03170864958783e-06
3.87599437090709e-06
3.93791475432477e-06
3.75476635503603e-06
4.6551647125884e-06
3.67236420472547e-06
4.17593836931864e-06
4.12701498020035e-06
4.36384252401314e-06
4.19286793610415e-06
4.4706512681907e-06
3.90536355640896e-06
4.44143709048136e-06
4.37051912799827e-06
3.7496811671e-06
4.14308128337298e-06
4.11259996463569e-06
4.56076598907788e-06
3.81551563407143e-06
4.56437601333013e-06
4.19726825137778e-06
3.71225644066939e-06
3.91794468191006e-06
3.84951201008924e-06
3.72000688816503e-06
4.00137443705669e-06
4.49901950551935e-06
4.00885786181096e-06
4.58323087841155e-06
3.84324103185026e-06
3.61661087230028e-06
4.13815599031023e-06
4.26178696505877e-06
3.74248703402528e-06
4.31185698981597e-06
4.04820156398555e-06
3.93454156424478e-06
3.8748672730415e-06
3.99422164563892e-06
3.95280861931375e-06
3.96750160916283e-06
3.89005469302876e-06
4.01447685206762e-06
3.87425334401865e-06
4.15027269284174e-06
3.83963907988565e-06
4.2026852791329e-06
4.19578523311624e-06
4.10028054753417e-06
4.3781864619388e-06
4.09539377309988e-06
4.67470639022555e-06
3.77101010226541e-06
3.77685020033569e-06
3.83622881805563e-06
4.20018593218357e-06
3.82938647681707e-06
4.05856741998186e-06
4.23975365477508e-06
4.12542811264917e-06
4.29991088321467e-06
4.16245125004127e-06
3.65405185106139e-06
4.06729836847544e-06
4.10285991795787e-06
3.8951839969386e-06
3.9925215008143e-06
4.150729887958e-06
4.14629223851734e-06
3.51566110916006e-06
4.10170978403796e-06
3.5278471074451e-06
3.94493814229296e-06
4.29795097819952e-06
3.87783004857128e-06
3.85446142624622e-06
3.83120560656755e-06
4.05721058127609e-06
3.68098969636276e-06
4.07796260711622e-06
3.73208680890073e-06
3.7676488964367e-06
4.07105258668805e-06
3.70523918734966e-06
4.29362114823657e-06
4.08574206627168e-06
4.27867427111707e-06
4.58145459625735e-06
4.15503188542328e-06
4.42258761424748e-06
3.84506749028902e-06
3.67040751755977e-06
4.2385639510486e-06
4.06180431941219e-06
4.01582711104146e-06
4.28468833542042e-06
3.58451373281508e-06
3.85845887767939e-06
4.34435447998687e-06
4.0292973276935e-06
3.67748059877209e-06
4.50168870215634e-06
3.8949697795979e-06
3.66221634802593e-06
3.68947957122645e-06
3.68732454814201e-06
4.09456446529523e-06
3.85063192081338e-06
3.97665954166219e-06
3.88036895949523e-06
4.02926889508995e-06
4.57094315492396e-06
4.23095841331695e-06
3.60995880317865e-06
4.18491287023334e-06
4.00604802247575e-06
3.87054840008337e-06
3.86980763285587e-06
3.90076199367599e-06
4.47977162442378e-06
3.85201429554975e-06
4.10500888451584e-06
4.3358092104062e-06
3.73771693169329e-06
3.47972552031629e-06
4.31597025239279e-06
3.76160837543249e-06
4.43936600137512e-06
4.00737096751438e-06
4.43187937893143e-06
4.14862788278732e-06
4.11267325116554e-06
4.44980666812448e-06
3.56514513992746e-06
4.10149222381428e-06
4.62238918527728e-06
4.19478818284021e-06
4.42754487415798e-06
4.27900436726365e-06
3.8297093224962e-06
3.88647772335631e-06
4.23375126399308e-06
3.88169145915337e-06
4.01494100118323e-06
3.6810862659236e-06
4.47847333990982e-06
3.67472743903434e-06
4.15341662348044e-06
3.97395667752998e-06
3.97850769354874e-06
4.27387553085016e-06
4.53321729561541e-06
3.78081116537504e-06
3.84311188549625e-06
3.6978910678646e-06
3.93593459436028e-06
4.24083994783494e-06
3.54835079590736e-06
3.68124281596866e-06
4.50157282037699e-06
4.52543379655901e-06
3.85458961909267e-06
4.38754064673479e-06
3.78525176514218e-06
4.72377450595175e-06
3.96760652228129e-06
4.33285121728291e-06
3.87151002598236e-06
3.88791992280926e-06
3.6530284785383e-06
3.99549012136172e-06
4.07586495465659e-06
4.54547181787729e-06
3.5248880218457e-06
4.12904147988191e-06
4.37162209099452e-06
4.09213464358245e-06
4.04070580623168e-06
4.08526621162487e-06
4.24919724743755e-06
4.10730453862796e-06
4.37108202279157e-06
4.19491396302874e-06
4.57748345084041e-06
3.86506335873164e-06
4.33862188479689e-06
4.20045343050719e-06
3.77235814128732e-06
3.88918423422308e-06
4.1113632928771e-06
4.13008701236839e-06
3.80326096357921e-06
3.99401960152266e-06
4.16603402018336e-06
4.26063851419217e-06
4.33902948274011e-06
3.60294061344579e-06
4.24651156620868e-06
4.10646188610841e-06
4.42239529198382e-06
4.07027810098357e-06
3.93064639081435e-06
4.09022915902615e-06
3.93282677453321e-06
4.3338286405225e-06
3.79958329956784e-06
4.36794898197772e-06
4.11877338512234e-06
4.1383212346752e-06
3.63180431623919e-06
4.32156140308907e-06
4.20094185174674e-06
3.72425952755304e-06
4.32547102047356e-06
4.1872391542325e-06
4.12134372072271e-06
3.51192290178436e-06
4.10881263073943e-06
4.09897395446371e-06
4.5440742309311e-06
3.83226079377502e-06
4.21080781898996e-06
4.02393615336262e-06
4.40723047475677e-06
4.10783281687569e-06
3.25387875719622e-06
4.19388226799825e-06
4.21187737485164e-06
4.03577105431939e-06
4.2272034311296e-06
3.90426463350047e-06
4.20540223358204e-06
3.80088190208489e-06
3.45062643921507e-06
4.37452958790293e-06
3.53799283218312e-06
3.92298625179118e-06
3.64400298401165e-06
4.50547974766904e-06
3.85326527101157e-06
4.1781026030216e-06
4.51933608812815e-06
4.03213248463024e-06
4.26333623436857e-06
4.0430843077316e-06
3.91687722207171e-06
3.52219203173927e-06
3.5968551012432e-06
4.03194609356357e-06
4.46630128324061e-06
4.10788060642693e-06
3.9146922506731e-06
4.49755033268671e-06
4.20727262544182e-06
3.79697035953513e-06
4.14089413300966e-06
3.65373824491565e-06
4.20723745529247e-06
4.35984130726655e-06
4.10556975011457e-06
4.37340890892044e-06
4.64220756245642e-06
3.76144784383587e-06
3.7764559831232e-06
3.98942805261356e-06
3.87755703715078e-06
3.78276595624715e-06
3.75438891184076e-06
4.09122094456248e-06
3.70982482228278e-06
4.26004221662046e-06
4.3486202754862e-06
3.89010380984238e-06
4.09226646138134e-06
3.89997076616369e-06
3.93126980134363e-06
3.75966754936486e-06
4.02276105840054e-06
4.32704378663722e-06
3.98339917036484e-06
3.57328692021885e-06
4.13158445189089e-06
3.66604536637566e-06
3.57979523396681e-06
3.92686562654766e-06
3.81163790540543e-06
4.07608825978206e-06
4.01938259865803e-06
3.59689708781291e-06
3.73039979318944e-06
3.52050893117515e-06
3.71991857393047e-06
4.88700062451005e-06
3.9919017411238e-06
3.9594954039974e-06
4.05820786057393e-06
4.03614437681817e-06
3.98870729964473e-06
4.13073348089691e-06
4.38081819454189e-06
3.73403823779608e-06
4.28744641974133e-06
3.99514434123508e-06
3.76194075019296e-06
3.99866304409908e-06
4.22404089350193e-06
4.11991068072804e-06
3.85294281566179e-06
4.06918189542511e-06
4.0494467777597e-06
4.27144326312306e-06
4.4590814377559e-06
3.47603961484785e-06
3.92841056217364e-06
3.67026269982743e-06
4.08633051507456e-06
4.25627948508481e-06
4.57217370554833e-06
4.06614100663375e-06
4.33504912969494e-06
4.12016609384261e-06
4.14660197903156e-06
4.33388171996622e-06
4.15205877492257e-06
4.63674252713028e-06
3.87530032974807e-06
3.81970115159497e-06
3.6956529537178e-06
3.97439278270665e-06
4.01586004217348e-06
4.06530167987312e-06
4.17393796178037e-06
3.62750534465794e-06
3.90674175078776e-06
4.07096833798719e-06
3.99575766815344e-06
3.65295006927501e-06
4.02589087113167e-06
4.05695023004868e-06
3.45930997537703e-06
4.24304178011661e-06
4.12580851312687e-06
4.23183775500397e-06
4.20269311898885e-06
4.05608124595262e-06
4.7268507126162e-06
4.17807588931549e-06
4.41295149886605e-06
4.51196769704157e-06
4.04618026639311e-06
4.25069355123146e-06
4.22509274467249e-06
3.99492685151471e-06
4.20447547343506e-06
3.49820435459353e-06
3.84708690047912e-06
4.48149483484897e-06
4.16326631606537e-06
3.6896810813472e-06
3.98670304122246e-06
3.36044872786465e-06
4.00434822803316e-06
4.22740215651922e-06
