0.0728370703001063
0.0974149987489205
0.0959125954833675
0.0874885448874526
0.0872762579684836
0.0752642404155295
0.078785067485769
0.0876081814979902
0.0771759155475628
0.0895904404074038
0.0887541357539899
0.0890618873978323
0.0793232556576291
0.0822832140426197
0.0661168896071556
0.0928583326568224
0.0942504294371101
0.0827860004794777
0.0926150020941039
0.0834897264269066
0.0913597681309749
0.0873945047772389
0.0709817932124131
0.0863116548632424
0.0837409683989395
0.0782163609944333
0.103521291076828
0.0536986822974169
0.0735399105391039
0.0693915165748548
0.0812693736320124
0.078339839247757
0.0898096170773114
0.0785369324055478
0.0938694260528671
0.0791787005197381
0.085893001044158
0.0994321191673446
0.0705215561199065
0.110458113707061
0.0783619538159275
0.0765811742978566
0.0927273309080742
0.0893651951262345
0.0732774108117916
0.0890385777080883
0.0819007344685979
0.0726317771285088
0.0932730096868662
0.0714855058509054
0.0892434884702936
0.0766600726329827
0.0900824836553134
0.0976151521610052
0.0820346299836089
0.0652697370413433
0.0847033112884504
0.0856053533435847
0.08967587486951
0.0849290504361164
0.0807390751275165
0.107647473774649
0.100252116040564
0.100842509023488
0.084379553368106
0.0820246950596113
0.0819647188090058
0.0633749004342473
0.0909900774866681
0.096777666688993
0.0902593241827267
0.0846565103253691
0.0905531686076477
0.0868401754453592
0.0773011667866387
0.0612600437761948
0.0769772440855707
0.0781258969741054
0.0722784909496898
0.0893658415837297
0.0611312692152569
0.0822225684914754
0.0721567053768328
0.0790307586724938
0.0793394112699526
0.0690948169291798
0.0882555058797844
0.0864634871264374
0.0835800255975694
0.0802556450226674
0.0889117073101205
0.0962575744383496
0.0760530744471155
0.0749275141804479
0.069199909271723
0.0707640202183063
0.0769057549494938
0.085408294532821
0.075307452595217
0.0924906618060255
0.0843488240151238
0.0803721020931847
0.079645237628317
0.0916802308509536
0.0774131369784767
0.0670295772488965
0.0960447700109427
0.0768094642748943
0.0685036103759555
0.0860095889403591
0.081629640187394
0.0836079026339083
0.0977506303751303
0.0721500861354786
0.082359838251038
0.0917497907504355
0.0763205620305646
0.0837787082643341
0.0768671719897741
0.078152167361685
0.0897113884926762
0.0729615351095057
0.0893897822296139
0.0795511070502334
0.0700656346264815
0.0577664123632362
0.0657533571905685
0.0839466402407813
0.0854129224087625
0.0798494465644242
0.0865396254282298
0.0872718843198265
0.0990646495868959
0.0704040279881526
0.0738623621052473
0.0891726434786643
0.0820566394928226
0.0917010545599545
0.0724417282445956
0.0686059278166233
0.112516286237081
0.0713049972662187
0.0618156677009694
0.0804441352525215
0.0865472748900377
0.0752987285829731
0.0895627981746764
0.0974977491891961
0.0759216019688335
0.0786546428098019
0.074602391642108
0.0849698694278307
0.0857089254233329
0.0836751149451679
0.0865627407869738
0.0834901427571726
0.082313450660426
0.0872789356896519
0.0773325193579229
0.0603100955578383
0.0761094673521033
0.082571954992278
0.0801706402349411
0.0814721528978978
0.0693390131105739
0.0711366554622961
0.0729828218942387
0.0817074334224451
0.0945884918560132
0.0829075731293736
0.0842669986057097
0.0820646251217556
0.0787955542978474
0.0872294598059294
0.0833196800606278
0.0791906604619077
0.0829268212293161
0.0761634171323055
0.0747907877900005
0.086532963078982
0.078850864525322
0.0873198324845278
0.0874098063989375
0.0791849175430553
0.082821346656541
0.0921292361788192
0.0730456137467975
0.089863495074624
0.0745009316636439
0.0840317913440931
0.0811689308262721
0.0701050770031603
0.0749629402706499
0.0838092254768966
0.0735465478685646
0.0861177726389225
0.0878605862764074
0.0924790861474116
0.0875263961967685
0.0744951263728544
0.067435348099429
0.0718958184276881
0.0857561484045297
0.0938407886301407
0.0659352116985395
0.0899383215439022
0.0756854501878094
0.0733901852137514
0.0833391589358357
0.0802619038069338
0.0884887395308384
0.0859166348820997
0.0759524627561976
0.0749707115337539
0.0873166884120046
0.0790027549668441
0.0952401643682736
0.0656963000314948
0.104029726604125
0.0966135049593703
0.0682625203126553
0.0783476054312857
0.0779874466449407
0.0839772406402781
0.0819905593073678
0.101099997511443
0.0905466577369393
0.0776340607296502
0.0819802440034894
0.0881830470796079
0.0912659304031584
0.0739401251528139
0.0905841727380788
0.0948534164160153
0.0625576345165749
0.0929363275410819
0.0750838907751526
0.0856571382265923
0.0800901014115387
0.0924417715242112
0.075662094414876
0.0883083601945539
0.0794720354544794
0.069098331985953
0.086430552730051
0.0748096621087344
0.0773942216347895
0.097642181958506
0.0830604480675518
0.0752811148807275
0.0863706792961951
0.0811871953694586
0.0889477957142051
0.0844310703366486
0.0971356186952739
0.0781827609734077
0.0668120957160907
0.0949426319235101
0.0766126055048572
0.0783891871437351
0.0848175659389005
0.0804269308180517
0.0992960249343503
0.065907714146658
0.0823132101342518
0.0944058739983222
0.0698736660964226
0.0798411908255282
0.0770141592334857
0.0781073677657057
0.0782664797294689
0.0847509431693219
0.0776998650718166
0.0739715957502712
0.0726875736940915
0.0904313101314814
0.0777384507805069
0.10658837864951
0.0820029726191532
0.0880693518635111
0.0879703882106895
0.0814952271619599
0.0707865732495187
0.0983387247299502
0.077873583021261
0.0740614727984881
0.0989852442920557
0.0835876390394917
0.0786610212989639
0.0879910598300602
0.079837480646122
0.0754250435259873
0.0871278842472607
0.0759806320188857
0.0957155248552168
0.0857790167030203
0.0634784074622585
0.0772482129354747
0.0725711667263344
0.105412850871071
0.0893098481070944
0.0783644675486794
0.08100686851736
0.0947088643345195
0.0842938240942302
0.0947683493812578
0.0962327911516771
0.0870343860465772
0.100026423822835
0.0960037799951307
0.073009071490583
0.0813136909609445
0.085333104374052
0.0922444319655626
0.0872189585160335
0.0732115748350209
0.0742035101224563
0.0803372203995282
0.0898488494150905
0.077120404506423
0.0866956186213011
0.0763072869745397
0.0840453975961223
0.0740773651922228
0.0938632915038138
0.0799896825780175
0.0803304402519145
0.0909926171876184
0.0744519430452427
0.0840437742415643
0.0902494082501366
0.0799314552651392
0.0748743431927316
0.0858249560795576
0.111381974220417
0.070193828490922
0.0761251767277647
0.0948932336967546
0.102174794275224
0.0806790455265647
0.0700739287666708
0.0678516250543171
0.0852151008294386
0.0960833394259447
0.0784183209402548
0.0801448201937306
0.085986361082756
0.0868211426611492
0.101877990260983
0.0918429886022893
0.0770143884975338
0.0791770290887062
0.0894279656068335
0.0818946123384591
0.0677553395548053
0.0927934388434936
0.0826058925978843
0.072946330980998
0.0849266548720206
0.0715972984224198
0.096596255022913
0.0878681238943736
0.0890862640241115
0.0899252894254191
0.105040483230453
0.0903756676781776
0.0933815374446922
0.0861135107370927
0.0855918102954198
0.0739826081955246
0.0858057312713767
0.0942941486329122
0.0825807522825416
0.079041129764632
0.0856447283602699
0.103793877968787
0.103231028117646
0.071611731442632
0.0750433671093055
0.0953392859764408
0.0721515633788018
0.0974497135970181
0.0810980798921389
0.102932834135203
0.0956440667276745
0.0927388808225278
0.0641190078176315
0.0825640174703767
0.0806783052431004
0.0842679598158795
0.0769404513595317
0.0885169546000903
0.0811873297233438
0.0813743252709911
0.0899429547774203
0.0686716122190534
0.0735110063987658
0.0841122099252699
0.0707151901256577
0.0729119092167149
0.0784135304382219
0.0864116992826069
0.0810065451520751
0.0922543049879633
0.084194561675801
0.0751092809755226
0.077996944899673
0.114592117563508
0.0902513113123318
0.0748721272492928
0.0873847755586349
0.0827254186619795
0.0759034255429971
0.112745653430808
0.0797021374056282
0.0773708667921029
0.088453966152932
0.0867253002521895
0.0765978594858183
0.0839928143621933
0.0860293407567305
0.0777222402085647
0.0829115045696063
0.0742500891311255
0.0873968206603375
0.0659221129859102
0.0994373749193706
0.0956257181169944
0.0855445082662307
0.079747034918562
0.0895912469365633
0.0731408620264875
0.0738827573654699
0.085691504421136
0.0834826346683828
0.0930715582516339
0.0795280673982842
0.0814692696527284
0.0717124080874428
0.0752303080411635
0.0769341960336914
0.103021684330959
0.111190936894638
0.078970596767408
0.0724099755869007
0.0674196004625895
0.0777171554703363
0.101186710285049
0.0859145242494595
0.0828030815105988
0.0677787121188616
0.0914454404534293
0.0757959897370033
0.0733048646404209
0.0834226749247918
0.0790841422341267
0.095414887699196
0.0886430242832712
0.0779052808477096
0.0964855669248259
0.0912902613727015
0.074674853833565
0.0622988927662164
0.0727489718448254
0.0695616505054791
0.0881466295313825
0.0908787816288013
0.0925343593606891
0.0825210684774722
0.0881554567940283
0.0901109575667954
0.0758485294542276
0.0788749000456852
0.0863015141614696
0.0827253041286007
0.111136484451386
0.0699775973361072
0.0848788121227267
0.0924628131252253
0.0811120670062296
0.0716679460164
0.102045325304441
0.0856585674697894
0.0900719542105406
0.0843724000660713
0.0838728998280847
0.0823062317017676
0.0836905366504178
0.0759864312944066
0.0717019195254992
0.0681888837070589
0.0749751256476239
0.0750750515601102
0.0677465814701419
0.0790612970373268
0.095365904045085
0.0704148501413127
0.104233484585007
0.0619220739926882
0.0730749401584295
0.0796285272135771
0.073593090565525
0.0888433002494345
0.0719429663914732
0.088431432825961
0.0697280860969863
0.0892183469591011
0.0658239831891111
0.0931573613101041
0.0969622228202446
0.0918978509811201
0.0853610358914773
0.0807224116785341
0.0822448445571009
0.0839664301324336
0.0818095943547948
0.0966021078926899
0.095783777026117
0.0809866140091944
0.075709428200316
0.0761265085678935
0.0794964408998366
0.0842374456355492
0.100622950976693
0.0929064257695584
0.0830951421964659
0.0742434165083187
0.0834829845704336
0.0776084994048981
0.0725768339059978
0.0956299541490956
0.0882725140532338
0.0797970295064733
0.0941643281087312
0.0869660225868407
0.0991694202858871
0.0680970780126831
0.0846965031748201
0.0942365083273981
0.0770699138900053
0.099550180706416
0.0741141668171856
0.0858762293408215
0.0871581215788153
0.071018214101302
0.0967569335710547
0.0848405809672968
0.0675284261474823
0.0864973803470058
0.0926320003196246
0.0728235931739937
0.088598089408925
0.0693435581207846
0.0762981179102729
0.066222145401703
0.0792427794949406
0.0794894020597641
0.0701045622212865
0.091112108329363
0.074066505679589
0.077642659113566
0.0752045056292178
0.0774539916257218
0.082323589298401
0.0780946406032243
0.0829646675038129
0.0790018294169602
0.0844756257737105
0.0967327340004246
0.0796767605140854
0.0896030186646232
0.0772165998439689
0.0897862485767451
0.0705087289253258
0.0962590642725649
0.0843738421609979
0.078991508221281
0.0730537398813934
0.0883754027432358
0.0703034410901726
0.0762975443355038
0.0950005365430653
0.0755403487113673
0.0852822561525925
0.0889476111416557
0.0809087433421489
0.0762999920959182
0.106493696059027
0.0946971739690375
0.0912441357227451
0.0836386941518212
0.0687668188633199
0.088438133108247
0.0646557973703323
0.06737798033059
0.0824091386527842
0.076043004364109
0.0704467516508397
0.0806004087433429
0.0873521364294125
0.101649860447024
0.091507615405125
0.0660593458060811
0.0891548286892709
0.0723032864178978
0.0855033709445919
0.0772672361781588
0.0819211151228637
0.0681007907514167
0.0855139348930847
0.100251692151022
0.0906320509836864
0.0803678308840412
0.079744335134578
0.0870969008720242
0.0814596013355922
0.0703200756315585
0.0775103792447695
0.0713894837002182
0.0996282530491692
0.120423415113335
0.0865879359416168
0.0788507858319076
0.078203806143002
0.0748498711910287
0.0825674772731583
0.0875670784175305
0.0797574356373749
0.0953684499646247
0.0810783635349424
0.0824364552044078
0.0719954477501499
0.0951337188058531
0.0856167524932193
0.0770727042323352
0.0726134751607129
0.0700273216708353
0.0823340015701822
0.0843451821218029
0.0758447973393758
0.0733595391628286
0.107929371000915
0.0719868716946307
0.0857599038138156
0.0898993348381549
0.0897395931480941
0.0901943335108694
0.095474079602827
0.0744095329624757
0.0965474482634791
0.099381666315356
0.0757955231922347
0.088223024529753
0.0879342126099493
0.102530335471363
0.0733964625068172
0.105199014112961
0.0898560199491922
0.0729861088424807
0.0773687557399292
0.0739409352094111
0.0775617417396282
0.0818785228649857
0.0946309122393433
0.0773920015189363
0.102013831121329
0.0751552704571155
0.0685658698684735
0.0851747889832456
0.091327574294921
0.0708994962727474
0.100975174127085
0.0886658387610261
0.0786398439533919
0.0730956587646326
0.0843779891346378
0.0810733649953157
0.082523896818556
0.0788089105611739
0.0842365856378446
0.0779726278624022
0.0815478173287253
0.0760598822366439
0.0821295973507907
0.0836384171221589
0.0819887405486272
0.0951111236853241
0.0796900916701408
0.103936712344797
0.0744031181032721
0.0684187219790018
0.0799252701898553
0.0936634608256595
0.0741826781104888
0.0847186742419466
0.0895923994816981
0.0850966365310715
0.0882357287198414
0.0900865380260233
0.0642979997239918
0.0816009020054527
0.081129374445445
0.0878647929701139
0.0839665710871032
0.0898239076788465
0.0910149181996985
0.0635687617549424
0.0813932982492594
0.0658179245130432
0.0861937420694194
0.0873688623200574
0.0787088406829603
0.0771202853531057
0.0779294340734824
0.0838240217944092
0.0712036985008244
0.0757879628401111
0.0699166943426731
0.0754237399670205
0.0779847129712615
0.0686178869529099
0.0971220028160177
0.0871407732839079
0.0921731642479642
0.105289647325364
0.0950395153707096
0.0975204627176989
0.0731261657111935
0.0697045373118513
0.0932719546149152
0.0830429365024706
0.0833633337868465
0.0911323466494382
0.0711537493207164
0.0766765684970302
0.0931936804955323
0.0825213731309348
0.0689255368814273
0.0951642274674799
0.0785811287052534
0.0681711529994892
0.0701389878873001
0.070442333189165
0.0853842760036884
0.075949780240638
0.0750364469886123
0.0729565981428719
0.079896774967297
0.106874311073112
0.0946496845454678
0.0720222351715743
0.092259079487137
0.0828727902123218
0.0796349469107337
0.0750786681674209
0.072807358107203
0.102549790489038
0.0736004386251662
0.0780261480626016
0.0923200797615485
0.0747061196331872
0.0607652448161533
0.0933637459019005
0.0714205568455175
0.0930442784818207
0.0814659385490027
0.0923562923062109
0.0838821974452411
0.0786775300926461
0.101810455771708
0.0715280854380523
0.0848831804486438
0.111139298554674
0.0903839633096059
0.102452954589344
0.0917845692564
0.0746909113313612
0.0848140728522912
0.0891635683425993
0.0709492131963005
0.0776827607216367
0.073116482751823
0.0980234352158418
0.0742279838572117
0.0940560812800693
0.080824545311098
0.0813500340256532
0.0977096418288854
0.106629033427745
0.073458973381962
0.0792135122927041
0.0723720670091951
0.0806098269422718
0.0855100505587811
0.0669217220519186
0.0715049654704791
0.105872180585373
0.0991196668713803
0.0760541670434105
0.0997242115643222
0.072262354461942
0.10422161551855
0.07766979564729
0.0919516491176455
0.0723844900403026
0.071442404131612
0.0677613435680757
0.0805254503843595
0.087351468651438
0.104405465337547
0.0648889217619287
0.083237852703655
0.0954411290521611
0.0885800777484081
0.0844318711809505
0.0810428107599641
0.0934393590839388
0.0848390352001356
0.096205770982068
0.0872398013225459
0.101066114875618
0.0738286472838272
0.0941174006389918
0.0858394132266856
0.0706750592492333
0.075805209329921
0.0848486357499528
0.0826988276172316
0.0784109024701552
0.0822964348221598
0.0933526748347439
0.0926032596384963
0.0963786547727838
0.0682564058286222
0.0897880741207144
0.088939436052845
0.0886939548976318
0.085316587558138
0.0798844409650296
0.0950413525097393
0.0736913058050128
0.0877024844766057
0.0722282687170767
0.0893669504006338
0.087864047266446
0.0866287153128975
0.069302755493102
0.0884082356276416
0.0869561573784136
0.0712697779526798
0.0932090302064578
0.0842001852542828
0.0825147261770028
0.0632716490608562
0.0889337737299088
0.0886140428134472
0.102498018167768
0.0807681768282401
0.0938732639471359
0.080391219027804
0.102187959404103
0.0803365535853075
0.0543844559912251
0.0913995582105232
0.0897441113261561
0.0806754697190896
0.0912263105010085
0.0752466609041786
0.101196919898751
0.0779074415117744
0.0706568212664845
0.0948366164308121
0.072520042423248
0.0874775833712806
0.0701860221708369
0.102065551967636
0.0789592797793543
0.0967980345497735
0.101414287678983
0.0842236349530738
0.0934468348821476
0.083430356369078
0.0788392290701051
0.0700083146765152
0.0664664635935915
0.083369705298481
0.0938519796432993
0.0785233607392746
0.077886233741105
0.091546083921752
0.0902754592516774
0.0780810628086895
0.0851172203805868
0.0651329696915817
0.0815761411418666
0.0945018827146625
0.0853988144781399
0.096434371474407
0.104064127335544
0.0732721555040833
0.0760620868234666
0.0810876961589794
0.0770550226663485
0.0724095878229824
0.0668697801041897
0.0747903769323043
0.0671304601934086
0.0899935803993403
0.0910267515321958
0.0769943778523604
0.0892094719159933
0.0695938186440175
0.0794275500007292
0.0731559961732892
0.0878050581874014
0.0966704242936342
0.0869757972938045
0.0663626995804751
0.0927603179924938
0.0704129099839856
0.0717336711411638
0.0823487921888586
0.0847238871390152
0.0859712672030853
0.0836623808405117
0.0678841586120827
0.0688593231765345
0.0697030333387341
0.0749806644750013
0.115497889520667
0.0801694970489267
0.0748881982708329
0.0850411582243728
0.0770460708547747
0.0776843544822574
0.0858580704894738
0.0968979136170267
0.0714007942482453
0.087065228192564
0.0815142534400525
0.0741304287027639
0.0822885213481692
0.0924550463315798
0.0823588045075857
0.0827717933998887
0.0861877868576939
0.0881590024702641
0.0967355931444538
0.0989269060817124
0.0618541755038607
0.084264839791844
0.0750290142115069
0.0828170391820162
0.0943926110145678
0.10073686287064
0.0823231767374755
0.0910547086954232
0.0869994186737237
0.0834725583002753
0.0983940977884347
0.0877629302354867
0.108126892682078
0.0780542178603893
0.0747896543047229
0.0714141362176806
0.0786331642345598
0.0899698414681284
0.0867228399897202
0.0892456757984232
0.0673708010393764
0.0736009441419287
0.0885265239431621
0.0757217959820869
0.0707142137274931
0.075430696755209
0.0826633905094905
0.0594617308091764
0.0978882300817769
0.0874951238518388
0.0856623150257258
0.0956679485027675
0.0803921789787774
0.116718021086004
0.0889389703581633
0.0917885864163536
0.103801238782885
0.089608167037984
0.0966681656090501
0.0920356875850287
0.0852890410869643
0.0865061698578926
0.0623852054787094
0.0819400549500701
0.106818257901853
0.084049851997863
0.0730108694204362
0.0769012719233077
0.0623402982146143
0.0785029938017976
0.0927455270601469
