3.46873794806626e-05
3.52652037347354e-05
3.37708479235037e-05
3.39003004755988e-05
3.56415200106429e-05
3.65310456816628e-05
3.25532266175545e-05
3.37156093930438e-05
3.40083835994803e-05
3.41414508860454e-05
3.60203323361599e-05
3.54503111472873e-05
3.4342839228208e-05
3.53367585086923e-05
3.46509494548346e-05
3.33986926186728e-05
3.36348406373799e-05
3.46670732996869e-05
3.36104707584098e-05
3.25096644818217e-05
3.32238961649919e-05
3.2297282336585e-05
3.72886423124792e-05
3.38591874554232e-05
3.2173533593241e-05
3.70028728196589e-05
3.31318122904314e-05
3.55658105236264e-05
3.2910043739694e-05
3.62647211462861e-05
3.52182075938502e-05
3.40483094170958e-05
3.38474106478575e-05
3.45536076408172e-05
3.74375589477992e-05
3.35101699456451e-05
3.41439940066751e-05
3.2865036335994e-05
3.88090827317092e-05
3.58075131108823e-05
3.54459309467009e-05
3.61891749795544e-05
3.19799962651166e-05
3.52967298442112e-05
3.55578681313342e-05
3.23976550327503e-05
3.51751968248994e-05
3.52170646681336e-05
3.45427305498843e-05
3.41049924330119e-05
3.27158083273476e-05
3.42182713411708e-05
3.31664683326207e-05
3.49816996242095e-05
3.44985917735985e-05
3.67682708474252e-05
3.65202629925187e-05
3.32680362749976e-05
3.05193641588354e-05
3.34159444408157e-05
3.46708998567574e-05
3.05892717806596e-05
3.3883012523859e-05
3.67095301091556e-05
3.41378627110554e-05
3.48719449310366e-05
3.50745491725509e-05
3.64215586496875e-05
3.5204960374536e-05
3.32556045519073e-05
3.37912981885408e-05
3.17764460741812e-05
3.45527294901057e-05
3.46648015396863e-05
3.62952773050688e-05
3.7773852484346e-05
3.59779487562142e-05
3.46428952007361e-05
3.59791964889649e-05
3.14010417375067e-05
3.56060393771599e-05
3.2660222082664e-05
3.13109978927291e-05
3.40331358695264e-05
3.27659885847307e-05
3.82426665145499e-05
3.41540189035217e-05
3.46040300881307e-05
3.54687741673121e-05
3.4127451486794e-05
3.31826524464893e-05
3.05771674677534e-05
3.20980387116037e-05
3.28853182376383e-05
3.4622576771597e-05
3.36368755861217e-05
3.64260047806975e-05
3.55535342129995e-05
3.45799376236738e-05
3.664935408187e-05
3.45562051797139e-05
3.30174925646615e-05
3.5942859370838e-05
3.27704841270442e-05
3.62258649585157e-05
3.61600126678481e-05
3.32303778546004e-05
3.30434599033276e-05
3.51684973477875e-05
3.28594133977569e-05
3.59522835437316e-05
3.29942071096287e-05
3.38410361573443e-05
3.71814527783503e-05
3.51756773767679e-05
3.50104055079344e-05
3.67168526575018e-05
3.39799386577505e-05
3.57064817265853e-05
3.42100507132991e-05
3.58672411933831e-05
3.58174818447061e-05
3.26875978752476e-05
3.60577943793305e-05
3.38784464964843e-05
3.63079131227241e-05
3.6699926342512e-05
3.16254704826609e-05
3.40389297720344e-05
3.49432716407926e-05
3.60658931339535e-05
3.46478362590291e-05
3.61734988151471e-05
3.350204378221e-05
3.53596650181372e-05
3.14805989431624e-05
3.44641150770262e-05
3.40139855528324e-05
3.69306911925898e-05
3.66230408329407e-05
3.16107701145929e-05
3.78210021542894e-05
3.72054719076965e-05
3.57170514894297e-05
3.15708118412078e-05
3.41086275831589e-05
3.28116952409192e-05
3.63560191579953e-05
3.3619560113951e-05
3.42338831215226e-05
3.35645510935368e-05
3.62512218647845e-05
3.28093374798981e-05
3.29746600216093e-05
3.48541077299151e-05
3.35279598646122e-05
3.5039966152619e-05
3.43946200920704e-05
3.57834035337317e-05
3.4469422923706e-05
3.4520848973404e-05
3.51582195948661e-05
3.47665435260417e-05
3.5273966540869e-05
3.73657997139309e-05
3.50414351253043e-05
3.63414630588345e-05
3.59517885413684e-05
3.33221415194717e-05
3.14124101037809e-05
3.48922536564735e-05
3.71285849751011e-05
3.76711606594228e-05
3.50101348010635e-05
3.4446496056738e-05
3.45056354952737e-05
3.58863610374317e-05
3.23756446154133e-05
3.63746667712332e-05
3.51597893287286e-05
3.45064115926963e-05
3.34146741777678e-05
3.17980298725303e-05
3.55856881858877e-05
3.64411513112661e-05
3.43036417399077e-05
3.25935775928248e-05
3.37618554988699e-05
3.45697743321977e-05
3.63359085733698e-05
3.18832188244236e-05
3.51657750655989e-05
3.32660914360123e-05
3.51260764019145e-05
3.45249225142661e-05
3.39541265506843e-05
3.25386534545352e-05
3.23120433452141e-05
3.04301510524207e-05
3.61581109539533e-05
3.41889091784194e-05
3.38336602102841e-05
3.35271356285146e-05
3.47679511977655e-05
3.65161069480747e-05
3.23531059227602e-05
3.55128334711284e-05
3.44341857731078e-05
3.51627450892596e-05
3.47055388696915e-05
3.21119244756993e-05
3.49364485589285e-05
3.58123913085044e-05
3.52096873440749e-05
3.45417236959667e-05
3.45909784173446e-05
3.30370593476269e-05
3.76778755940956e-05
3.36466981589439e-05
3.55540815002841e-05
3.48397783874137e-05
3.64198359398623e-05
3.22251108497456e-05
3.29125544594742e-05
3.44675022986979e-05
3.18949297789343e-05
3.44174784142636e-05
3.50743012703912e-05
3.35032223734209e-05
3.33934495839983e-05
3.33186745063068e-05
3.4205877698913e-05
3.21562045280183e-05
3.41331878690413e-05
3.57535506694297e-05
3.38412585906218e-05
3.40574595190131e-05
3.73463989755686e-05
3.60136195564849e-05
3.49550939118295e-05
3.56915432648545e-05
3.64483710831634e-05
3.53907287117344e-05
3.66882111609092e-05
3.62488926262405e-05
3.50576498476467e-05
3.54958797610842e-05
3.55678188367747e-05
3.45461063443632e-05
3.69901371349725e-05
3.37082703929192e-05
3.64877234571218e-05
3.57349042478458e-05
3.46202156908678e-05
3.263315709171e-05
3.40658203090012e-05
3.61404522440064e-05
3.36849386317336e-05
3.1588940985223e-05
3.35782000945154e-05
3.37550249378689e-05
3.49576928628903e-05
3.37646672464893e-05
3.50283152733737e-05
3.59340292264231e-05
3.40759271824298e-05
3.53970758602965e-05
3.54900317869937e-05
3.66539499489674e-05
3.24049942232904e-05
3.50502114210711e-05
3.20920386932318e-05
3.35652499912812e-05
3.5838472842922e-05
3.54360788513407e-05
3.53862314616666e-05
3.61270404786962e-05
3.18218777840635e-05
3.27604631367239e-05
3.68855196827294e-05
3.42402983402945e-05
3.59379694766875e-05
3.60765266794772e-05
3.40082768427224e-05
3.11090354511488e-05
3.6792506424408e-05
3.44093308428222e-05
3.30817443189329e-05
3.45956038701486e-05
3.38464970615122e-05
3.4432165176863e-05
3.52855455539023e-05
3.43655978059485e-05
3.57835062477561e-05
3.37342158536307e-05
3.59224152917789e-05
3.7973539401056e-05
3.5368821030631e-05
3.47762956029523e-05
3.44430782679625e-05
3.5467856754254e-05
3.51893582111477e-05
3.51836643561585e-05
3.55351497446852e-05
3.46856908779408e-05
3.3624898082678e-05
3.67691869024839e-05
3.3961834504117e-05
3.47207223338112e-05
3.63568576479064e-05
3.5584263335613e-05
3.50992452953125e-05
3.40531275320429e-05
3.37038828896838e-05
3.30142210360964e-05
3.61423346065393e-05
3.43260431854813e-05
3.53302218746852e-05
3.43555824375195e-05
3.59394360730798e-05
3.81429808037213e-05
3.4378709210585e-05
3.31747400071327e-05
3.33965534074895e-05
3.1748080450922e-05
3.42620146111614e-05
3.51328242808797e-05
3.51793199062554e-05
3.40565247785292e-05
3.57734466036839e-05
3.36058370920004e-05
3.52735444803042e-05
3.3583639438314e-05
3.64109293397355e-05
3.50017707451055e-05
3.45195418977737e-05
3.35053673596071e-05
3.57006460213914e-05
3.30071774307663e-05
3.21255227188863e-05
3.66296091284389e-05
3.34600683587043e-05
3.10143548075326e-05
3.57765474907591e-05
3.484143565898e-05
3.39181687910751e-05
3.34701858255079e-05
3.26415176238464e-05
3.4604656725369e-05
3.41933774247393e-05
3.5226429403432e-05
3.42329595950825e-05
3.33595088051379e-05
3.27158112384006e-05
3.62305970243199e-05
3.56399706571243e-05
3.38497078782063e-05
3.54293228327764e-05
3.4409488441371e-05
3.35322160816084e-05
3.51594788154241e-05
3.39145009331434e-05
3.45957885888641e-05
3.45401753349462e-05
3.0590992411127e-05
3.42054689598896e-05
3.18043312992253e-05
3.50094892236948e-05
3.28598335949892e-05
3.65727990366323e-05
3.65209054180838e-05
3.34712124249205e-05
3.44606683920792e-05
3.41674836481212e-05
3.33048689725296e-05
3.49851682908863e-05
3.28971171947772e-05
3.5467975324251e-05
3.35267658700379e-05
3.32431240655568e-05
3.47879019557253e-05
3.3347852285984e-05
3.19291113059191e-05
3.19346236782844e-05
3.09585337465379e-05
3.47361763392079e-05
3.63239518127386e-05
3.4449689075164e-05
3.44220529046999e-05
3.69262437432137e-05
3.50268397717204e-05
3.50723281308882e-05
3.26845718595016e-05
3.37689311506505e-05
3.31191333109051e-05
3.54711346063002e-05
3.33717978884053e-05
3.39383552547445e-05
3.49417700957753e-05
3.63358272832398e-05
3.41913576047494e-05
3.35321870752697e-05
3.71917503146879e-05
3.38312932976114e-05
3.30306086176832e-05
3.37163237639365e-05
3.72871295731268e-05
3.36823118151725e-05
3.51998599247058e-05
3.51585648772472e-05
3.58373562152641e-05
3.35682998835999e-05
3.45024041200351e-05
3.42036940464933e-05
3.4757958493989e-05
3.33829956501244e-05
3.56071135307604e-05
3.54855905022976e-05
3.79483763746759e-05
3.36237393597764e-05
3.4754588008732e-05
3.41986108129351e-05
3.42365807987485e-05
3.4623045728124e-05
3.69226738844423e-05
3.51248206549629e-05
3.46579927003959e-05
3.41855527117951e-05
3.42990029724658e-05
3.35847001477073e-05
3.23897843268685e-05
3.60195744593004e-05
3.46116810782082e-05
3.40001008142431e-05
3.17454054075497e-05
3.2710775974926e-05
3.28904000854617e-05
3.38103749232073e-05
3.64128871287773e-05
3.35709721564611e-05
3.60900843809139e-05
3.34669999583683e-05
3.30758697031595e-05
3.58570732033448e-05
3.50221721097086e-05
3.70118515289827e-05
3.34979766352273e-05
3.44686859518454e-05
3.33237737919959e-05
3.20355670765013e-05
3.32503976109178e-05
3.39925780233689e-05
3.42868361637257e-05
3.36222506572029e-05
3.57807835455602e-05
3.17692328263615e-05
3.33551332304588e-05
3.6132989504254e-05
3.43962830196958e-05
3.33112355487651e-05
3.43951382754494e-05
3.35775233685658e-05
3.58528800579968e-05
3.5031293747942e-05
3.32344107143696e-05
3.31159620240753e-05
3.42192768495853e-05
3.23947765362864e-05
3.39908398036104e-05
3.55595449681447e-05
3.37569075463293e-05
3.59763329750035e-05
3.19617776146808e-05
3.19404097300178e-05
3.4651717165061e-05
3.47480488644552e-05
3.68367244268262e-05
3.61823572026689e-05
3.1754727848554e-05
3.32928813681274e-05
3.49919666353626e-05
3.16568271159693e-05
3.35955880073839e-05
3.22865752776347e-05
3.31484572847733e-05
3.56054951242592e-05
3.42406702897664e-05
3.67371072741198e-05
3.75635453390626e-05
3.25088574586551e-05
3.46386486879386e-05
3.58797534561168e-05
3.21453850799421e-05
3.34357702244926e-05
3.48477829119097e-05
3.08590438835338e-05
3.42319470199222e-05
3.29736892360668e-05
3.27335312098553e-05
3.6192038028271e-05
3.20201769047987e-05
3.52234799777459e-05
3.46827270741231e-05
3.31330925330682e-05
3.58010041757468e-05
3.56335133418323e-05
3.54392020233211e-05
3.40153812228042e-05
3.39387791036116e-05
3.38150659702259e-05
3.29274758551726e-05
3.52315658770331e-05
3.65182377113611e-05
3.53088102085703e-05
3.17379570050819e-05
3.55006523941115e-05
3.2651765211008e-05
3.43771895543206e-05
3.63769910405949e-05
3.48861357421362e-05
3.47584819278443e-05
3.59674997444855e-05
3.26311016645028e-05
3.64182639202239e-05
3.27899181485095e-05
3.44989340809395e-05
3.68560433310589e-05
3.25858498094345e-05
3.50337790404527e-05
3.47361185320596e-05
3.23152935093843e-05
3.3793553617185e-05
3.3613784557664e-05
3.40993513380162e-05
3.34389317222082e-05
3.24946076091259e-05
3.68661335137435e-05
3.39244098931493e-05
3.37855366232239e-05
3.36430207270651e-05
3.18302262346078e-05
3.44115386554462e-05
3.44009762142345e-05
3.41472348094475e-05
3.62895767758301e-05
3.64340671727205e-05
3.4827508811032e-05
3.56857020615026e-05
3.45055631501762e-05
3.37181785521905e-05
3.65221152049291e-05
3.39639892382677e-05
3.62652885369287e-05
3.15165317903404e-05
3.48816733108256e-05
3.61417715679782e-05
3.58301698025782e-05
3.47901747225837e-05
3.3862352754764e-05
3.53498533612865e-05
3.54472700673486e-05
3.39909791541849e-05
3.69126835803979e-05
3.25376331036704e-05
3.31229546169661e-05
3.47401420369247e-05
3.51810114646081e-05
3.32192844204858e-05
3.3940231552579e-05
3.16288794784799e-05
3.16793364730796e-05
3.52278009221496e-05
3.43683924845685e-05
3.6032533565174e-05
3.13551305735674e-05
3.5520697637137e-05
3.43027296009647e-05
3.2439117512865e-05
3.47909946665601e-05
3.39547813176018e-05
3.63488870522367e-05
3.29070518437136e-05
3.57296781057629e-05
3.61182906341716e-05
3.23678888038284e-05
3.4059136247131e-05
3.46637707167655e-05
3.4275750473649e-05
3.31369517971358e-05
3.37306855075924e-05
3.80084145622775e-05
3.61866048479323e-05
3.53648119912254e-05
3.67122716386806e-05
3.35729877725097e-05
3.48169990467736e-05
3.48070561634498e-05
3.47570833453575e-05
3.47327412502416e-05
3.55633682473776e-05
3.49186742991406e-05
3.22592702392074e-05
3.35555868167921e-05
3.29407259010642e-05
3.48144168211242e-05
3.30494245947024e-05
3.61340103072731e-05
3.32951139735291e-05
3.50268840706053e-05
3.28368483884102e-05
3.16280631953458e-05
3.57651309243251e-05
3.78482482450309e-05
3.48280812417355e-05
3.22861441138757e-05
3.41158965777097e-05
3.44161105310118e-05
3.55089419609612e-05
3.53268570890942e-05
3.36420645193883e-05
3.02608753579691e-05
3.71693532693964e-05
3.51127885642614e-05
3.24594376848481e-05
3.38016718789974e-05
3.77463420231694e-05
3.14196584083884e-05
3.6027523972648e-05
3.39082449118807e-05
3.30911362669128e-05
3.42986382224715e-05
3.51720600820804e-05
3.64165282177672e-05
3.27339931069337e-05
3.24278156168367e-05
3.56298425351297e-05
3.35786160202804e-05
3.63629316673764e-05
3.35082917151411e-05
3.47727992743811e-05
3.31793313730622e-05
3.38770212415652e-05
3.30189779274176e-05
3.47291066523451e-05
3.32522008479709e-05
3.44337948924333e-05
3.43593251263732e-05
3.54933028579212e-05
3.64418079493268e-05
3.51123314210902e-05
3.29032158290753e-05
3.38036763209973e-05
3.4933884271001e-05
3.36807512014871e-05
3.38541099369026e-05
3.62333105507601e-05
3.4887310436341e-05
3.58970520355473e-05
3.22836084927756e-05
3.48293471187994e-05
3.50295633332002e-05
3.17617218193051e-05
3.12536576597343e-05
3.64873601612623e-05
3.43920426266063e-05
3.41150707475412e-05
3.36666563325051e-05
3.39679435355552e-05
3.43673637449269e-05
3.54691963951879e-05
3.33382711814098e-05
3.25872826612177e-05
3.28843727924609e-05
3.44883540024323e-05
3.64567142137925e-05
3.33809424523544e-05
3.27341930457213e-05
3.57408863675189e-05
3.42162931792615e-05
3.50311741348586e-05
3.35599382483912e-05
3.66685131661498e-05
3.59297656985305e-05
3.79812009245038e-05
3.60875493151547e-05
3.49905368347875e-05
3.45539899045975e-05
3.51831747382381e-05
3.31492744942677e-05
3.37747783492301e-05
3.53643863592264e-05
3.29294845760446e-05
3.29801141513071e-05
3.36992934494712e-05
3.29473906239062e-05
3.42991718178094e-05
3.40079277711784e-05
3.62472173772926e-05
3.23674764934699e-05
3.65570911535712e-05
3.49055876012962e-05
3.4905018307806e-05
3.16447671347475e-05
3.35704018914506e-05
3.44462028787074e-05
3.28984364702466e-05
3.73151151707694e-05
3.78324047375896e-05
3.40614013893493e-05
3.19512621089953e-05
3.52775750618938e-05
3.26032591894474e-05
3.27316125315548e-05
3.44818614110278e-05
3.27142904239521e-05
3.61909747745352e-05
3.75627618366134e-05
3.59865151977676e-05
3.47192298073941e-05
3.40144774916397e-05
3.22149707190413e-05
3.39533612472049e-05
3.36159588647532e-05
3.52854310675385e-05
3.43349938128371e-05
3.48148625392954e-05
3.48031340332326e-05
3.76981014211149e-05
3.6759646904221e-05
3.46611752871722e-05
3.40887764100651e-05
3.4192151868884e-05
3.57435184349731e-05
3.62787752898043e-05
3.5067793411e-05
3.46919513415008e-05
3.567558016028e-05
3.30857241389571e-05
3.59997288990623e-05
3.31080454235865e-05
3.43806532355977e-05
3.41097983897976e-05
3.57505338367286e-05
3.58073021398719e-05
3.3783543575146e-05
3.63401612139253e-05
3.62091001144359e-05
3.58672194997461e-05
3.26037072283598e-05
3.37032272399851e-05
3.2423357895508e-05
3.26036205991586e-05
3.26655893682567e-05
3.38949034374437e-05
3.60690141026954e-05
3.57481832917092e-05
3.33805102646161e-05
3.32798060451049e-05
3.74228268600763e-05
3.55207761020597e-05
3.37739961411344e-05
3.68683050897449e-05
3.28386064006189e-05
3.44479765413462e-05
3.32945657364924e-05
3.30818101106393e-05
3.55181637005876e-05
3.60537948220344e-05
3.55020884333667e-05
3.32316340625836e-05
3.41749207832455e-05
3.76192627541301e-05
3.18807527700336e-05
3.34468966506755e-05
3.3427064972667e-05
3.39259124357474e-05
3.50712257892616e-05
3.16536672334682e-05
3.3649245792547e-05
3.59661922134349e-05
3.58687755402166e-05
3.45739096473958e-05
3.44996692193655e-05
3.32911637128242e-05
3.27327383455465e-05
3.23585511975995e-05
3.48488308762522e-05
3.43783414892622e-05
3.56083009219868e-05
3.57573307742404e-05
3.37909470163479e-05
3.33981353196186e-05
3.39100918155677e-05
3.36217017923374e-05
3.25593617807299e-05
3.28454656684291e-05
3.46717117415399e-05
3.32908265351494e-05
3.44143312755142e-05
3.42569518484355e-05
3.48331139099504e-05
3.48431376567068e-05
3.54930382897027e-05
3.28597816327534e-05
3.65492324461285e-05
3.73665393404911e-05
3.37114508232597e-05
3.40347345591423e-05
3.49132798759644e-05
3.38956218558307e-05
3.63731477685061e-05
3.56931721036301e-05
3.26545553709876e-05
3.38626387659603e-05
3.43560813590413e-05
3.48045504210082e-05
3.45241748736578e-05
3.48622779657787e-05
3.29785453698156e-05
3.25735469343654e-05
3.22644705632123e-05
3.47367099990199e-05
3.40914737229787e-05
3.45971712532583e-05
3.46980627736554e-05
3.67141408268116e-05
3.45398711861405e-05
3.64064760696596e-05
3.53488173079743e-05
3.50966488433142e-05
3.33063952225272e-05
3.48916305163758e-05
3.29220687811167e-05
3.39768614592566e-05
3.39098222126014e-05
3.35018860776937e-05
3.79219739887069e-05
3.44751653014626e-05
3.43507883014161e-05
3.13871734975771e-05
3.75307057552044e-05
3.4317255133559e-05
3.38640819921715e-05
3.39021461994349e-05
3.69153991993872e-05
3.51410628960096e-05
3.51238543636923e-05
3.5157565645294e-05
3.68118678720228e-05
3.51407406146118e-05
3.49092778317647e-05
3.53279261669049e-05
3.28322690595312e-05
3.66018835417499e-05
3.20201659994834e-05
3.30216845312178e-05
3.31432872844043e-05
3.1841209205488e-05
3.43076769119396e-05
3.41658161657935e-05
3.17951729496508e-05
3.62770327624478e-05
3.70279072454305e-05
3.2844064867265e-05
3.34420770137968e-05
3.4133840296342e-05
3.34404998471014e-05
3.32027017481187e-05
3.1938315591847e-05
3.33091011051406e-05
3.28117866415752e-05
3.5608839038159e-05
3.50214946531582e-05
3.11021212520487e-05
3.4092549138045e-05
3.5163078139055e-05
3.4978540683111e-05
3.31015833184665e-05
3.47771378949077e-05
3.2845581176103e-05
3.43209040333955e-05
3.39763840460795e-05
3.28690371041679e-05
3.41940634500869e-05
3.4109134834348e-05
3.43344599943886e-05
3.32302516228193e-05
3.60311244399143e-05
3.5368059038461e-05
3.59887892324998e-05
3.36619575721735e-05
3.28449043008906e-05
3.40664995164263e-05
3.51726983523087e-05
3.49251397769239e-05
3.30348214818091e-05
3.65851358907991e-05
3.42536652619308e-05
3.52163948882309e-05
3.37165392881138e-05
3.35810094545331e-05
3.35948140184399e-05
3.4738919298728e-05
3.48050597414659e-05
3.46377009242048e-05
3.70315149580275e-05
3.56373841529338e-05
3.34442129066919e-05
3.58538210016644e-05
3.43231557484634e-05
3.45827108371132e-05
3.76074709402019e-05
3.35734800216259e-05
3.40610123425422e-05
3.47142065673748e-05
3.32985894857008e-05
3.36689376354688e-05
3.57919862157995e-05
3.31225572078947e-05
3.40416868337936e-05
3.36026962490428e-05
3.53868896951091e-05
3.15295827596912e-05
3.46944700375548e-05
3.37107553436568e-05
3.36949253963707e-05
3.48965890158372e-05
3.43187944270771e-05
3.30780314106748e-05
3.41522610368935e-05
3.437550490276e-05
3.65152070230088e-05
3.4943714061716e-05
3.51865091536684e-05
3.40397002347845e-05
3.53367820632816e-05
3.53740972734502e-05
3.31031187909227e-05
3.56738731913442e-05
3.47357403462601e-05
3.4169938070553e-05
3.44790977358413e-05
3.36761743820251e-05
3.62878708904483e-05
3.21320470001525e-05
3.29630828651853e-05
3.38149305462649e-05
3.34534981671837e-05
3.28077859557597e-05
3.59337164275966e-05
3.35161320178434e-05
3.37005871182096e-05
3.44537109920017e-05
3.31542004021658e-05
3.28630416137792e-05
3.55260636626364e-05
3.40587780586841e-05
3.56470741919039e-05
3.34136491797499e-05
3.30639028406591e-05
3.38918069871732e-05
3.24041682022193e-05
3.42849820970323e-05
3.34126002226949e-05
3.48110686789488e-05
3.68984706078445e-05
3.08749567905729e-05
3.49322449904447e-05
3.48665056881316e-05
3.59680045543114e-05
3.71585391525054e-05
3.36500060069688e-05
3.56746890709144e-05
3.35114012579909e-05
3.64247687862234e-05
3.40903210104198e-05
3.52266831561806e-05
3.14804861373671e-05
3.3823555439794e-05
3.64739857331718e-05
3.11237242233323e-05
3.55928638754524e-05
3.2066436104781e-05
3.428911555605e-05
3.51354476867271e-05
3.18686400343758e-05
3.32910630017094e-05
3.39457874358632e-05
3.42661891420513e-05
3.43754040541779e-05
3.35523033554292e-05
3.5744461881188e-05
3.29407785432825e-05
3.19545141276147e-05
3.54977903052023e-05
3.65438140458251e-05
3.4814922309472e-05
3.32904695832757e-05
3.29475666816181e-05
3.29953960705758e-05
