0.0144300436924772
0.0103570466500232
0.00946961558583936
0.00992284300159396
0.0105405780034408
0.016204945122254
0.0130533310175889
0.00977683476907298
0.00838843990614302
0.0093545485331743
0.0072378444813247
0.00734069548001726
0.0122794906650799
0.000386821129026882
0.0134563946826601
0.0114938407830004
0.00808245503061145
0.00850839873169174
0.00896848323629007
0.0102164773196686
0.0115059990139315
0.0123080182001445
0.00974522606127715
0.00797099525652623
0.00990382639671272
0.0155655732275196
0.0123659289080041
0.00840287099398385
0.00890296398663626
0.0108114812977126
0.00851704454227631
0.00945758489036774
0.0111828574037198
0.00926405317759182
0.00783696230584996
0.00908321636466281
0.0096316689361241
0.0127499957894281
0.014789856666564
0.00514109299239218
0.0108191847137997
0.014320812099578
0.00807870892300344
0.0122487695040028
0.00794055136598815
0.0117392719842826
0.0164150541504575
0.0078452702017896
0.00623453452968281
0.0122824590859011
0.0132251066348645
0.0136204016055727
0.00834877772599796
0.00947173473376228
0.00709132185349393
0.00977862382749073
0.00739343342700105
0.00676520225808197
0.00972432308679549
0.00820963774333239
0.00427671438945176
0.0114507104238343
0.0067479037771947
0.00743514333386586
0.00639639253775814
0.0103917642534249
0.00883503233364757
0.0131519330330858
0.00723643770704818
0.0128355592711238
0.00932071391693712
0.00640601284666764
0.0100847538694404
0.0118395400780239
0.0185993679741954
0.00950732876785576
0.00766838089064747
0.0121572016648783
0.00683702366347583
0.00853777383203502
0.0100055710948735
0.00621756435641541
0.0108790864769754
0.00672258518538638
0.00919118947549069
0.0066305198942147
0.012336825229264
0.00683447242607282
0.0128640926058655
0.00690345635399658
0.00670566757250091
0.011847984441995
0.00812631805856434
0.00821193578431034
0.0117692911066276
0.0124497932921031
0.00884634438490361
0.00953788637443409
0.00817236031087221
0.0169186327248424
