0.00190480871747302
0.00280861137535878
0.00110128468558959
0.00156980233391649
0.00259739297105851
0.00192369090274845
0.00245919543990067
0.00352130522500269
0.00273457441313888
0.00320834303359623
0.00251315576001496
0.00222207411140948
0.00341559892230537
0.00109655913134228
0.00269247206678326
0.00329123071970705
0.00246783416812587
0.00278440011333319
0.00137205939429625
0.00255038796022879
0.00313856139350007
0.0022335192879028
0.00359858465532075
0.00164117610779534
0.00336887544957946
0.00156011211288447
0.0043066175094688
0.00239053891931085
0.00221909059117754
0.00190697680061342
0.00262223164285805
0.00193569161850683
0.00235979358667965
0.00308084606220478
0.00239462867206405
0.00294947682794337
0.00355837460198863
0.00277278933162999
0.00393044501412548
0.00320069155456878
0.00223334467704834
0.00324006289888395
0.0025311856585146
0.00303215682804436
0.00215080024032285
0.00200375160324685
0.00312646632363097
0.00276760129860114
0.00337677961747042
0.00272111263037167
0.00321529253347864
0.00277235489562433
0.00286786747426747
0.00302051057224223
0.00271474436879425
0.00249362043920863
0.00186251040169714
0.00299074289335075
0.00294850097056996
0.00357372134128292
0.00228511185970525
0.00299628185660407
0.00291923162613716
0.00206188413941565
0.00278227173516491
0.00231572576986111
0.00416084401747261
0.00318007482703021
0.00266370295551591
0.00327001901546439
0.00269588351477748
0.00272220020604831
0.00223635923233035
0.00405346752316452
0.00380754977305976
0.00312868139350797
0.00183908636712375
0.00197122090856853
0.00340230303060736
0.0025647499188719
0.00288446911552374
0.00311812838443889
0.00151588667848489
0.00235251720973163
0.0026109154659122
0.00268724671964312
0.0022756378530131
0.00260711544184912
0.00213565541404587
0.00333781019018502
0.00234470169101151
0.00250237491078873
0.00232980615996585
0.00352656281435557
0.00255566367873799
0.00231074694756062
0.00195358435310698
0.00290973899722954
0.00244608895518223
0.00346355149824936
