8.52665004065412e-08
1.20315552918955e-07
4.84454645044015e-08
7.01304713737325e-08
1.15389140942316e-07
8.56729268860298e-08
1.07056249881406e-07
1.56282760286384e-07
1.19137511933184e-07
1.41135390530088e-07
1.08635736078556e-07
9.81405974359882e-08
1.48433800491283e-07
4.82718596674241e-08
1.19396971788038e-07
1.4407663205026e-07
1.07339517237303e-07
1.22787783500104e-07
5.93556292198705e-08
1.11852428715397e-07
1.37161758427317e-07
9.80919715207326e-08
1.57326751207954e-07
7.37986589662682e-08
1.48158498640028e-07
6.84904617334045e-08
1.88179127836377e-07
1.04763325490836e-07
9.95174286338893e-08
8.28079123337441e-08
1.1364233883966e-07
8.57307605868151e-08
1.04343242680873e-07
1.3592231009564e-07
1.06130249154607e-07
1.27977032667804e-07
1.54423494576685e-07
1.23757291717915e-07
1.70512422784589e-07
1.39047272147742e-07
9.91212757988055e-08
1.46862316972863e-07
1.11340319720977e-07
1.3607264622279e-07
9.62824760943976e-08
8.69284148424241e-08
1.42806162939124e-07
1.21467351857661e-07
1.45055203642228e-07
1.19761016943408e-07
1.39961994377631e-07
1.21957074044585e-07
1.26870904057803e-07
1.33755642349687e-07
1.18125077895777e-07
1.09879240424753e-07
8.25864754070261e-08
1.33124567033197e-07
1.29489579103253e-07
1.55098789217751e-07
9.96948355359452e-08
1.3380598106674e-07
1.29428651529255e-07
9.1195837716801e-08
1.24397161270003e-07
1.02448714025367e-07
1.86833283522391e-07
1.38909026145867e-07
1.1850341557536e-07
1.45535008927153e-07
1.19566694850967e-07
1.16920605074645e-07
9.74013056142727e-08
1.75712856774532e-07
1.66520739990428e-07
1.39079749793685e-07
8.0448721405075e-08
8.65656902985566e-08
1.49822521376501e-07
1.13701838183868e-07
1.2752550460524e-07
1.36352409036251e-07
6.72983580573539e-08
1.04371534203073e-07
1.13732372649512e-07
1.15835970188677e-07
1.01166612272554e-07
1.15103504345882e-07
9.47888690963489e-08
1.48248265869828e-07
1.04193556126853e-07
1.06823218309468e-07
1.00452862045583e-07
1.52233447991991e-07
1.13447400239204e-07
1.01812960270785e-07
8.65486383307863e-08
1.27988804243485e-07
1.08817107135633e-07
1.5397577928713e-07
