5.64870951310317e-08
5.40745026721276e-08
5.91356426236079e-08
5.56087784040114e-08
6.73433722853005e-08
5.84531768393828e-08
5.48013933214005e-08
6.6377634358544e-08
5.29141169202696e-08
5.68346438125825e-08
5.75049868794746e-08
5.59771392430379e-08
5.10043018730505e-08
5.38753031448963e-08
5.52170075183478e-08
5.99606725468606e-08
5.79474098955928e-08
5.82110212518881e-08
5.13438759932876e-08
5.77866433558753e-08
5.10593045920266e-08
5.32372084486767e-08
5.50200130394689e-08
5.28033459304514e-08
6.18191444053039e-08
5.64679434983592e-08
6.16654518204696e-08
5.58136673031769e-08
5.72201013302544e-08
5.53911921601896e-08
5.29002435591288e-08
5.81598561169423e-08
5.86612477429094e-08
5.78247290537332e-08
5.64683303371698e-08
5.65379853632335e-08
5.66677909064529e-08
5.93343337137731e-08
5.01459870919729e-08
6.12750870154898e-08
6.2928537135809e-08
6.07488727943944e-08
5.0392453524943e-08
6.04119998066388e-08
5.52063315674382e-08
5.2229494564849e-08
5.8624615760541e-08
5.53763664836255e-08
5.77341838655502e-08
6.11432669250648e-08
5.43788847823295e-08
5.64677221545868e-08
6.12604821622818e-08
5.63438395107765e-08
5.24061835995211e-08
5.52016266863946e-08
5.49581476183092e-08
5.78700717756816e-08
5.67023737829277e-08
5.42327454035691e-08
6.05932861936488e-08
6.35889043683739e-08
5.82165400576887e-08
5.70853109543745e-08
5.98011138624751e-08
5.92780496330749e-08
5.98280276113885e-08
4.99304631275464e-08
6.06735882932258e-08
5.39803346101348e-08
5.62472271514319e-08
6.1739344322605e-08
5.15473020742945e-08
6.02889100481683e-08
5.57056529157159e-08
6.12548439354031e-08
5.55825565885022e-08
5.4793986572506e-08
5.74857736657133e-08
5.33353273914145e-08
6.13033302401505e-08
5.52646608586151e-08
5.67357558969934e-08
4.87817835141275e-08
5.33024050334889e-08
5.88023039636208e-08
5.95461096031139e-08
6.25404913797209e-08
5.98177047546846e-08
5.69370317141955e-08
5.70929215593392e-08
4.96427099325308e-08
5.61287530806432e-08
6.28241243371747e-08
5.22944554561818e-08
5.36095352595949e-08
5.25123694746581e-08
5.82225188752623e-08
5.92489781904993e-08
6.13511625663755e-08
