4210
4215
4142
4159
4149
4181
4165
4138
4151
4173
4141
4202
4203
4142
4187
4215
4161
4214
4192
4159
4197
4181
4131
4194
4138
4191
4143
4128
4154
4166
4189
4214
4133
4159
4185
4174
4197
4122
4131
4122
4210
4135
4219
4128
4148
4198
4147
4147
4160
4168
4193
4181
4226
4118
4202
4195
4178
4183
4194
4186
4140
4167
4132
4201
4171
4137
4217
4189
4096
4107
4224
4150
4130
4180
4173
4146
4181
4152
4162
4201
4141
4197
4188
4231
4154
4149
4092
4142
4172
4111
4151
4186
4171
4122
4184
4175
4172
4199
4125
4189
