'bat_SL_CoVZXC21'	0.13368443	2	0	1	2
'bat_SL_CoVZC45'	0.13312204	2	0	1	2
'pangolin/Guangxi/P1E/2017'	0.22717139	4	0	1	4
'pangolin/Guangxi/P5L/2017'	0.22686664	4	0	1	4
'pangolin/Guangxi/P4L/2017'	0.22714557	4	0	1	4
'pangolin/Guangxi/P5E/2017'	0.22717925	4	0	1	4
'pangolin/Guangdong/1/2020'	0.19170455	4	0	1	4
'pangolin/Guangdong/P2S/2019'	0.19159649	4	0	1	4
'bat/Yunnan/RaTG13/2013'	0.18548017	4	0	1	4
'USA/TX1/2020'	0.18271562	5	1	0	0
'USA/AZ1/2020'	0.18261634	6	1	0	0
'USA/IL1/2020'	0.18265201	7	1	0	0
'Wuhan/IPBCAMS-WH-01/2019'	0.18275668	9	1	0	0
'Japan/KY-V-029/2020'	0.1827906	9	1	0	0
'Wuhan/IVDC-HB-01/2019'	0.182657	10	1	0	0
'Wuhan-Hu-1/2019'	0.182658	11	1	0	0
'Wuhan/WIV04/2019'	0.182658	11	1	0	0
'Wuhan/IVDC-HB-04/2020'	0.18269183	11	1	0	0
'Wuhan/WIV05/2019'	0.18272522	11	1	0	0
'Nepal/61/2020'	0.18269177	11	1	0	0
'Sweden/01/2020'	0.18289482	11	1	0	0
'Rm1'	0.13081565	2	0	1	2
'HKU3_2'	0.13276613	3	0	1	3
'HKU3_5'	0.13311095	3	0	1	3
'LYRa11'	0.13948603	2	0	1	2
'YNLF_31C'	0.13950402	3	0	1	3
'Rf4092'	0.14733106	5	0	1	5
'As6526'	0.13518251	7	0	1	7
'Rs4247'	0.13757882	7	0	1	7
'Rs672'	0.14095119	7	0	1	7
'Rs4081'	0.13581955	8	0	1	8
'Rs4255'	0.1368852	8	0	1	8
'Rs7327'	0.14576255	7	0	1	7
'Rs9401'	0.14368843	7	0	1	7
'RsSHC014'	0.14779128	8	0	1	8
'Rs4084'	0.15321675	8	0	1	8
'WIV1'	0.1447592	8	0	1	8
'Rs3367'	0.144386	8	0	1	8
'Rs4874'	0.14574281	7	0	1	7
'Rs4231'	0.1483396	7	0	1	7
'civet007'	0.16342281	9	0	0	0
'civet010'	0.16322092	9	0	0	0
'PC4_136'	0.16365991	9	0	0	0
'GZ0402'	0.16418299	10	0	0	0
'GZ0401'	0.16393586	10	0	0	0
'GDH_BJH01'	0.16272146	8	0	0	0
'TW7'	0.16244768	10	0	0	0
'TW8'	0.162416	11	0	0	0
'CUHK_AG03'	0.16248202	11	0	0	0
'Tor2'	0.16238242	10	0	0	0
'TW1'	0.16235015	11	0	0	0
'TW3'	0.16238259	11	0	0	0
