0.133651460201561
0.262830386907756
0.151258585127432
0.231800534106548
0.174287884050963
0.102288200586894
0.143220856212156
0.130348833053151
0.360819028938487
0.147661213447097
0.36274541374996
0.134632809639712
0.103407112240859
0.112814432830674
0.153405710069908
0.117996826548341
0.196619263785416
0.113163714227462
0.191716974254664
0.234865519338655
0.193024578143606
0.190204026592858
0.0816315444337602
0.124814870231265
0.24196453454803
0.156213930125835
0.0801639861034274
0.0841089481337102
0.203159887141616
0.111898936001332
0.226420551614824
0.140988042680619
0.137909368175338
0.233990002890871
0.211141562655964
0.136631143620021
0.225866986980879
0.178943595132728
0.350124328593352
0.357933339984699
0.218792198838556
0.187911818836618
0.259703003741034
0.368666825397406
0.190229933785907
0.209279959737592
0.170513906920591
0.145609274115912
0.367289110066573
0.141637093050834
0.0880409374485456
0.169400817471526
0.181936386396476
0.386279227366967
0.173044885475325
0.145674039837692
0.135857196274254
0.113477911875852
0.236405755980189
0.244304994392726
0.359597791224369
0.204028221883584
0.133969420122395
0.156309471162644
0.122088992268859
0.144276027858807
0.20153249971084
0.21126368537575
0.161374462764466
0.20938563379405
0.109736226104239
0.263720647515449
0.149895008001783
0.226040406027699
0.162765831177748
0.160958605719994
0.251449588544805
0.218552420130628
0.172057151784347
0.263305993031256
0.108742474694441
0.146442779702714
0.114539926413382
0.208391707933963
0.127125656785281
0.140297029227318
0.0912437666476255
0.21634482472803
0.241120716291089
0.105606227195637
0.167760457201782
0.278474758807375
0.210634881330228
0.149411025744984
0.136539992316975
0.130848369961932
0.173467433914423
0.0908442785797373
0.16116873124781
0.210705986087741
0.131621861576988
0.228432235217467
0.17071311010142
0.371707431708507
0.133777724010254
0.401031812314515
0.110939366197055
0.306860119486215
0.135514455797391
0.353304453336437
0.214453288838602
0.152960272877894
0.204122952350601
0.190840215921734
0.193067650083523
0.177244323427862
0.201474799920588
0.22485474803574
0.160615350335674
0.178720742922363
0.108168075543054
0.154771258672734
0.159863476780877
0.182762720038519
0.102012522241406
0.181380153269648
0.058260695435368
0.191437404092191
0.144403529858484
0.158570197685428
0.0771091320027673
0.17646257711264
0.18019590563155
0.112955830918991
0.21355332376276
0.210320204556211
0.131816218243129
0.250281592285378
0.380770244062007
0.153916517302125
0.268297595753735
0.0839825600646529
0.0935075285552693
0.137333510144429
0.184159679358141
0.372540164683236
0.146944219600627
0.186421669758716
0.200182574568368
0.205183683100024
0.094431264749828
0.193096456039833
0.214813516331564
0.2133843661849
0.0872825084389125
0.148067603431495
0.114942484185193
0.161361545609519
0.146498008710341
0.120010506693519
0.145869312330957
0.184412143196719
0.148498659287225
0.361708147362972
0.172885046870145
0.147995884531502
0.104589015421568
0.184357288483053
0.158933273350832
0.225619264784095
0.216240206655247
0.356062208224741
0.149701527425783
0.180994647357109
0.160647038212192
0.10036149638225
0.136299135168098
0.126841091591403
0.168164397055158
0.360825586783591
0.199360384408921
0.220084609793335
0.139920677445032
0.132610828609895
0.348125582240264
0.24658084267372
0.160092795275445
0.369250589762653
0.105308100712579
0.0935858563182633
0.186442850040817
0.0736008895356403
0.153118400970394
0.230964992426723
0.189942871673566
0.359304356215674
0.229909630301689
0.189065013083262
0.23504126317614
0.184095787293172
0.361966493502301
0.250961222638876
0.102990599842706
0.151006530513984
0.154169163491715
0.184171952584472
0.136305985225132
0.107948418140254
0.14977235102432
0.13108248928317
0.287272459636837
0.13535220765839
0.0785704361858496
0.0682653618180959
0.132368397924099
0.172508480167492
0.179925390282927
0.198149938248606
0.342787972737797
0.171895281999063
0.102698736214621
0.150232693840431
0.21540015722373
0.122559775879484
0.118317865777986
0.125972131517615
0.308938245091762
0.200791036954509
0.093162259207983
0.0890606078651256
0.158079897416433
0.0955583823102018
0.252350342776015
0.263723084725251
0.179347901688861
0.142290116571549
0.236426799836928
0.185822211629638
0.150561931310722
0.0800466733860273
0.18692347639727
0.185094953505079
0.17856184651609
0.356111715559972
0.185865830659383
0.130656375368225
0.172218441691416
0.21110074944152
0.116553218975703
0.20023371995341
0.246999690822143
0.167486608514155
0.246800272035577
0.134020153024294
0.236910277402081
0.181844912021973
0.106401229628993
0.123185265721301
0.143364188307363
0.145884677894998
0.319000874868784
0.0737942917294537
0.360986796142673
0.107943222917814
0.229270664189357
0.180776723918257
0.230225920767624
0.16710201434545
0.0983900033970577
0.197800422420602
0.101393653735513
0.138794294513275
0.209528538316603
0.186311466322575
0.1526452138212
0.177995968548855
0.0866531299717767
0.197150202458575
0.117896028864511
0.200559631984942
0.143163143459031
0.13378326341907
0.0889674835383509
0.0583440506212856
0.146376730474358
0.191737381407225
0.353040948263335
0.361839263107028
0.0749535578631818
0.137925743972346
0.122924848535579
0.236039359976486
0.202458577224803
0.132391814652137
0.14292731486459
0.158471723539383
0.0968278681124106
0.371760811352501
0.14601306844399
0.231961454471585
0.229053635114419
0.203830859438035
0.179403912196241
0.142563887803279
0.182732866063897
0.226694451955705
0.175351426104698
0.374334244613656
0.15764227839135
0.226978903457058
0.0841979743742055
0.127172313038832
0.172188295048986
0.109714359769971
0.153788026141105
0.195920125122474
0.158991927335658
0.20664965379378
0.156063638522584
0.278678789729151
0.270987486866167
0.182478358374225
0.126360039917604
0.165821928174257
0.174015419486445
0.364269323328685
0.176853519716138
0.140286369402403
0.144243729953666
0.202874458737655
0.335613585239151
0.135331452405156
0.117446602867365
0.151735120206348
0.159598778324238
0.104217378363663
0.0824461423498086
0.103317141548084
0.164282559500075
0.152014598073456
0.361453961519067
0.19507629259642
0.289848616662452
0.188773378661129
0.178710930726193
0.150397553970419
0.250381367231697
0.360202241380981
0.248524296779903
0.16802468935719
0.133875955036831
0.127030919861199
0.266632785113049
0.236496158589506
0.132070171706423
0.108657129173313
0.157412692757959
0.104931243690577
0.249554332304739
0.167115983445426
0.160124855161046
0.103863902556951
0.171438763018045
0.175205263012578
0.127355300815113
0.166105082662374
0.204467039282847
0.236243590394734
0.0956934626659463
0.169546052166219
0.243575433447748
0.126361480483955
0.149884421595655
0.24931200161995
0.17936654983338
0.184622997320095
0.151400435970942
0.354322571160024
0.1753094686975
0.362090141549628
0.0767660493836675
0.273698841120573
0.176014791708761
0.153414152836278
0.266588684457147
0.383350211686106
0.13443490728797
0.278544998415183
0.176371469604492
0.190193830412366
0.203805136749121
0.129685453972229
0.0954639316512423
0.148719787586344
0.197607472386863
0.113260577477057
0.194860557562779
0.186794688096645
0.133882845841713
0.21410980560676
0.355405496637928
0.235865879381459
0.121846234013795
0.317325422020905
0.156420028908073
0.341031947280692
0.170048933815945
0.235169788691193
0.20085947237525
0.12349938539119
0.131437968512261
0.160126052181898
0.153590535993225
0.284493741230226
0.28260766499414
0.0738003957115356
0.203427575720246
0.112598047281537
0.198414238247857
0.37157765909417
0.211580374231757
0.0819986715959832
0.154235928446991
0.160810936931594
0.188975981916025
0.090277657285974
0.165605755695087
0.192777682139077
0.154255062299256
0.11838196411485
0.284883729700599
0.148808464306295
0.21755817898682
0.374638995696996
0.169529254202746
0.156332256130391
0.236352430852305
0.231695705602697
0.220651252998131
0.185059750519509
0.161562771056086
0.376435321164705
0.217624954122259
0.107960203801963
0.104642237691739
0.150976126772547
0.14258407611739
0.287238873816278
0.290834170192933
0.203454262038999
0.150784279296226
0.183465164091574
0.133846573977972
0.392946209911031
0.172832578569595
0.19779643778829
0.150152240491712
0.241413699125737
0.102674599674545
0.185640386424924
0.172174728435826
0.153049571179364
0.167185783969136
0.115140857517284
0.177663768828352
0.17305822591564
0.304837345251246
0.276917629731207
0.182078997624847
0.303246298409848
0.186587557994161
0.361904736990943
0.243304917759211
0.184944211416816
0.384289583493894
0.13774572229745
0.164603864146802
0.164867530256954
0.145938197552084
0.123502779284445
0.396510568926477
0.205724038182318
0.218750448360013
0.15436045540429
0.155241070310272
0.210375294332505
0.227756136249181
0.17170821510299
0.130910789819433
0.202858110963396
0.16315309367552
0.108593839775937
0.154053363682369
0.151163769157933
0.162308549648936
0.166319542427423
0.0898668762616134
0.242902027161958
0.179750934789543
0.214078629973991
0.248872661322653
0.209610965550683
0.245621681657357
0.16350640879995
0.198169755025361
0.24155643883033
0.181826352333794
0.112217041315124
0.192246370575289
0.368876285917674
0.255430889253312
0.0469683622426337
0.377627249402883
0.204512562940287
0.267805293152265
0.299873503469471
0.139872047124132
0.133264936679275
0.169304557548438
0.395948477575844
0.22005647568386
0.204276517960093
0.142125687667736
0.167419584720629
0.151658326929229
0.353680397176665
0.211069483394056
0.132609685152846
0.182611978784748
0.128492019494218
0.316861510497985
0.362348768179551
0.125558513423196
0.359285097573929
0.314350955032336
0.19635316857173
0.175945178785802
0.380211526774534
0.221396498116755
0.101898555681264
0.191079015467927
0.111427666810427
0.145386336813723
0.398771151782192
0.107908204847398
0.144648348739364
0.257443569721542
0.114773635762415
0.298495260226782
0.188053576346349
0.232835781919906
0.261232479500639
0.15408323440869
0.227318665913558
0.131642202393394
0.356539696076818
0.116080492553786
0.198256519273166
0.17167543793583
0.0868454742589454
0.145996112248688
0.202796169124441
0.0928758867282566
0.373329111987143
0.191446808226322
0.17322306390129
0.0571783496376158
0.0879004306805436
0.0921521576127708
0.211980857358654
0.237239465694343
0.227540623982635
0.175682375511107
0.0576393899420094
0.177398032401065
0.198220245866654
0.156273808543972
0.204151155124755
0.184990322240051
0.120165503555955
0.168299946591445
0.368095464584689
0.0730971702086465
0.177610804260309
0.163184488359191
0.0883984340489907
0.24878332671283
0.371035037799327
0.195839520419912
0.118579729496365
0.192255205227647
0.112326098058534
0.364955393329369
0.11111047746415
0.140896283267548
0.10946281045492
0.215906473238352
0.165883691661173
0.173077431797076
0.155775849712955
0.202684424390987
0.183519590930789
0.221051383139568
0.175543059360535
0.122403094402
0.206429390415778
0.171761815547741
0.138934247754535
0.132382474154391
0.376891255434591
0.154365883473528
0.122118186324256
0.183024871388193
0.0678860951760041
0.192842218774466
0.274193681134619
0.136023984241196
0.210380246499324
0.248948460246168
0.329408962952196
0.173881185019249
0.176803228557692
0.101839097072177
0.136973565911086
0.147958097802187
0.184425404867879
0.361120474739118
0.188078868843918
0.166303217046886
0.36557216535535
0.173478031971849
0.244048167744257
0.148448601923799
0.151357455036747
0.102875216388001
0.180285410141155
0.187901563990394
0.211224823530767
0.368603838166888
0.224951054822103
0.0922425318255911
0.235938803979548
0.119529633473294
0.0934579166823815
0.14695696568501
0.151281091590694
0.122259133437445
0.209495373200109
0.103939657114322
0.167507215165242
0.201797446766516
0.253040181966384
0.276742425844195
0.346367487415423
0.130248953930598
0.158500966123289
0.0965312167680203
0.208394675242061
0.188989233713307
0.204205142231261
0.0974962137738474
0.185264044164548
0.147029706943396
0.361918171222819
0.25976918269909
0.210635349823133
0.212094701980202
0.209137057235311
0.120490347368942
0.23804096960568
0.14479063562851
0.35556174289206
0.225816112732404
0.115519446132831
0.162423158440826
0.201950842225964
0.110052280765856
0.395710848808881
0.197412515246456
0.184160506523775
0.202680717378259
0.335257926380173
0.221145178041804
0.178690778530105
0.161950229193747
0.141290925287532
0.203078109103119
0.166596491702017
0.127637748219425
0.169919675181853
0.134139160817018
0.121630297027336
0.33253880459441
0.121351213787047
0.135781394172844
0.133268482075113
0.14226723510519
0.204349798354357
0.211984789173335
0.109552342174247
0.102400128501369
0.224790789164822
0.165805422193527
0.149520571299302
0.254230502650171
0.176444794430248
0.158785386118862
0.286730341347128
0.191992445658647
0.203535712543789
0.179840913096881
0.172778761161256
0.118075222847483
0.216574249908684
0.172083926837306
0.104427258502682
0.198961318941339
0.251406846338236
0.123610805044893
0.194796887106128
0.261670996761413
0.213607079115028
0.23257373957837
0.198232202770815
0.170793238038024
0.260467383618324
0.370522336947164
0.212726048352026
0.111811404498513
0.161519379359457
0.115732298103475
0.102638458200209
0.17610653616016
0.196923157060115
0.181078332719216
0.158245263516628
0.250763925123308
0.129229152216715
0.354791154422632
0.23591721603383
0.186527656008346
0.162844221166565
0.165528786128594
0.121179827257544
0.105479719485464
0.185822998120856
0.26703813059367
0.131969088028929
0.13564291377655
0.191035859339771
0.196046432938555
0.171399596587816
0.0687671767735961
0.252820062062071
0.370764149306213
0.182009430156282
0.221272370703731
0.111183450982062
0.107339976817923
0.176840888679382
0.0916657582356905
0.0985526001491158
0.273450569015635
0.162337118285704
0.144724083568136
0.106510542113268
0.199423112301252
0.182499587181002
0.157043150893347
0.283819245429152
0.22871369487336
0.208359510501316
0.197927810602717
0.0957037374423571
0.0901111128642055
0.196726114045076
0.192510177623508
0.252025464947614
0.261472520069134
0.0984430634176864
0.132595686445201
0.102430378947678
0.130138102919143
0.160288596735061
0.228049923883819
0.146563591557846
0.191568275388246
0.198842876040116
0.172108070618598
0.123123384524679
0.35986362267042
0.141300074763125
0.166782495414107
0.245229700945854
0.152757046584006
0.159040043001348
0.259328020573198
0.190682598738887
0.139706850154881
0.195793016309246
0.126956924734399
0.129995348188442
0.129375256330648
0.207495801409176
0.0967366889529476
0.105758013247801
0.137626104826632
0.107482952689307
0.0765965988364321
0.160400495621518
0.199543301938769
0.09606493237123
0.264482258215559
0.132315167279471
0.210961382699862
0.200309223925676
0.160020650474924
0.186321878556143
0.178501033211858
0.255636288999213
0.151645478147616
0.172608952319649
0.257581136568959
0.14715318664886
0.173321876727351
0.0720153269909153
0.147239230924218
0.229965872302204
0.146606452310614
0.171330313341347
0.233695481896563
0.120642565078899
0.150300711767977
0.090985963713912
0.18381853022256
0.165319925205427
0.2304209749153
0.195429160209994
0.30213925103892
0.13464448305283
0.185292381274549
0.216050313778844
0.10763503578674
0.383728937027278
0.119551991383885
0.305425184416248
0.188377283821655
0.186150487292498
0.14526722799593
0.10481111133754
0.23784034749786
0.291242536496479
0.191582102647961
0.157082188455753
0.184616504453516
0.173213783277252
0.168107475276246
0.227884477112545
0.199032591609877
0.19752163336603
0.161942173865403
0.0939211791362466
0.163425795772726
0.371364110346259
0.100311027701795
0.228836878229433
0.118999384309655
0.20031173337281
0.232009514830915
0.211511840282752
0.223072062676742
0.297043494551452
0.169308972869817
0.197022598000179
0.217855024772378
0.268994275244644
0.132464962999832
0.361232365562626
0.355466244116342
0.122943571243375
0.193060406156648
0.231409761010758
0.260673454784033
0.153591437506219
0.172964062158762
0.270284035746608
0.174168088344802
0.395163935404453
0.302394374913219
0.2398673090752
0.225003002322834
0.218416517662999
0.15182504588872
0.117489458722736
0.211428863634557
0.126281896169143
0.147885982628897
0.195367676557631
0.260370299832646
0.156357648176282
0.258220839115809
0.138289597678519
0.145628522554604
0.1773634578248
0.0996407533179667
0.118542510845898
0.115729811531513
0.298505091696647
0.106311516309353
0.165072983924689
0.171568798855633
0.116256898399951
0.108607290415774
0.159416140922224
0.252968240894087
0.105871365888723
0.157127907565659
0.134618077698552
0.196246930067998
0.234952165175519
0.253896754780709
0.40112320297156
0.143951625906971
0.356819101808488
0.192240921173205
0.0928694451377845
0.288831219731315
0.141014209559566
0.155345740479229
0.226826120539703
0.145039459235803
0.179696071704048
0.220482124239631
0.134462181166368
0.140421730853415
0.369490017506421
0.108185147634586
0.176744966696412
0.10311274775923
0.193525755253026
0.0869721903636128
0.363331206627011
0.226963017893478
0.173652397645008
0.0432075592076193
0.157621936416425
0.142452074529812
0.290360106275203
0.221800487812669
0.176461446343831
0.113204561131667
0.148052703493701
0.224494161841936
0.246923394526184
0.135124686812125
0.263372409989448
0.25931173840162
0.174197617905903
0.206431518066197
0.194205703844318
0.203457763946696
0.131129924574736
0.185088003764788
0.175854819696932
0.201842794821292
0.202986989710807
0.161068507675173
0.378459629817084
0.143299850987897
0.166641983596268
0.136768645809338
0.187710460196234
0.14310944413584
0.0774632625502925
0.118321078754889
0.356154585002385
0.168400950391853
0.204614352357091
0.154372145069329
0.154413898708418
0.250876786020036
0.356618286990596
0.294000106471685
0.208820756658628
0.217367541734164
0.204890829930323
0.140529761595588
0.183077170491069
0.220893575364152
0.207670168061422
0.143254796688695
0.0857491569841384
0.170376616747617
0.369015955712243
0.203845965944512
0.205237648585165
0.165315308272323
0.130919370556052
0.221398813902282
0.134929176690748
