3.08114737275379e-06
3.52819114957995e-06
5.93051383811155e-06
2.97302111462308e-06
2.99453051152193e-06
2.48156052684759e-06
2.80686909873394e-06
3.0856366930324e-06
2.99859917850616e-06
3.12854938613107e-06
2.80442662767996e-06
3.98781428237591e-06
2.48931756128836e-06
3.58014601092631e-06
2.6583796129357e-06
1.82590794120924e-06
3.13522248129985e-06
2.46062831895405e-06
3.09066988775364e-06
3.26044684567987e-06
2.91339440863354e-06
2.66564559787239e-06
5.55673491597162e-06
2.90271171970143e-06
3.62184875587836e-06
2.17269012576911e-06
3.48139856542489e-06
2.4657437360893e-06
2.17057747132976e-06
3.52363982608195e-06
2.31532544810746e-06
4.59260956792931e-06
1.36923121839729e-06
2.95134202077244e-06
2.50238615742332e-06
2.58163931934706e-06
2.30719404465818e-06
1.87007216447409e-06
2.43417107544815e-06
2.98357637302475e-06
2.54708241464952e-06
2.37667767450109e-06
2.45160327770894e-06
2.21767546827491e-06
3.19479060307748e-06
3.36711632877815e-06
2.37780596271112e-06
2.27892136055495e-06
3.25683677783126e-06
3.47911079653153e-06
2.43448603034627e-06
3.04146054989726e-06
1.66043157273686e-06
3.16207260952653e-06
4.1821735898149e-06
2.38799428481699e-06
2.34956916868815e-06
2.52461386658739e-06
4.48728165516726e-06
2.62783066854529e-06
1.63051610788549e-06
3.87044411272044e-06
2.27004288631362e-06
2.98794346463631e-06
2.80363938907072e-06
2.59222950514727e-06
2.92277704243024e-06
2.98219796639065e-06
2.66545390981893e-06
2.06146311097738e-06
3.53640945574816e-06
2.75615655349209e-06
2.98752537893585e-06
2.63362873355375e-06
3.05290884969607e-06
2.27059896912415e-06
2.66375542027227e-06
3.63851354770473e-06
2.5419703116875e-06
3.14505516580418e-06
2.72917613113419e-06
3.36845717622673e-06
2.37699416127301e-06
3.10708250409783e-06
3.09105737842804e-06
2.48923742639021e-06
1.61332207383316e-06
2.72531537125762e-06
2.24062867657311e-06
3.37751142560572e-06
2.60936589012939e-06
2.83077288356102e-06
2.11854663675464e-06
2.46801579122146e-06
2.4024393207798e-06
3.38667127119929e-06
2.30361884106156e-06
2.56705841619748e-06
2.61655855192516e-06
2.50678423701432e-06
3.42198696618687e-06
2.65960930971086e-06
3.00042744099853e-06
2.54362475912586e-06
2.20326782599529e-06
3.65193695704767e-06
2.99172381644878e-06
2.91941628444961e-06
2.22617871510007e-06
2.48098113765093e-06
3.25663115274081e-06
3.60348320881756e-06
3.98417432216776e-06
3.2990800424152e-06
2.7959647613394e-06
2.24268163005616e-06
3.85680019809225e-06
3.13730776651269e-06
1.84842354664834e-06
3.60123399303842e-06
1.5267871021666e-06
3.03244793935599e-06
3.16032184689711e-06
2.69935302373729e-06
2.06954015644723e-06
2.78228205072867e-06
2.44451458461362e-06
2.07827890777377e-06
2.25582877824739e-06
2.16343177354085e-06
2.77806069715632e-06
1.97197646177086e-06
2.14402933599605e-06
2.53510003073982e-06
2.40157390706536e-06
2.38974557178155e-06
2.08730913217331e-06
2.32238602947494e-06
3.02077749177138e-06
3.64961024189895e-06
2.01076662742037e-06
2.1892853479065e-06
3.58893672533609e-06
2.12919728942426e-06
2.96416744255533e-06
4.17247550264249e-06
1.81880655021173e-06
3.67644344226211e-06
3.37889037238358e-06
1.79226331312126e-06
2.69176642255999e-06
3.33279395397928e-06
2.47118235911741e-06
2.48859699627591e-06
2.38666242222133e-06
2.56584172566457e-06
2.21088834856953e-06
2.11543104037051e-06
3.14776994656514e-06
2.54292773562637e-06
2.80243622661102e-06
2.44309568111142e-06
2.51929007231817e-06
3.21228197562417e-06
2.52094889734423e-06
2.66038218728417e-06
3.10064293910826e-06
1.55275278425919e-06
3.46244354118314e-06
2.89990218468316e-06
2.92732002748082e-06
3.07825197912498e-06
2.61509039289963e-06
2.61209284121901e-06
1.7507003390076e-06
2.61115392469291e-06
2.5071785766884e-06
3.19260258178338e-06
2.93836075182002e-06
2.1105176411721e-06
3.43390567535286e-06
3.55052464682072e-06
2.97050017413572e-06
1.57627803321695e-06
2.20173523466174e-06
2.78934303060572e-06
3.4283263655738e-06
2.34485930245436e-06
3.86507830012134e-06
2.72022449711533e-06
2.87740303266466e-06
2.74666345984332e-06
3.01038645733617e-06
2.98383332769466e-06
2.84609651916475e-06
3.04851551304361e-06
2.66964652140575e-06
3.53860172324744e-06
2.85943712495054e-06
2.36180560578358e-06
2.57731528477124e-06
3.26813796165648e-06
2.72624608337239e-06
3.9049271647613e-06
2.92091609324686e-06
3.18784605123958e-06
2.20297596177699e-06
2.65374222245586e-06
2.67864033535823e-06
2.4602943040768e-06
2.39043711676456e-06
2.56469059966638e-06
2.36957651662538e-06
2.71214844198316e-06
2.51058013459734e-06
2.70797895637792e-06
3.87322225180594e-06
1.91202903828221e-06
2.03207681615161e-06
2.64635715358666e-06
3.1264614442046e-06
3.07188491542074e-06
2.71596765860771e-06
2.13725752588449e-06
2.69596811007719e-06
2.87208755551038e-06
2.32898196027371e-06
2.6463208037608e-06
2.68647115292858e-06
1.98570746644653e-06
2.45996060902539e-06
2.473072981121e-06
2.7304719302594e-06
2.91209598732828e-06
3.86362527080515e-06
2.40779810113382e-06
1.99743649219896e-06
3.58700395059541e-06
3.92746337782067e-06
4.8095780902729e-06
2.50718071954134e-06
1.45971899728097e-06
2.18153964492006e-06
3.28664235509645e-06
2.45773137620595e-06
3.50379217264315e-06
3.28696770807888e-06
3.32090742418918e-06
2.66873714355179e-06
2.74732267659285e-06
3.25076924322423e-06
4.46059099140842e-06
2.66003312572856e-06
2.64689468190777e-06
2.81360806133765e-06
3.40892819809893e-06
3.09306028884977e-06
2.94117307887415e-06
3.88392954473152e-06
2.88252493686946e-06
3.51441863920481e-06
2.20273670045815e-06
4.01095180195356e-06
4.07501616364261e-06
2.92145186801377e-06
2.32224080687562e-06
3.00151489353372e-06
3.02584058571548e-06
4.00292676190799e-06
2.96102058196322e-06
1.80331424079224e-06
2.79840080857318e-06
2.8962706125036e-06
1.90550814282357e-06
2.70590645875714e-06
3.17264585125526e-06
2.88476865772883e-06
2.35498729755428e-06
2.26320829828625e-06
3.00585148902654e-06
2.74480058090255e-06
2.57329731595724e-06
2.69527081470955e-06
2.38831282233135e-06
2.52575317770912e-06
2.88687421285202e-06
3.85863609216983e-06
2.68357148053342e-06
2.77376080771378e-06
3.73530647983077e-06
2.52075765022609e-06
2.63639120189293e-06
1.95059789578487e-06
3.07062029189968e-06
2.94825730257066e-06
2.41742851417375e-06
3.33607074476306e-06
3.18997527522031e-06
2.66073830136421e-06
2.55094149915614e-06
3.47877222669622e-06
2.90626142468577e-06
2.74911608043687e-06
2.24798379465102e-06
2.32075161935735e-06
2.94027456510286e-06
3.92328096255408e-06
2.13323457663681e-06
2.82863239454246e-06
2.21133104350646e-06
1.56529813100479e-06
2.81406499188278e-06
3.43671929036261e-06
2.59327093602594e-06
2.62173106478551e-06
2.89473321851098e-06
3.57535785143534e-06
2.92854187747489e-06
2.58931000424533e-06
2.6492337833195e-06
1.94245003438327e-06
3.24426912045017e-06
2.36153488148577e-06
3.7814956798866e-06
2.47867825979835e-06
2.85868525013456e-06
3.43226657829639e-06
2.92605766838111e-06
3.14137818394629e-06
3.19632261212378e-06
2.72802742129667e-06
1.62278535554386e-06
2.37133392812251e-06
1.96415976119163e-06
1.77099654836317e-06
3.66668575642926e-06
4.26618036543552e-06
2.89991114051376e-06
2.93881176338287e-06
2.0418030744003e-06
2.46384520351752e-06
3.39423784296441e-06
2.75799360317065e-06
2.56727288946241e-06
1.92836590486485e-06
2.47637836419962e-06
3.46743729370732e-06
2.325783948723e-06
2.40230923457498e-06
3.69057018844927e-06
3.49440060556877e-06
2.71640660228683e-06
2.87930514004941e-06
3.22866119275491e-06
2.55436678661319e-06
2.49764037477605e-06
2.43658630930374e-06
1.6768228308986e-06
2.30176180879059e-06
3.49366525425377e-06
3.05719238799607e-06
3.20468858844006e-06
3.47027416360412e-06
4.57877919586655e-06
3.11183965017977e-06
2.50880895336346e-06
3.08707917465025e-06
2.64939434976665e-06
2.94089705649233e-06
2.69487903840298e-06
3.26378082502248e-06
3.16584737100169e-06
3.08457612730897e-06
2.28231297482868e-06
3.43151152952996e-06
2.88783040503793e-06
2.43236242051944e-06
3.65737063537731e-06
2.23001863522179e-06
2.21651626569569e-06
2.70987315371602e-06
2.29945218916819e-06
3.22380877997477e-06
2.95904645346614e-06
2.5301813911738e-06
3.26443647515913e-06
2.97615692651454e-06
1.32713567159011e-06
3.05655388700909e-06
2.90619757688837e-06
3.04803687128511e-06
3.06514375412681e-06
2.74793158230378e-06
5.07732311046633e-06
2.2522541723832e-06
2.57653028997791e-06
2.47792425367002e-06
2.83655086990173e-06
2.81644573426543e-06
2.97593444441734e-06
2.97396775767993e-06
1.72138990075088e-06
2.86473206574028e-06
2.84025377315072e-06
4.55805202454989e-06
1.85035780475262e-06
2.54741880968735e-06
2.22523209010403e-06
4.788342188942e-06
2.1622216635437e-06
3.12946524858406e-06
5.56575364746957e-06
3.08299758214912e-06
3.0687106726834e-06
2.33381977559652e-06
1.74839112857333e-06
4.23572298363953e-06
3.20971944058555e-06
1.89831527015036e-06
2.72486683133534e-06
3.80568616986763e-06
2.35691687457495e-06
2.78485200081755e-06
2.09435989613001e-06
2.82078598334969e-06
1.94083652947553e-06
2.70827199700219e-06
1.87517168411477e-06
3.26672938301598e-06
2.93927742289827e-06
3.30958197152862e-06
2.48833512541463e-06
3.09361438795298e-06
2.79606218001747e-06
2.38427877051065e-06
2.04102770029896e-06
2.58267441987387e-06
2.93149222271167e-06
4.34520638778344e-06
2.09838001110004e-06
3.88413379507812e-06
2.57241441428777e-06
2.29572602094319e-06
4.0488420700753e-06
4.0905478838537e-06
2.82038608270272e-06
1.9267248264619e-06
1.75977765042625e-06
2.00218848566608e-06
2.70280896788859e-06
3.71056708619882e-06
4.35709333538138e-06
3.30263003277837e-06
2.62913071023912e-06
2.93469629589404e-06
2.56770107181417e-06
3.68740126941161e-06
3.12085353895767e-06
2.51761982376168e-06
2.05279039664893e-06
2.43574253341516e-06
3.37162139112252e-06
3.24883266573155e-06
3.15307045023105e-06
2.2958962125712e-06
2.90672526224306e-06
3.22024329346192e-06
2.35583086924011e-06
2.9117493217776e-06
2.43027531921406e-06
3.41390909072444e-06
2.34089021600693e-06
2.17344812098571e-06
2.38055706315902e-06
2.65832808858702e-06
1.83079517419517e-06
2.59540959779671e-06
3.67604207775902e-06
3.02475907870047e-06
2.59435471574981e-06
3.40617033452127e-06
3.60138637003685e-06
2.39751576791886e-06
2.55271040560959e-06
3.35151895015636e-06
2.14847225820511e-06
2.73500739560667e-06
3.0897981584289e-06
2.6232046719042e-06
3.69615379931141e-06
2.25227664841601e-06
1.57548031778804e-06
2.50333205067734e-06
3.77450197046144e-06
3.00534638215021e-06
4.05996929346517e-06
3.12980544092561e-06
2.28150437699386e-06
2.9691106085457e-06
2.41263677628149e-06
2.42229199015146e-06
3.73654425109238e-06
2.4933748535444e-06
2.96214956132466e-06
2.87742812098656e-06
2.89757574302201e-06
3.20158997986309e-06
2.79997016694185e-06
3.08095193015393e-06
2.48119349319943e-06
2.3417951497253e-06
2.27025180553598e-06
2.64649032841786e-06
3.35828536256843e-06
3.05725025843649e-06
2.36229007466009e-06
2.90322047110222e-06
3.16998492995564e-06
3.5453906305484e-06
2.84482964026663e-06
3.03075725553213e-06
2.55720987632973e-06
3.67569175225564e-06
2.02683085638186e-06
2.50977812089358e-06
3.2490494414735e-06
2.49393691516973e-06
1.78210594693003e-06
2.93027790949074e-06
1.56633156738268e-06
2.71902850447269e-06
3.53656654804371e-06
1.56706705302259e-06
1.77423202030022e-06
2.67591107251121e-06
3.02579733554861e-06
2.43889070967244e-06
2.90217151730138e-06
4.01081264956332e-06
4.11821542377359e-06
2.87407995775541e-06
3.22369655803757e-06
3.37533667183015e-06
3.47099475429318e-06
2.72961129648648e-06
2.49396865710367e-06
2.43865372005315e-06
2.18962235317309e-06
3.66984595605201e-06
3.26597903396016e-06
3.00935649780358e-06
1.45443476921251e-06
3.53828052519125e-06
3.50296152460992e-06
4.126864206864e-06
2.85595501521307e-06
3.57976501466209e-06
2.30644519152105e-06
3.37925287228723e-06
2.87422656248221e-06
2.49335804859776e-06
2.92042799600231e-06
3.25250418780588e-06
4.00020571129216e-06
3.46975039738483e-06
1.93910351474611e-06
2.14738746435129e-06
1.54656776069491e-06
2.43882267586418e-06
2.83083800433097e-06
2.33798932994431e-06
2.83436045876976e-06
2.53077047009452e-06
2.44174783365356e-06
2.5434625692834e-06
2.65810295876558e-06
2.44857286172391e-06
2.0887276647527e-06
2.66739465269376e-06
2.35417230705766e-06
3.50268475418046e-06
2.26355645721139e-06
3.05430570152832e-06
2.69136851600767e-06
4.00018700680054e-06
2.28660021081064e-06
2.81512233981272e-06
1.91364764196063e-06
3.4456148351232e-06
2.67253149735168e-06
3.76124302164714e-06
3.26214848045227e-06
3.79478168920545e-06
2.85030350091825e-06
2.65179391776845e-06
3.06512974902448e-06
3.14542893123474e-06
2.83091834191065e-06
2.26538546334911e-06
3.37309806905712e-06
2.68180938924734e-06
3.06606576340766e-06
1.59099060595984e-06
3.59123965499858e-06
3.45761882599327e-06
2.80883668632393e-06
3.20971878817523e-06
3.03489501701001e-06
3.33835697182785e-06
2.41235439035699e-06
2.73199348681253e-06
3.45053246074794e-06
2.82526590360586e-06
3.25771867105251e-06
3.69754029298779e-06
2.26268507019383e-06
3.05374580544763e-06
4.1107807872404e-06
2.63904362697525e-06
3.83849121728384e-06
3.37794186569701e-06
3.13068293874655e-06
3.0482212635572e-06
3.01866705096399e-06
3.31300568657014e-06
2.82225037383676e-06
2.74789167966458e-06
2.05651506035904e-06
2.03171181482368e-06
1.80907482681737e-06
2.76830352783215e-06
2.51240355299617e-06
2.28004492227743e-06
3.34904019304891e-06
2.10917827089819e-06
3.82336057714338e-06
2.86641765474982e-06
2.61883473781507e-06
2.65581098384248e-06
2.69326456838886e-06
2.7493624583323e-06
2.91235694181629e-06
2.48673183716583e-06
2.7836921222647e-06
2.63758394380216e-06
2.30853743512511e-06
2.34496445357256e-06
1.75484995699104e-06
2.97427268629479e-06
2.91232083612586e-06
3.30249506441084e-06
3.37379267106161e-06
2.65065679114298e-06
2.75157685080753e-06
1.32032152586727e-06
3.94532378769349e-06
3.13301786991154e-06
2.05800236804213e-06
3.33412296568765e-06
4.57699433191378e-06
3.02369522834468e-06
2.36280565456784e-06
3.16911372042553e-06
2.12913778843267e-06
2.41198102686632e-06
2.97891461342317e-06
3.28128349742053e-06
3.18878504570556e-06
4.03738970408493e-06
4.10353468125091e-06
3.00237068737499e-06
4.13162173649057e-06
2.59120594712754e-06
2.65558504327282e-06
3.56138608430601e-06
4.04241418091115e-06
2.34014147194727e-06
2.67459050183054e-06
2.77376780127709e-06
2.37949765521332e-06
2.91124694486112e-06
4.69195895406443e-06
3.51366011869041e-06
2.0328924882651e-06
2.54507194691398e-06
2.54996637568225e-06
4.26169738077467e-06
4.93812307107627e-06
1.95359533381069e-06
3.04334684325615e-06
2.44938474355196e-06
3.36962657009379e-06
2.40567926804116e-06
2.10797472605241e-06
2.5803694391708e-06
3.1700170685898e-06
2.00315537021827e-06
3.0285849018337e-06
2.57419267309621e-06
3.17313386405128e-06
3.22714134776552e-06
3.89443882906374e-06
3.68544309140615e-06
3.83640816220259e-06
2.28750291175169e-06
2.79315987586194e-06
3.44401321800315e-06
3.71548089367975e-06
3.10560748192482e-06
2.78624943535413e-06
1.93186471372681e-06
3.01707732158129e-06
2.53970768409592e-06
2.88960408753788e-06
2.4634332253303e-06
4.33407502089762e-06
3.24280802264906e-06
3.4810101493388e-06
2.30652072162343e-06
1.98188877196881e-06
2.95500903817476e-06
3.72598251668741e-06
6.86793555368446e-06
3.06572239108534e-06
3.12357092268072e-06
3.46612963442686e-06
2.89705331734057e-06
3.10298129460053e-06
3.70262264781273e-06
3.00066511128426e-06
2.6191648936439e-06
2.67808960367925e-06
2.52762151636435e-06
2.232428806212e-06
3.38950954379052e-06
3.09701702192484e-06
1.8752377660001e-06
3.43961455057892e-06
2.87383961136909e-06
1.65262719338527e-06
2.66044590427058e-06
4.41114548217922e-06
2.65295198209232e-06
3.54097069964782e-06
4.35601700025665e-06
2.43646218636003e-06
2.76669214700577e-06
3.6024980085466e-06
3.58271593326379e-06
2.29825513342185e-06
3.42829200941265e-06
3.00771077830596e-06
3.16140895982384e-06
3.2002318699062e-06
2.94787319816524e-06
2.97401970408183e-06
2.53485048109916e-06
3.94811903515146e-06
2.06578667046617e-06
4.70999306557554e-06
3.05579959838895e-06
2.14408925562989e-06
2.83274347150835e-06
2.32168559393616e-06
3.27196619675016e-06
2.83645482181624e-06
3.98038319706965e-06
3.08327720136059e-06
2.73069053814699e-06
4.49154856412046e-06
3.28992519435383e-06
2.80353057578439e-06
2.71514895183106e-06
3.04312802685747e-06
2.87796490685274e-06
2.80018165100392e-06
2.2791244004483e-06
2.07932427925414e-06
2.51111759640919e-06
1.99392213323727e-06
3.92953085898925e-06
2.46223395397059e-06
3.04909854696854e-06
3.21631925999838e-06
2.98814232979622e-06
2.7528858678713e-06
2.25803926130815e-06
2.9931951057609e-06
2.44623860169549e-06
2.99272978659699e-06
2.34539793905166e-06
2.3104256633924e-06
2.42484083454138e-06
2.78237514787953e-06
2.5981415271023e-06
4.21395512608859e-06
1.89949745760296e-06
3.54059020912715e-06
3.13382061515526e-06
2.63277966169359e-06
1.64286887159009e-06
2.92527767609518e-06
2.8728175823205e-06
3.50951610615427e-06
2.89042268119355e-06
2.45421508022134e-06
2.82762604870592e-06
2.99732618057967e-06
5.47494736853222e-06
2.59968293911108e-06
3.04443948988428e-06
3.04154830758151e-06
3.29157721073886e-06
2.75560642055811e-06
1.86691113340072e-06
2.62340607927235e-06
2.99593813470337e-06
2.12375016805461e-06
3.96792476305703e-06
3.16761864298338e-06
2.01115140014234e-06
4.34621908465883e-06
2.38089853463495e-06
2.82379020170152e-06
2.09344077399149e-06
2.7596638458969e-06
2.44197768495693e-06
2.60588621390674e-06
3.44687767522203e-06
4.34165136462946e-06
3.69107060986415e-06
3.00670676731063e-06
2.77629449875297e-06
2.56035427539275e-06
3.16815165133093e-06
2.76946862240739e-06
3.79645033491227e-06
3.68125422937156e-06
3.27360370663898e-06
3.39365152697763e-06
2.86595876680806e-06
2.33310337414212e-06
3.28599548271689e-06
2.31560520362384e-06
3.54037221979224e-06
4.43334704011234e-06
2.09548776917586e-06
2.09696545017167e-06
2.28906344248253e-06
2.51536054450089e-06
3.37354013407853e-06
2.85087959335081e-06
3.19597101367432e-06
2.68570167134144e-06
2.5111710047179e-06
1.84444933368399e-06
3.24457121073361e-06
2.00688499123922e-06
3.2090726792052e-06
3.83367160289616e-06
2.55411168299391e-06
2.44953246282583e-06
3.4807660598293e-06
3.4212885802593e-06
3.23419955200205e-06
3.07969458113671e-06
2.7366987020082e-06
3.11673784557613e-06
2.3012736235185e-06
2.98858237774946e-06
2.35617279363049e-06
3.69982755319075e-06
4.18114644943989e-06
2.49176196845972e-06
2.79047485419474e-06
2.38936375188147e-06
2.9918271152475e-06
3.5470767857171e-06
3.29880169911942e-06
2.73462059858654e-06
2.39435816876493e-06
2.48722369394361e-06
3.93034061012438e-06
1.98262155722844e-06
2.78497764425213e-06
2.25971017872903e-06
2.69593548765476e-06
3.58320003183861e-06
2.27350492557879e-06
2.61891514236286e-06
3.29499125244898e-06
2.48950732120801e-06
3.32278670659865e-06
2.23820416984514e-06
3.29168915115928e-06
4.34001051600635e-06
3.00996991056736e-06
3.21782210894233e-06
2.6151845764264e-06
3.04779917418906e-06
2.97526339273702e-06
2.6816364554178e-06
3.21302078936995e-06
2.36865682828852e-06
2.24164897696877e-06
4.13902942837432e-06
3.55568070004331e-06
2.67021151329339e-06
2.54912422716755e-06
3.54875650772523e-06
4.01897870843751e-06
3.71769128406298e-06
2.69342481628244e-06
4.08475854385526e-06
3.19682599841417e-06
2.60286319904806e-06
2.2869707141238e-06
3.32281008624245e-06
3.45395915643515e-06
2.26540562517787e-06
3.53502093602382e-06
3.25547109777343e-06
2.95337782811666e-06
3.02624821091115e-06
2.76798919125622e-06
2.59289529222989e-06
3.31361102998436e-06
2.6531280489201e-06
2.87931283262662e-06
2.92358076546414e-06
3.77927871593401e-06
4.5525008096077e-06
5.16360752243946e-06
2.87057144871511e-06
3.26027582629832e-06
2.29657243070709e-06
2.58313854363307e-06
3.89378691875653e-06
2.64651564840848e-06
2.41053534832263e-06
2.70495783960668e-06
2.44194708649048e-06
1.64443876670692e-06
3.2930573447747e-06
2.85759304361599e-06
2.76200680874878e-06
1.85663943604051e-06
4.11810364610819e-06
2.7459221536788e-06
3.0659210655841e-06
4.08285008880262e-06
2.36813190083442e-06
3.08700596292204e-06
2.29513311295893e-06
4.83592420687312e-06
2.97795126619727e-06
2.50318761854205e-06
2.81149691255902e-06
2.29128138686395e-06
3.49387447077754e-06
2.79107888279858e-06
3.61485741993971e-06
2.62068497775182e-06
3.21167694516864e-06
2.00000536435186e-06
2.12159814508518e-06
3.2802227113878e-06
3.99943051623465e-06
3.27724329623887e-06
2.45302096220464e-06
2.87119333062949e-06
2.64287768691589e-06
2.96366404371536e-06
2.73605060941156e-06
2.36617116797266e-06
1.93755142413122e-06
2.11321929121699e-06
2.28590128079585e-06
3.19122144383734e-06
4.39114451624952e-06
2.65578897081759e-06
2.03075966107918e-06
2.18050563148831e-06
3.68844656471155e-06
3.22452216284047e-06
3.8600047622835e-06
3.33169460941041e-06
3.92345139656092e-06
3.53586925527033e-06
2.76238050054935e-06
3.98800726448434e-06
2.35775511041417e-06
3.31245441490173e-06
2.5773346245379e-06
3.93708108019708e-06
3.02374401979967e-06
2.69957905206286e-06
3.10075107682661e-06
1.88995833026823e-06
2.00891447851418e-06
