0.545054195461261
0.540918463318297
0.576123190026765
0.559743387799744
0.562557138864203
0.558884483018427
0.565145358943098
0.571598757924669
0.574730081717746
0.537206916499787
0.534933091999337
0.546686543684671
0.568060519119294
0.557068511864844
0.582067358834199
0.585571502618782
0.559601003032412
0.581490766957342
0.555700740293385
0.541698320471536
0.550957546061204
0.52980700253372
0.554916639221491
0.578931154277562
0.539010912760027
0.55189674771335
0.504583365634563
0.552664236314293
0.555061024190832
0.490457568068033
0.541591368690033
0.558466184839846
0.544909565255896
0.582646320697156
0.56911009455429
0.588557223034116
0.555187524338795
0.556680348639248
0.548240640966114
0.531723685567311
0.538277158744862
0.594120456755236
0.527597713262903
0.554068819665043
0.570166647494569
0.537673193668471
0.539643708306687
0.560212555600084
0.563023386240919
0.566108352191121
0.553192300025113
0.573851760016499
0.549093568020732
0.583329328952182
0.552209654982403
0.54713707777949
0.56669865636146
0.526197821133681
0.578594436881741
0.566742551508106
0.553290822222142
0.563873407765971
0.551946826781753
0.538436074346471
0.570962103372565
0.542959412024014
0.56919208206789
0.579256687873507
0.573873262180141
0.538660579510774
0.533781423708145
0.532784058231683
0.529541441603302
0.570967953530494
0.590242601764943
0.530828810451472
0.544238676638013
0.555316908473969
0.562737134774014
0.568417725704681
0.562695878567129
0.524172725275515
0.524594526685622
0.561262472081042
0.565637039967619
0.557582856301791
0.526810791025609
0.550317588373826
0.580679880888995
0.555004603680507
0.544750058024935
0.498546485221966
0.577893317533753
0.579688234764735
0.589058095360354
0.55721132452854
0.561968776920968
0.59549056653418
0.545230552771838
0.555278410469432
0.566207862102581
0.536558834886936
0.538686654269424
0.546581022349485
0.575571167324076
0.557383570853652
0.513313783400552
0.519800656531384
0.582025241268491
0.543217356149568
0.535391578180235
0.528619219148655
0.542931566724062
0.587278451777281
0.565548717023916
0.525788882791375
0.519111150719709
0.525962030488103
0.559966454421517
0.560964958603896
0.552317734597197
0.572833547510258
0.577145691036706
0.561363153927888
0.512263118899019
0.572432663859385
0.56941020831061
0.584327321658596
0.526038364463396
0.556496332053172
0.535504793851185
0.539340334450893
0.51051299845602
0.532823287570998
0.545754520213898
0.549191813030293
0.519273367396639
0.571216924780204
0.541280952951679
0.570746209040964
0.562033321204934
0.557851961699008
0.549850193979778
0.562244002570318
0.547637882223383
0.547341546758273
0.51098335455423
0.564216177396094
0.587214981549
0.514706948153156
0.561561299622371
0.566064395646159
0.538663761599123
0.559257094882165
0.561245170043199
0.536282573344374
0.532751219865094
0.566957940927126
0.545653768671161
0.559375975991652
0.548621069409799
0.570938199273489
0.538157344040659
0.504687115083966
0.591113572426059
0.533491790923295
0.573109293162107
0.548170282066952
0.572259772550071
0.534448704768624
0.558391279487536
0.561940911139087
0.528178522626308
0.54303279347676
0.555467073297566
0.552554360192597
0.568200425592139
0.546378710331429
0.554946905580445
0.520474889413713
0.527644243289727
0.531282365314098
0.544039389289416
0.538360145877863
0.533659486186175
0.534519293385997
0.545932082673606
0.568129728238168
0.581476726019482
0.573322559138708
0.549353041186824
0.56286097175331
0.571363612702076
0.574659051113528
0.529078071863434
0.576067885635912
0.5198580997391
0.537029369513781
0.542409674525481
0.538527247399555
0.558084425054073
0.547915603006669
0.541011328188929
0.572776652587009
0.536088288058512
0.54801163922493
0.523234537220959
0.577429042231234
0.555356436662654
0.558501494760974
0.581548352482206
0.504486788972226
0.586788755321232
0.574743370551221
0.546314944501626
0.553969838041723
0.549356372601445
0.54862972744875
0.590129591062275
0.577320186197209
0.56214279608825
0.535164375336287
0.564938414744994
0.533912084163743
0.570432928547872
0.555552750322194
0.538417488262614
0.561460331729979
0.525824997343886
0.573362574693433
0.555614334575822
0.585402881553469
0.541951370013366
0.518456690852374
0.540477536979236
0.557572235969498
0.549319296703038
0.569797998628791
0.549720499599305
0.595086756300596
0.541681295976132
0.543763223309544
0.599173396323154
0.561117728525279
0.578134406985584
0.499277129929828
0.533505977958633
0.562954146374408
0.548848903846991
0.516278113732695
0.526928302625125
0.536863996908677
0.569922570521216
0.551428113801676
0.504834337153875
0.536397893795137
0.532720637173812
0.586592655010588
0.539781651140112
0.555993068775705
0.561287160786215
0.571265216994658
0.56217920028978
0.540765172565159
0.534473814663896
0.575929130967572
0.544069470483531
0.569762726532157
0.569283011817612
0.555539009778136
0.577059896492652
0.515323459060525
0.549450982706191
0.576152614394175
0.542187614730435
0.557207046075411
0.573937648230212
0.56419900717459
0.561505453813204
0.542885331534333
0.563735452711184
0.582408989714053
0.57275006732801
0.531917200721448
0.555831755740831
0.595163918190259
0.55102770395177
0.539828615702005
0.518431289625397
0.563493798610498
0.543630453994064
0.583039787695997
0.574814532954898
0.565668247073735
0.540352420797704
0.56121056377111
0.563877929553711
0.563434028285206
0.533955573118191
0.576599174440155
0.503236896112656
0.561027538159631
0.564559621254751
0.533060195228406
0.53747799701408
0.530132176945395
0.513782925705415
0.565730577308638
0.587762215664038
0.556560961294178
0.531539682342894
0.569476453604109
0.582578048098133
0.523911715364869
0.573858203129392
0.563939742096544
0.566992144090242
0.575980924499997
0.573522849157188
0.567920119868305
0.510299882451472
0.543874925781065
0.560415127318284
0.537699637108239
0.549699572695244
0.585014259700039
0.535614557542955
0.544959741249968
0.584127924206696
0.537675195864374
0.552765321792093
0.564860147661778
0.540930974847571
0.564559800675753
0.535786140093989
0.536206225338999
0.562953879295392
0.548174855398179
0.537174493522259
0.574674995244857
0.566720223804101
0.559012083735436
0.5627878766823
0.546720698337312
0.542932647997337
0.576922258840611
0.566455452939466
0.558266965506263
0.574230422919794
0.542680681417239
0.558527835583477
0.53008384272872
0.5847752512988
0.560597380933629
0.575989924393655
0.563259650470725
0.548722475241873
0.559105281480868
0.533357935941761
0.541505202700884
0.54707393695607
0.577769780852208
0.545053321457264
0.500635524937503
0.578145814414672
0.569998458540455
0.527814785822433
0.572192474946977
0.554417560456281
0.578267925557263
0.555138993632249
0.52074128081848
0.528101622723081
0.538154940589611
0.575861732198476
0.528994227185783
0.557639715197739
0.531826211166937
0.55141781280234
0.531812951518647
0.579049860042462
0.537854667154383
0.519783600762544
0.592608620483111
0.566351201520978
0.552013057200913
0.539540043197495
0.574273303897638
0.565990361657113
0.538283900056424
0.553659562450685
0.529037278712122
0.574932685502487
0.564636680912276
0.553485877088748
0.5908911181148
0.562128376928196
0.561478642173234
0.552537979529612
0.555644010026869
0.539807558774221
0.529275392307736
0.554651639020886
0.552852789224808
0.562991964476109
0.5148384180896
0.548618755355519
0.557389936140951
0.50962062205793
0.571137254924437
0.590334259368381
0.538245666967951
0.539447649104098
0.547195760365704
0.557270783121328
0.546495039068635
0.56391899289876
0.527566828326333
0.55411615729405
0.555924984968644
0.541478119490281
0.51509564181366
0.552286994797039
0.551444743922376
0.579406984182491
0.566696311650072
0.537997543025914
0.572585117703878
0.57001970379184
0.56284588974553
0.549648048948469
0.517714347928957
0.547764207975943
0.526589195122953
0.541870237861265
0.551207189190416
0.537552157732363
0.576925308452986
0.549724596818816
0.524145131060367
0.533189012097174
0.554445016820774
0.575466664896481
0.502616292564121
0.568482660017392
0.507468200241452
0.539575577935656
0.540384588560791
0.565724835832506
0.550542876018584
0.556313185485052
0.556105108622494
0.575093567186339
0.536459968282318
0.556751511312858
0.573938586065343
0.540021693558478
0.578628728072408
0.535120565496689
0.547721401083928
0.577089276999718
0.556198117804567
0.560583985025952
0.513425139903274
0.561157596625846
0.549035691920986
0.518269675998949
0.572704451304419
0.554589834518772
0.554347614409527
0.56428981524489
0.557023362509295
0.524623620551959
0.596721040467647
0.573727956714028
0.50573166261967
0.533972502084966
0.563238677263736
0.55134076106486
0.558051358083588
0.532558293708876
0.547541739661086
0.571479712398546
0.552546468332394
0.542632616839578
0.583186785281825
0.546967616330405
0.51264838294371
0.558231038229853
0.570376751053262
0.565058112144594
0.528157623546428
0.579099931619879
0.56380457921347
0.583251226154702
0.570401892797077
0.537841066686562
0.580001038068027
0.565600449608513
0.557697804188208
0.530264104372251
0.535086490257447
0.55253466589142
0.56553997423311
0.559710419784119
0.553624734728499
0.525189045016083
0.513645898529822
0.561986801008123
0.550878894385508
0.604368543852055
0.573055164488896
0.590852136576057
0.569017762079415
0.546396227079961
0.571828012061281
0.548225251731312
0.557893978680845
0.527005103038375
0.546227917782161
0.558635077098009
0.538929841537831
0.565703851400724
0.588016665242352
0.556099165154925
0.531062834903386
0.542969230502677
0.528961511675129
0.568366984481056
0.522883597940097
0.55088871629349
0.554012705861812
0.573018160040087
0.544813097453608
0.559458172060085
0.554723757616688
0.547480550083762
0.52144559327867
0.502644768927201
0.558735756165389
0.574729386488645
0.552968000061649
0.557496617531292
0.543256719084188
0.574094948632923
0.534246878203959
0.54446175513391
0.588629095634527
0.577908770850984
0.535006160612996
0.540097001828436
0.581069313639992
0.583031477345346
0.552096975272141
0.571343599552958
0.524739739676809
0.561385237667557
0.597109022084571
0.575540595778119
0.547878105867162
0.557930216475993
0.589951370767078
0.516800027672983
0.568351360007169
0.536674049328372
0.552010460778691
0.579506007309394
0.579976041415798
0.531289503203394
0.546031106432981
0.547683809270391
0.513511932886347
0.590369410121226
0.549246992080297
0.545854498827542
0.568951101682004
0.560242910392749
0.547682062855276
0.517221094531871
0.523199749845037
0.562111934929833
0.52660267432012
0.584635502996261
0.574466173898321
0.536792408105096
0.545855801224717
0.556404551677737
0.540204364941384
0.543635991578808
0.563842908404881
0.576527282442275
0.553465769992403
0.522351467023871
0.568491430873764
0.535678927842627
0.566440981700194
0.54465329993652
0.557217196180086
0.567953373140458
0.519789377456854
0.546903997868231
0.534502677448184
0.559753769826937
0.573744035248668
0.537298715144816
0.531838398277697
0.539079317933175
0.538182222127062
0.552032374849132
0.517614160311403
0.524232584531691
0.528565128466134
0.538989720833852
0.595407851634945
0.54849192341152
0.560513633071602
0.575567905449094
0.526290042060438
0.55749332877415
0.561376879392327
0.563063541055775
0.539038474932949
0.532382598688617
0.528758199473862
0.555530385635461
0.552726293542995
0.544900256590035
0.556373094837902
0.564885561953309
0.570239773045952
0.562635841435901
0.54950571976024
0.571766448315437
0.54329576664554
0.596025086912198
0.547985566138208
0.554414775180286
0.558325612798739
0.551905185426059
0.579179656952124
0.539807452879548
0.565986227177438
0.549667746816369
0.573074368258894
0.557626197453085
0.54745678758664
0.583637279658755
0.550495695326353
0.554418415028592
0.562531116161166
0.569887352900968
0.54439361213405
0.569558995146246
0.560694656148285
0.577270532958926
0.487147603999315
0.565768939149303
0.557926769816627
0.525902801948176
0.545337353810567
0.560254291567852
0.56260534726287
0.55633935466864
0.545883137657684
0.542768769671167
0.543849361062642
0.56996122028077
0.53305604368809
0.562113107274324
0.550157671829624
0.57151797471307
0.559725538261521
0.555280821659539
0.54034019224583
0.554104874618514
0.563918043140071
0.55600877372479
0.562967876318886
0.557139637175752
0.547427369086702
0.543847289230767
0.561405688994201
0.55896009831016
0.562601078082615
0.546865817449457
0.553710192802147
0.514649974800929
0.538629014570531
0.57973977323487
0.543438914649915
0.564912541764949
0.534241279987328
0.574315657670479
0.531924720278929
0.559893502135752
0.568055983707067
0.56296946764488
0.539071058060835
0.567471552785178
0.538708514820031
0.573973689708154
0.554955622765401
0.552088879875259
0.551359929417842
0.564411642844794
0.523240107077781
0.560662920324034
0.535504487150415
0.577375185422667
0.564309857771434
0.590600461183582
0.580896626576338
0.532372256667232
0.543847025308788
0.563526946528531
0.529068318453408
0.553668905920129
0.527112590349397
0.541256299057947
0.534174337850517
0.569605210515821
0.535681982165748
0.565157700848533
0.546286301328811
0.557729656587609
0.574960902561391
0.546102011762048
0.541422009868143
0.529162346029846
0.542141349602688
0.568620852304303
0.568617320185784
0.553252939215329
0.576234039846368
0.545740126852523
0.558320161701522
0.572873757187404
0.564788432614719
0.53923444072622
0.537940466947088
0.595509337705394
0.577376735925453
0.578102956408279
0.538156812100861
0.600796028419566
0.534006240285997
0.533653547009596
0.581268192136463
0.571335551540487
0.555881337729311
0.545045516373624
0.561731746406347
0.537636272734614
0.567094640188162
0.56400076477002
0.565784526326559
0.512556614295647
0.544654264694767
0.556756009798985
0.512565356820053
0.534460700553428
0.526125045779839
0.547850108515423
0.590834280581912
0.54288135517427
0.547770459028118
0.558302075138606
0.59777457378142
0.53766473475922
0.573303396165913
0.570199991547071
0.543990021642923
0.5368875850552
0.559382995140451
0.536870118895958
0.549087195782307
0.570866438725379
0.53362117116686
0.53198386112209
0.54677694162981
0.540861764581062
0.562910441669999
0.561582320305302
0.58617743620598
0.574188179734818
0.578744273879958
0.577568651722866
0.522133640361532
0.559954573907401
0.539787775224322
0.587170759981848
0.526358819925555
0.588247665959338
0.567160092338072
0.565859573360323
0.544717586631489
0.564091781641042
0.56977029242826
0.59396883246598
0.553947994203605
0.551373123466752
0.509164167546099
0.543436636554673
0.531345824197399
0.529491778325154
0.541869479861587
0.553417368579831
0.569453032865125
0.554602492086275
0.553712573534498
0.542704267173551
0.562879301044252
0.539475289768438
0.544573933575047
0.605591528141206
0.532241427319224
0.536270685262223
0.517160988022121
0.581304593901627
0.534563311625179
0.541261936779471
0.560596662158203
0.536776600203012
0.582035405999413
0.575276365919281
0.544823657216075
0.587759213740497
0.59393583863349
0.572902242881583
0.547722940727078
0.539655707007155
0.569241042975631
0.557138361178052
0.589995561415345
0.535904664991381
0.541706079907209
0.551664769163802
0.524609481999687
0.527084722846529
0.529766328223685
0.557071853820717
0.550165946827738
0.555128802197137
0.567392039899761
0.550189461020326
0.561901553149355
0.511277657484802
0.576047361823153
0.558143383156064
0.553940027990025
0.539267582762256
0.556923847157498
0.55988272703344
0.549440332067382
0.557741074568967
0.576845646948087
0.524218068797759
0.557673596130857
0.565267631882952
0.54599951399324
0.561642354873197
0.558796218215385
0.547998915522329
0.537615217578761
0.554800910813612
0.561986140314203
0.550642694827053
0.556353412554032
0.572198804829879
0.525938264806822
0.550678785848173
0.526959126396592
0.512229631372403
0.520670555914484
0.557175015736823
0.57375708894582
0.540233265360834
0.536493007598487
0.560220238812922
0.572118188669335
0.549702568893098
0.568503627586079
0.543210072041142
0.574720647407362
0.533933185066791
0.567239892915481
0.542852954728699
0.516525258825816
0.557337318762099
0.594313185640538
0.55323294727467
0.560963805987503
0.565824912117784
0.581892943640748
0.580628855462083
0.552570859888126
0.536888700490235
0.532895042620765
0.59187620018192
0.547664455152955
0.545297370563128
0.568458443099833
0.532104422935481
0.554362158454323
0.543207894011635
0.544955428112189
0.539166410157709
0.570119253603952
0.577821871172104
0.559668948245968
0.551281193867921
0.517544520550393
0.548825013352393
0.550177231373444
0.52778943773103
0.558567484912866
0.525943564600864
0.562595985893234
0.503714274677227
0.537934607592381
0.562998105748989
0.58631908634661
0.553653891422195
0.554585571266635
0.55067054353818
0.605721380891018
0.572354589528063
0.563676660994241
0.491708265694449
0.522617583260825
0.548646785571901
0.534187038871099
0.507709827339473
0.541736435859468
0.515779284070886
0.526228910147354
0.581070683030377
0.571033818482452
0.571569480422135
0.538711434710704
0.541315090059891
0.555296977632526
0.558857520734847
0.521535867528919
0.552631862239128
0.56707187162661
0.553116254296267
0.553688968085639
0.557184628437922
0.548474649774922
0.566505481357799
0.55481048383594
0.550914645574078
0.527035355793539
0.503407458791965
0.509151008739241
0.551876635563204
0.565364378621214
0.583181378062292
0.560248504432893
0.5130421705093
0.53116752683578
0.557184589151038
0.578191308991652
0.553674030939934
0.573363520988727
0.570729539874147
0.578422142793328
0.536608131627144
0.569564393629381
0.562324372787355
0.560668573700261
0.556634060002045
0.571349140377565
0.575685184942381
0.546713077706958
0.548430243579828
0.580460473869737
0.564356427481176
0.53481856572747
0.572854620341617
0.54903524583767
0.529967167095498
0.526253852981959
0.560005787977024
0.527717612722199
0.57739436675611
0.58510512016257
0.559205354427119
0.521977826544032
0.535204323026291
0.547888001511022
0.549748136799611
0.544233198870761
0.536116558616784
0.558265207726416
0.557958498036866
0.528109175671775
0.523643299642785
0.576590191936363
