4.60804515581944e-05
4.49566120820582e-05
4.68831482486371e-05
4.55744802601768e-05
4.63603827697013e-05
4.66123930967291e-05
4.68460935590187e-05
4.70116000137068e-05
4.85396993534241e-05
4.45112375368259e-05
4.42951153426526e-05
4.6360916119284e-05
4.6042089070357e-05
4.51800827088623e-05
4.80956641288948e-05
4.83137592037369e-05
4.54203737572371e-05
4.9005795794371e-05
4.70268404376541e-05
4.54380205899233e-05
4.45088895776739e-05
4.55665704108284e-05
4.55675100736113e-05
4.65299428736478e-05
4.63586969918181e-05
4.6925640761395e-05
4.22413955179344e-05
4.59572781080361e-05
4.62194984328837e-05
4.35091768513501e-05
4.55668648744476e-05
4.5487372383572e-05
4.46015940659751e-05
4.71331443194899e-05
4.67032231408836e-05
4.83379967724726e-05
4.85905420026792e-05
4.63375586307241e-05
4.77128566603279e-05
4.49822783826789e-05
4.65612652546073e-05
4.69230555509198e-05
4.46942883171785e-05
4.63405632268144e-05
4.81808062673845e-05
4.58946545634727e-05
4.68000024533937e-05
4.57454548881493e-05
4.5702981090376e-05
4.68086907950972e-05
4.64240158580748e-05
4.6649099207594e-05
4.3364340566837e-05
4.77708519382952e-05
4.56459117481065e-05
4.57778030657405e-05
4.67475545828729e-05
4.54281125080273e-05
4.64373912709315e-05
4.61656335957267e-05
4.74148748114164e-05
4.69678001390791e-05
4.6563705563067e-05
4.52661677157983e-05
4.67687565690977e-05
4.70179410404661e-05
4.77181208048852e-05
4.66363837596753e-05
4.66631686218009e-05
4.44931764186794e-05
4.43352274959369e-05
4.55833191877892e-05
4.43966430299501e-05
4.67891001261527e-05
4.50492693515334e-05
4.49936199236315e-05
4.62264555914243e-05
4.88150203828354e-05
4.64307514272302e-05
4.82302353880171e-05
4.6310898192258e-05
4.42437799687785e-05
4.66607234761985e-05
4.68024937060736e-05
4.71871096269361e-05
4.54495952175731e-05
4.49761623820749e-05
4.71076894666801e-05
4.67705417362365e-05
4.65967148614598e-05
4.36061529844467e-05
4.3057033922157e-05
4.78712731602222e-05
4.76416123209801e-05
4.63569446811335e-05
4.4198592904336e-05
4.6083828413704e-05
4.69181950082229e-05
4.63070754338392e-05
4.42190778721847e-05
4.7042431973003e-05
4.58298106149593e-05
4.61277618182155e-05
4.4750785432522e-05
4.68606957847181e-05
4.70458615955147e-05
4.69939767306981e-05
4.56772919593529e-05
4.64861600425277e-05
4.52763978846645e-05
4.6557998219375e-05
4.54233172417247e-05
4.77656754435841e-05
4.83838333622802e-05
4.70585884847094e-05
4.64698282353447e-05
4.51753100827985e-05
4.42803673771521e-05
4.64437111455905e-05
4.58913824352923e-05
4.45389138634999e-05
4.82137606723384e-05
4.77238358539428e-05
4.63098470997721e-05
4.48405946176443e-05
4.78441025793576e-05
4.54635964573784e-05
4.68856432494936e-05
4.52767065199902e-05
4.7624036922504e-05
4.38278375276722e-05
4.54510771846684e-05
4.46345122456978e-05
4.59873698931871e-05
4.63310974268862e-05
4.50304276237717e-05
4.43432772617112e-05
4.61186890999456e-05
4.52241130586674e-05
4.86063332972203e-05
4.67101578214139e-05
4.69312166408908e-05
4.67647755741386e-05
4.6145269454035e-05
4.63078507065653e-05
4.60616614865099e-05
4.55591536268465e-05
4.66927644963813e-05
4.87837970017896e-05
4.40219354795427e-05
4.7314074845981e-05
4.6816240753557e-05
4.58561920510933e-05
4.64170186514217e-05
4.65850412838256e-05
4.51492281797945e-05
4.49867273362226e-05
4.70089053666894e-05
4.58282378352931e-05
4.67327733195552e-05
4.54041823671642e-05
4.59212553484312e-05
4.59147895269633e-05
4.40901565575426e-05
4.81624160491523e-05
4.64122716959721e-05
4.82744095282057e-05
4.45995901720895e-05
4.64247717714688e-05
4.61943007954941e-05
4.74244373971954e-05
4.71842404147928e-05
4.46870029966942e-05
4.66061354965325e-05
4.56354469552724e-05
4.75164568340837e-05
4.61276585693138e-05
4.58258484100324e-05
4.70663641230727e-05
4.36552798629027e-05
4.55427367292978e-05
4.58377315539131e-05
4.64248444868139e-05
4.62996221262256e-05
4.51486671802988e-05
4.6665211027866e-05
4.62241049122842e-05
4.61745605862409e-05
4.82937110937188e-05
4.86241250353549e-05
4.59368988953416e-05
4.75193103380566e-05
4.56891176670187e-05
4.74610680266617e-05
4.43189436955785e-05
4.77422001295074e-05
4.47058975552441e-05
4.44773151065808e-05
4.65775234396632e-05
4.49553412436417e-05
4.62022300715162e-05
4.52823953554596e-05
4.4406328317258e-05
4.70791197883595e-05
4.57221171671894e-05
4.61210966490268e-05
4.41609751925629e-05
4.5229374447753e-05
4.69765395198125e-05
4.62778963227579e-05
4.68570451569607e-05
4.37155987076287e-05
4.73213727040313e-05
4.7163433906637e-05
4.46661885679856e-05
4.6538738089168e-05
4.5678461572408e-05
4.46784622508907e-05
4.62545722698605e-05
4.7724337370301e-05
4.60542808171975e-05
4.67265287644914e-05
4.53583964489831e-05
4.52553555863391e-05
4.73190314266558e-05
4.58043274263202e-05
4.66448576509249e-05
4.6281288319933e-05
4.32635925468335e-05
4.53505480355068e-05
4.62439296330773e-05
4.73690128298465e-05
4.63639403091473e-05
4.60924202554905e-05
4.5677986904311e-05
4.65674922526884e-05
4.43347241651461e-05
4.84445912919051e-05
4.52080950153657e-05
4.82982860298697e-05
4.62427413200527e-05
4.56548233951308e-05
4.86257285937606e-05
4.65325843352185e-05
4.85640681099781e-05
4.33947735433865e-05
4.58288575384389e-05
4.73628423612781e-05
4.60438522488995e-05
4.49959742826344e-05
4.54943511699739e-05
4.43347121744541e-05
4.62292271092231e-05
4.53621331584352e-05
4.42511447357854e-05
4.48633185857e-05
4.56331199713469e-05
4.79656045597643e-05
4.51532408785519e-05
4.62966023066514e-05
4.61639428058704e-05
4.62611581603852e-05
4.77595175901929e-05
4.60246907902706e-05
4.42989346454647e-05
4.76075778229455e-05
4.66207254473919e-05
4.57834874963725e-05
4.83070497622224e-05
4.61969287497079e-05
4.6395777106551e-05
4.49300726199025e-05
4.58136389773388e-05
4.7864131072762e-05
4.49654990705758e-05
4.75423039755813e-05
4.74719106801412e-05
4.47940070421639e-05
4.72463399687881e-05
4.61207492497512e-05
4.60590099211214e-05
4.84588107140592e-05
4.74545602449978e-05
4.7196951307887e-05
4.52000358316883e-05
4.82087489500717e-05
4.72541880253576e-05
4.61582365747059e-05
4.40502317166195e-05
4.60050021744678e-05
4.86978808444727e-05
4.65965668750903e-05
4.54115127988075e-05
4.51809074867186e-05
4.73568078081987e-05
4.54896524319335e-05
4.58805800637477e-05
4.58897330193664e-05
4.64198155984391e-05
4.59647742042827e-05
4.60079375044152e-05
4.60712559825824e-05
4.6165520268222e-05
4.51541684963294e-05
4.43434319055535e-05
4.43213673266167e-05
4.33704352940275e-05
4.56520553749301e-05
4.63160257068932e-05
4.53285944545312e-05
4.42786509904936e-05
4.63892848865175e-05
4.73398589085677e-05
4.32416379898526e-05
4.67432009878642e-05
4.78942616946295e-05
4.64950408337958e-05
4.54777772179353e-05
4.75167674572694e-05
4.55466683237183e-05
4.34326668772567e-05
4.70229877087783e-05
4.61904741867273e-05
4.62515407705209e-05
4.67394448330034e-05
4.86683984768569e-05
4.45527489645604e-05
4.55599671015623e-05
4.73034912009563e-05
4.53532739382006e-05
4.5032251305234e-05
4.47373539720187e-05
4.54821079349282e-05
4.48234283363818e-05
4.66247952282276e-05
4.50905096082654e-05
4.65954186199146e-05
4.6767851342435e-05
4.54873203624233e-05
4.65824314984823e-05
4.50711446541835e-05
4.6668946701853e-05
4.64836975641346e-05
4.55562536848901e-05
4.61347068196684e-05
4.82599205351242e-05
4.60541825167762e-05
4.63973409238805e-05
4.72592546065183e-05
4.56620299800738e-05
4.6248428390868e-05
4.52029313242642e-05
4.78511481089072e-05
4.54660621979858e-05
4.76389406565956e-05
4.84079956701219e-05
4.72646200717219e-05
4.45167175160113e-05
4.52996833785429e-05
4.49364776053224e-05
4.62754923707735e-05
4.49411397674065e-05
4.50946287757574e-05
4.50417599815304e-05
4.74452948725255e-05
4.76511319213083e-05
4.49328678382335e-05
4.70350291699248e-05
4.58251836301533e-05
4.60862560040923e-05
4.58179209301506e-05
4.30458475075915e-05
4.62940345777646e-05
4.44239884361046e-05
4.80263869044721e-05
4.63691308586293e-05
4.60698071989066e-05
4.60694262357147e-05
4.68417964548509e-05
4.50085363940951e-05
4.63763104970854e-05
4.45318068455833e-05
4.34066587414101e-05
5.03724644090208e-05
4.55625262956651e-05
4.52773869127525e-05
4.77226065926762e-05
4.81521205971557e-05
4.69682111725908e-05
4.4507736557384e-05
4.57538443826745e-05
4.62559093432086e-05
4.66013833128484e-05
4.78798446314021e-05
4.54628126065804e-05
4.72831548284367e-05
4.65039721087038e-05
4.6144953138899e-05
4.54081576413599e-05
4.67038122655464e-05
4.58269463270278e-05
4.49085924091656e-05
4.63878139588415e-05
4.56911983641842e-05
4.70224225356048e-05
4.40661531078093e-05
4.49703757428399e-05
4.47316148463181e-05
4.44231473894358e-05
4.4545499489728e-05
4.85953685325282e-05
4.53237323993741e-05
4.70962077463969e-05
4.59960497391726e-05
4.54019966432011e-05
4.63794720126522e-05
4.68205127089337e-05
4.60986129584553e-05
4.46594116609628e-05
4.61524848097093e-05
4.54996226277003e-05
4.39143889235722e-05
4.65218033996545e-05
4.5787637296399e-05
4.7307688653315e-05
4.60024911267454e-05
4.61770224478454e-05
4.7191480499078e-05
4.64967985795813e-05
4.63502839930465e-05
4.64098277841204e-05
4.49757302936237e-05
4.63249494954937e-05
4.57566393072825e-05
4.71968103814706e-05
4.5485812886921e-05
4.6331288945361e-05
4.64435659573585e-05
4.65647447464263e-05
4.38255152349486e-05
4.51825711403059e-05
4.6520074987422e-05
4.7217193063893e-05
4.60134162743892e-05
4.65338407317981e-05
4.4253382021377e-05
4.57137782657903e-05
4.53290735364506e-05
4.58074328737104e-05
4.63533550786897e-05
4.67982574975251e-05
4.59138887125139e-05
4.70730912300489e-05
4.39675610741614e-05
4.76336173048522e-05
4.67844458049851e-05
4.68880420691364e-05
4.61637663646979e-05
4.51904499333869e-05
4.6455716443255e-05
4.85354254180282e-05
4.673043263985e-05
4.62256947264625e-05
4.58845805564776e-05
4.65868220385161e-05
4.60104493973733e-05
4.58737614095121e-05
4.61642003525519e-05
4.69723393728385e-05
4.64003426102439e-05
4.57814860823038e-05
4.56242286771436e-05
4.44110770562967e-05
4.8613013198826e-05
4.81884458315567e-05
4.25188254674655e-05
4.48108646008182e-05
4.60783198577778e-05
4.79800144355618e-05
4.65942688319205e-05
4.5457266672728e-05
4.66621680860279e-05
4.70065276517241e-05
4.4913579349732e-05
4.40643166576658e-05
4.8989515621605e-05
4.67768186152952e-05
4.47613500537434e-05
4.63704358532219e-05
4.61960195089971e-05
4.66217636151445e-05
4.49748406622951e-05
4.81746787046039e-05
4.63636390349071e-05
4.77940364736448e-05
4.5762644333542e-05
4.3440908146371e-05
4.61777513123958e-05
4.72512325515628e-05
4.66007603829895e-05
4.46941812011715e-05
4.38650303318951e-05
4.62941424972777e-05
4.79940010466813e-05
4.62622634098514e-05
4.68393300726774e-05
4.45527361337891e-05
4.34258092027314e-05
4.66834579913766e-05
4.49493890348619e-05
4.83786944294545e-05
4.7953272841037e-05
4.88976198101745e-05
4.58463636135114e-05
4.59876158536891e-05
4.83118132350868e-05
4.61862275056311e-05
4.67528662867681e-05
4.51998522913901e-05
4.62631664288636e-05
4.7079201790582e-05
4.55420789017864e-05
4.59394282216067e-05
4.82658074535276e-05
4.53408237408173e-05
4.49692361173345e-05
4.54906453730337e-05
4.3149063941917e-05
4.76708870892443e-05
4.33420213914947e-05
4.70996363610695e-05
4.64730699519906e-05
4.57893517157855e-05
4.58769027718769e-05
4.67836036214932e-05
4.79681443429453e-05
4.61930464753608e-05
4.384407379044e-05
4.33589056091427e-05
4.79360120103408e-05
4.6739563003829e-05
4.58170873890922e-05
4.71864339614163e-05
4.51036807098416e-05
4.75933166496722e-05
4.61208104960518e-05
4.57131946037821e-05
4.74861945372666e-05
4.70008154247859e-05
4.47060289521326e-05
4.61243232446372e-05
4.69062804595972e-05
4.62463079285535e-05
4.61160162320189e-05
4.66106766729708e-05
4.43114241954316e-05
4.68739987918999e-05
4.72909710465582e-05
4.90644185248183e-05
4.5265765268894e-05
4.46176740604253e-05
4.87293701953678e-05
4.4489675325029e-05
4.63895056909458e-05
4.56642792382486e-05
4.7414178247165e-05
4.69311496556317e-05
4.7476123173274e-05
4.38267522636967e-05
4.66219826426588e-05
4.62857057025068e-05
4.44895739595868e-05
4.78181133180182e-05
4.66642201702978e-05
4.65585596646115e-05
4.74389177525872e-05
4.75919627391846e-05
4.67197392272834e-05
4.60847953870452e-05
4.38059704932373e-05
4.64114281838186e-05
4.39598244467679e-05
4.59353938160232e-05
4.6336248786539e-05
4.52778934842782e-05
4.60072181588438e-05
4.65765027995847e-05
4.49588230858994e-05
4.58934293223937e-05
4.58185331447404e-05
4.66371437550477e-05
4.8014495952672e-05
4.37553257154938e-05
4.5740471727234e-05
4.53317492732103e-05
4.58733203016815e-05
4.53055951743558e-05
4.60288993074153e-05
4.65435129764039e-05
4.34256358402419e-05
4.49863343116356e-05
4.43375735195956e-05
4.57182353986002e-05
4.77245102570182e-05
4.60008545928795e-05
4.52520494583299e-05
4.46351117429318e-05
4.57075985536523e-05
4.58363451197562e-05
4.5475757081517e-05
4.49721438706397e-05
4.46417740728732e-05
4.59000323583136e-05
4.8248094335345e-05
4.51215105494009e-05
4.58030704747243e-05
4.72458110376542e-05
4.48749680249495e-05
4.61756961768559e-05
4.61952092214132e-05
4.57337251363486e-05
4.6043391468849e-05
4.60753717298239e-05
4.61206752972487e-05
4.62139383716665e-05
4.65442707044395e-05
4.582179868769e-05
4.65164542532779e-05
4.81939537816774e-05
4.59661613161953e-05
4.5990265301135e-05
4.53030454047146e-05
4.74406516361414e-05
4.53177035304965e-05
4.91693394554782e-05
4.55863436973138e-05
4.55023330471204e-05
4.52468760294034e-05
4.65350335671088e-05
4.60324830324316e-05
4.51731132286901e-05
4.63670988205369e-05
4.50409015328937e-05
4.81253278748836e-05
4.65697762564421e-05
4.57644920008183e-05
4.82110168188783e-05
4.66841885394629e-05
4.4987934911068e-05
4.64491176776277e-05
4.73473762396685e-05
4.52558906523454e-05
4.71107146524986e-05
4.66009518170793e-05
4.46542687584664e-05
4.40612055263278e-05
4.61875842541189e-05
4.69743506702954e-05
4.53081554291158e-05
4.32758400399111e-05
4.8149229768842e-05
4.75384489786178e-05
4.6420754568441e-05
4.6565040223421e-05
4.56755756694501e-05
4.52841044906469e-05
4.74199663487923e-05
4.65425748107144e-05
4.72448852087059e-05
4.52687149882792e-05
4.71254381749996e-05
4.42287289574917e-05
4.64954391638373e-05
4.50137514061384e-05
4.49075057244366e-05
4.68490283481097e-05
4.64063652194841e-05
4.62275777887531e-05
4.54866396433316e-05
4.58312853314861e-05
4.54500099549103e-05
4.6724334441353e-05
4.69775933361038e-05
4.56234710082657e-05
4.57553862228154e-05
4.55215387500664e-05
4.37190845359225e-05
4.78092181461857e-05
4.67623970245745e-05
4.43765059045433e-05
4.56770974018506e-05
4.44507508095247e-05
4.71426430499986e-05
4.62316111980618e-05
4.64426692040087e-05
4.76748815788278e-05
4.71529612524308e-05
4.42505956874692e-05
4.55523180814715e-05
4.51865256729603e-05
4.76931014041791e-05
4.55902602148041e-05
4.67380669406268e-05
4.62076360238907e-05
4.80259224140565e-05
4.53458614068185e-05
4.60672007901934e-05
4.56595598537693e-05
4.63702479070379e-05
4.76491409194795e-05
4.84322194014907e-05
4.63392214333404e-05
4.42581883702274e-05
4.56210762540267e-05
4.73374187962484e-05
4.32462294471811e-05
4.44468637840067e-05
4.7379687605525e-05
4.66819329437286e-05
4.5072367657906e-05
4.86438781275415e-05
4.65336063280268e-05
4.55373305582933e-05
4.65711740124617e-05
4.655966386583e-05
4.75698793331542e-05
4.55948482425584e-05
4.58623781507458e-05
4.44284520520124e-05
4.3846206787864e-05
4.7934884595492e-05
4.60746576854809e-05
4.69834913067187e-05
4.54977610756107e-05
4.67895400226281e-05
4.59909387269184e-05
4.61541041094055e-05
4.69127255955032e-05
4.50089948272482e-05
4.43611296048385e-05
4.69262911390711e-05
4.8134417870677e-05
4.70072792544957e-05
4.62986406305984e-05
4.77558712823388e-05
4.61144115558229e-05
4.6160223131256e-05
4.91812348367843e-05
4.84766771165812e-05
4.60095856858533e-05
4.58275309375886e-05
4.71896560658874e-05
4.56877149705864e-05
4.60078431117965e-05
4.61717463589296e-05
4.56500437610449e-05
4.48784987196983e-05
4.50827364592325e-05
4.53355201057428e-05
4.52118259195171e-05
4.57172775627591e-05
4.5340948257315e-05
4.4547281219468e-05
4.83224495191757e-05
4.45975402087016e-05
4.6020870096348e-05
4.50118620781802e-05
4.78120457271879e-05
4.65396261727413e-05
4.63913696948533e-05
4.83685392755809e-05
4.57306064729874e-05
4.58418824301058e-05
4.73063305740763e-05
4.77477685311115e-05
4.91263970813437e-05
4.86295483224433e-05
4.46097360298527e-05
4.64502543712871e-05
4.58535643256355e-05
4.656578481491e-05
4.49612376306847e-05
4.56435716723136e-05
4.82874557296379e-05
4.58357687452798e-05
4.64821936559468e-05
4.66426890834822e-05
4.45006279560686e-05
4.62627383881698e-05
4.75333897195936e-05
4.66759012390202e-05
4.52218717221721e-05
4.94415865080759e-05
4.7064463114112e-05
4.62083912681483e-05
4.6424599451158e-05
4.663682241342e-05
4.64467839394857e-05
4.746809653493e-05
4.7124062019273e-05
4.68603467256929e-05
4.3936332767285e-05
4.43155255018101e-05
4.68191732009243e-05
4.48201149655268e-05
4.61979509493091e-05
4.88557622107907e-05
4.61830277255126e-05
4.69482622054135e-05
4.57163087995364e-05
4.61434727760869e-05
4.6245920912778e-05
4.57665168955594e-05
4.39489708097264e-05
4.95391076484574e-05
4.63113584548077e-05
4.62167605418889e-05
4.54466437614851e-05
4.81851671401245e-05
4.54529481258617e-05
4.58950811670291e-05
4.62991592458229e-05
4.62163839593904e-05
4.85819781871693e-05
4.54943361424315e-05
4.44687386847677e-05
4.60721435127053e-05
4.75915708418615e-05
4.73309378160412e-05
4.54735348563927e-05
4.40245857971285e-05
4.57305693992417e-05
4.57910944348608e-05
4.87605847057948e-05
4.76096552323243e-05
4.61639121471028e-05
4.73836010949897e-05
4.4861203122236e-05
4.6680019649975e-05
4.74428307501387e-05
4.57854286597359e-05
4.72366469948502e-05
4.60813996577153e-05
4.63396930362922e-05
4.58406034954776e-05
4.62725068521762e-05
4.48081840631708e-05
4.80305833673447e-05
4.57827289114045e-05
4.5277221130531e-05
4.64711922204662e-05
4.58626153450812e-05
4.85646994828681e-05
4.49822727093944e-05
4.69334990059254e-05
4.57332646752998e-05
4.58549933887884e-05
4.5463877067275e-05
4.71693450596652e-05
4.6218743581831e-05
4.59958353282637e-05
4.6586124296281e-05
4.61633228649368e-05
4.56611814929428e-05
4.63966188867072e-05
4.63055747690397e-05
4.56770167348223e-05
4.94169500034277e-05
4.60696660612634e-05
4.4700419395357e-05
4.56923833202942e-05
4.47100123904882e-05
4.42034697890352e-05
4.58664689141504e-05
4.59294477735292e-05
4.72188232951581e-05
4.43690124085481e-05
4.53378599221923e-05
4.73310919509467e-05
4.58052653132977e-05
4.51660112074504e-05
4.6593082211545e-05
4.56293827076349e-05
4.6324239613871e-05
4.52476663528004e-05
4.60989573820837e-05
4.50471531319615e-05
4.42373278024025e-05
4.53400310910251e-05
4.85465261627123e-05
4.71937767672123e-05
4.60489447496365e-05
4.68691203930507e-05
4.62996950773305e-05
4.87772019321554e-05
4.62384940157354e-05
4.58694431246999e-05
4.42607153089317e-05
4.69845381647625e-05
4.70998438734871e-05
4.49659819143753e-05
4.67284735374802e-05
4.52399034411256e-05
4.63338386350735e-05
4.6151506683963e-05
4.5471680620921e-05
4.55455498843688e-05
4.74622927166692e-05
4.80547956828985e-05
4.50731778864611e-05
4.63886046046335e-05
4.37354850735735e-05
4.62399956941946e-05
4.56123245324993e-05
4.42049427424694e-05
4.74705912797045e-05
4.54687854128317e-05
4.68834993493941e-05
4.43881690392662e-05
4.58168569080709e-05
4.57786646074463e-05
4.78291659696327e-05
4.60551280702498e-05
4.51026667525158e-05
4.71255219812777e-05
4.86822163564163e-05
4.87835323365627e-05
4.431232803516e-05
4.37743240228139e-05
4.46077821911788e-05
4.56403706021352e-05
4.58430469105853e-05
4.25740595440845e-05
4.49707618481649e-05
4.46052630109079e-05
4.36116981156978e-05
4.80680071389513e-05
4.73046378983347e-05
4.69196686774677e-05
4.53866089108082e-05
4.60387816759676e-05
4.50466255396485e-05
4.65157177197767e-05
4.58043530044802e-05
4.55094815917568e-05
4.66340019871469e-05
4.62814902119409e-05
4.73737720037466e-05
4.63612736385764e-05
4.59176757113514e-05
4.6981852248882e-05
4.66282060044756e-05
4.57056844682215e-05
4.46501394340508e-05
4.52603381039894e-05
4.32644148219628e-05
4.52587990685654e-05
4.69225790170253e-05
4.63956991041856e-05
4.66600660692097e-05
4.46322996893264e-05
4.66570909874738e-05
4.7830591134537e-05
4.76890991570339e-05
4.6608928360333e-05
4.79751123484247e-05
4.47147366655839e-05
4.64554551665338e-05
4.62794185787375e-05
4.7724207163922e-05
4.56323321424477e-05
4.63790770464818e-05
4.5798205457484e-05
4.78583627879482e-05
4.81949453823775e-05
4.45137024021623e-05
4.59960545191279e-05
4.8197667587362e-05
4.61954925215863e-05
4.54263248594282e-05
4.6079951641089e-05
4.59560386200279e-05
4.40134374325183e-05
4.43044222848731e-05
4.7732174363926e-05
4.436182847253e-05
4.71975815014069e-05
4.81383057578779e-05
4.65819515545346e-05
4.44987773701163e-05
4.53146988723652e-05
4.63022615674281e-05
4.77642785121711e-05
4.48861303346734e-05
4.66355331909846e-05
4.53816321509572e-05
4.65876484806021e-05
4.56079299523571e-05
4.32813308493527e-05
4.6704645624e-05
