-0.255023972406098
-0.233500321225445
-0.239201005742288
-0.290894142763482
-0.266663198356018
-0.473211946945691
-0.179852095160676
-0.341625349571484
-0.0874116784033088
-0.200933465251427
-0.257444964678982
-0.0218288145188879
-0.254495343800663
-0.224396465656058
-0.574368948906692
-0.328717793004359
-0.522371986695184
-0.309938899716909
-0.353660455364454
-0.437659585341997
-0.22385360267524
-0.31926265341391
-0.242168324299175
-0.126528733029063
-0.316942421411698
-0.218170085145559
-0.215104750996802
-0.252117153764458
-0.460478253839433
-0.33207158874919
-0.114817447918804
-0.2339307977822
-0.259705177317526
-0.396876259054662
-0.456081203246552
-0.210828406841303
-0.298394940140686
-0.289626484706753
-0.313399486065449
-0.187944857803236
-0.192764966616357
-0.414989832335424
-0.394233109782036
-0.175005856028543
-0.308517194725556
-0.281603392837634
-0.318094118416072
-0.23949464897449
0.00655325146169106
-0.255723058438156
-0.392367708831199
-0.357734129548609
-0.333687922990884
-0.380490460073741
-0.182282904225842
-0.229933019407935
-0.286936359607177
-0.399436281070587
-0.398264766037047
-0.304868781704309
-0.334402245271287
-0.170860962617868
-0.33583517635931
-0.49305438308922
-0.393331863192287
-0.403200329113996
-0.161286529633628
-0.326429024761913
-0.382626678552776
-0.151269803561311
-0.330130658868921
-0.26422264017889
-0.395819102385039
-0.43623812589497
-0.364245513270133
-0.291777797482806
-0.403221991415502
-0.311639328620066
-0.245925501830277
-0.244270635938225
-0.211400245381547
-0.39720275397201
-0.206423071653925
-0.230117002253984
-0.243714013988904
-0.27834065455349
-0.316386599621871
-0.359520493821741
-0.255729261267988
-0.329034416109607
-0.535461349638264
-0.362806470349574
-0.327226150401378
-0.324094589938824
-0.359564040338676
-0.136092726186207
-0.236274471678153
-0.265383442664318
-0.343381320891835
-0.172495145278849
-0.332968147288565
-0.121267746355264
-0.170746496521939
-0.354237455034625
-0.316302208340723
-0.314797555576114
-0.148708715005363
-0.309059710610721
-0.0480885010451764
-0.271058677717219
-0.0664809141670524
-0.320807635334133
-0.28134803956262
-0.432825221821406
-0.407265640529413
-0.361314288882521
-0.28470894936874
-0.184501848261005
-0.315665691369271
-0.377580062338641
-0.266228545304002
-0.150621459998294
-0.329935443967977
-0.20224538087106
-0.197756663884977
-0.198184755428514
-0.208811086931681
-0.204924339773047
-0.170710413171623
-0.18386326125738
-0.0841959903253935
-0.29267805597736
-0.121923104324584
-0.287630114038539
-0.223437814515941
-0.261894071425079
-0.643237120026411
-0.439050260639819
-0.250544469224956
-0.249436467603857
-0.245180418206149
-0.454214898149122
-0.0674461807000637
-0.214754170002227
-0.406249115246989
-0.325215087406942
-0.362853123754559
-0.450744111370884
-0.31810550825392
-0.230110295511418
-0.0771760150514202
-0.351234645791375
-0.442834447211074
-0.245039931503272
-0.317562558946509
-0.211239925149171
-0.23317545001203
-0.172691566325194
-0.193164609072735
-0.362511431824412
-0.401477997300006
-0.21263201719026
-0.328477937191422
-0.374954151187664
-0.241079204929583
-0.286411822511967
-0.302904346357938
-0.219874317470961
-0.436161575526838
-0.278201220490477
-0.289595321039296
-0.326418695240984
-0.275050032145481
-0.150948145086765
-0.218079758868981
-0.46784898693292
-0.251030044329502
-0.384397365318002
-0.314094394933507
-0.35783991191021
-0.558383896248972
-0.295735739740812
-0.424135483417042
-0.424511778791394
-0.222829091835829
-0.153881465066806
-0.142375191825763
-0.277827626346282
-0.226832782453019
-0.364345922701353
-0.307706248495097
-0.217106263430346
-0.148945283880045
-0.338265291218136
-0.114216589865125
-0.330455154002219
-0.181803901680188
-0.169589301731122
-0.132779175226026
-0.246603853002321
-0.372612572623904
-0.505304982760044
-0.207359227943012
-0.473049028800122
-0.336429757538353
-0.279240497768956
-0.205464682700225
-0.328779250275346
-0.260865918124526
-0.184218932579023
-0.666945814202474
-0.155243854177237
-0.148261422680456
-0.305602014623098
-0.365999065881891
-0.226784810318515
-0.161409645321447
-0.314933759479117
-0.428361217500814
-0.285325314914407
-0.446673834465529
-0.343361150043507
-0.502583327436036
-0.006689572050532
-0.183423880870262
-0.167608137388611
-0.163863655024426
-0.179879951817887
-0.278269370199775
-0.00901677229656106
-0.575316986181097
-0.397685351518405
-0.45051031998442
-0.361066136506788
-0.306279643007122
-0.34155502837405
-0.4766568142608
-0.307139008016885
-0.299848097346397
-0.32871315071823
-0.548894186955571
-0.325596232452449
-0.256077924264332
-0.202157369950699
-0.277141175616325
-0.339352061804097
-0.20704444899405
-0.588591428589937
-0.152871262910344
-0.22922403820681
-0.227599942881306
-0.182557395043297
-0.417324780070577
-0.210441142065608
-0.161033149445353
-0.398993586744337
-0.351983482761437
-0.315155408160855
-0.285295245492701
-0.207078382930583
-0.243409848879288
-0.475225735355401
-0.134838979998601
-0.204936088658546
-0.461776742255425
-0.23514909957615
-0.184992734849997
-0.0957202532760919
-0.247881678949796
-0.256320854440843
-0.517481551050673
-0.355628752439064
-0.545907143532487
-0.314507831885793
-0.28228918055207
-0.355869963994747
-0.339655956549326
-0.306310381571539
-0.285803194887629
-0.208637077500042
-0.47712506543218
-0.3963265220525
-0.158064974368796
-0.214716068502409
-0.0665564575065751
-0.264409495359362
-0.180060588388804
-0.349460598400233
-0.233985853444091
-0.220594282561318
-0.305708175004815
-0.367055423803414
-0.328687657514116
-0.374587772681466
-0.132107633529309
-0.3354800141504
-0.249127049305775
-0.410342365546145
-0.113065878696433
-0.496776246754836
-0.23928644989818
-0.323699701159703
-0.0256359291035706
-0.246964982096049
-0.155579425303078
-0.258500655914462
-0.310640322891427
-0.199807483814936
-0.334001594050982
-0.396604097803881
-0.246667217315263
-0.47738203427757
-0.4354079527034
-0.359091806428451
-0.313613075659082
-0.604526500637574
-0.312926153344137
-0.184688331208621
-0.103785134072988
-0.0344306378264203
-0.256366876338985
-0.320886813627518
-0.161786962799479
-0.417206147415831
-0.213314075808847
-0.463098217839343
-0.259520553840076
-0.227787927459755
-0.261685413616422
-0.288682138734432
-0.302033186232558
-0.280306829485675
-0.277042980252012
-0.420916738796863
-0.241859271960209
-0.242692770169293
-0.505959336392998
-0.208418274851948
-0.306924901927283
-0.19430646086038
-0.307225919566981
-0.322476543153569
-0.261469808196299
-0.398469859599459
-0.284695832630349
-0.388182634152528
-0.41159703946473
-0.113974718340157
-0.28048400259752
-0.425355079747539
-0.544277647148771
-0.526626840730253
-0.202949181667645
-0.0496797358257626
-0.155799645316151
-0.237106379063628
-0.524759578016876
-0.404853299935504
-0.259235690666684
-0.291001642581682
-0.200277758582644
-0.29840577726196
-0.279273267375714
-0.176285169380066
-0.237629170848914
-0.190749636589815
-0.239341108020843
-0.187685544509568
-0.284064340232031
-0.155895553016622
-0.062050714698803
-0.245212302271736
-0.0568387597243873
-0.467886839912712
-0.287788764603908
-0.327258379527833
-0.598604092171585
-0.0920870526589008
-0.382247941816395
-0.198555111124056
-0.272691093611686
-0.0758903478649322
-0.209120920137927
-0.400502609943938
-0.496031743570557
-0.114577922763919
-0.274265556025358
-0.402710704122806
-0.197094267462853
-0.238921800992077
-0.345154159424997
-0.18340223391955
-0.0548382143840391
-0.327624203948332
-0.239067247565249
-0.240772434193501
-0.34410752511918
-0.514340063313244
-0.32343913823634
-0.205160412254975
-0.373661198904408
-0.230870187134178
-0.395715292924855
-0.18270180311518
-0.282472679259016
-0.273116493291953
-0.235826396141201
-0.217511546166728
-0.447332978431241
-0.27171088003679
-0.147984167814255
-0.0318433896642587
-0.299312106904511
-0.142627832095342
-0.304969647264516
-0.302106498048125
-0.15560739438342
-0.433162992499767
-0.372950057260363
-0.113114278022008
-0.230380997034199
-0.333246214460167
-0.113641923602154
-0.335152074000846
-0.32845691790749
-0.194672880299919
-0.236467522506651
-0.179931569272277
-0.495408850774041
-0.177659727761279
-0.159326048153462
-0.338787446042465
-0.24388302521528
-0.294218309884098
-0.365875237038176
-0.351275018557826
-0.17588532468185
-0.198654046670665
-0.185082595989997
-0.317791413547706
-0.239484417630026
-0.375386416890638
-0.100762790283859
-0.211096494317879
-0.393053739288455
-0.264332412877864
-0.370901408905923
-0.337468509761759
-0.351378028637919
-0.408034913726481
-0.189512003838361
-0.142447714044365
-0.265098682842021
-0.168085038514959
-0.267865905644122
-0.295028466697742
-0.503076015685995
-0.368911081167724
-0.356813621206459
-0.238565832540493
-0.333640150336455
-0.200506241068466
-0.23106225726675
-0.319931822452167
-0.222888033068326
-0.439922216398555
-0.288643584759245
-0.298954721421764
-0.197518377396615
-0.389887396303755
-0.23243613805111
-0.318750419543389
-0.298753708598926
-0.42428327303437
-0.317832101323198
-0.395707630277441
-0.25574698067907
-0.53007392528533
-0.430067621992828
-0.262474428569814
-0.430723284622377
-0.225871898931435
-0.418332568868033
-0.360428246021634
-0.378804417269198
-0.495613483656532
-0.133376909513797
-0.534625946877131
-0.153371914117485
-0.335211373101649
-0.414912252440657
-0.311904592312676
-0.260474158845364
-0.168692107124779
-0.519999948286678
-0.393115139992325
-0.261175765407523
-0.274839353799461
-0.167560495328976
-0.192057042405629
-0.168910155559775
-0.249082307097221
-0.455607637803995
-0.470128257953174
-0.297540471574387
-0.197302919791451
-0.236758137574462
-0.374317068331864
-0.323117860569986
-0.548114240670339
-0.252635685472087
-0.309979600225985
-0.303329597675147
-0.241590762784434
-0.324615464100767
-0.314016926000166
-0.320570398082503
-0.240749344414248
-0.183206145369254
-0.229003910388914
-0.315682758021556
-0.0514949865566936
-0.183001699565555
-0.122438559502729
-0.323082435323203
-0.316935621633639
-0.0876228460001844
-0.394387758932699
-0.245536218360636
-0.315442705130425
-0.182943628940508
-0.338048156650554
-0.186469400689921
-0.246030281946233
-0.186800717979825
-0.402503930294376
-0.0533358038824823
-0.231083387429965
-0.292897176270554
-0.58415534763922
-0.236020548726317
-0.352646624081852
-0.30937410075279
-0.238634180981943
-0.141590339282251
-0.392370860123135
-0.293420867324913
-0.144621212657717
-0.250858675550562
-0.210199094354695
-0.261256280211149
-0.335919526729331
-0.530375107697746
-0.318343940381258
-0.13016090844952
-0.413024238222579
-0.379596011658749
-0.416799077604878
-0.350150102502342
-0.189445901040542
-0.544508953477687
-0.374468746812071
-0.207531415885416
-0.408067466018043
-0.345769491490443
-0.304070708565643
-0.28223841032748
-0.33164755670987
-0.0637144595750112
-0.373075572559254
-0.229234950321654
-0.24114441881813
-0.337140674249934
-0.388816187461613
-0.243165008135047
-0.222124924744438
-0.38515067217024
-0.260043850502084
-0.477897313733225
-0.237927007003575
-0.192551583279656
-0.158558465826337
-0.481909786726764
-0.238710831154281
-0.189351189760424
-0.188999915778885
-0.431454948877689
-0.288145370548613
-0.164102223987106
-0.341252568505141
-0.307930153095011
-0.234367675402561
-0.537141921250634
-0.308220485319627
-0.232647496765533
-0.323889909756464
-0.466901601909014
-0.461617149594058
-0.420836203244687
-0.222611374630479
-0.0636685474386418
-0.318289944550767
-0.0722222219418041
-0.215070263919704
-0.456046684905567
-0.378338862371645
-0.387451178408875
-0.191988241539133
-0.197240497790635
-0.192056823151608
-0.252371909878797
-0.222853700846465
-0.482119077214087
-0.338580501385457
-0.316288723708345
-0.32731918565967
-0.243682618438916
-0.214403926794593
-0.203136272436136
-0.285021593153656
-0.337175477222712
-0.256181522945747
-0.294582265298192
-0.415473348971807
-0.297150364437061
-0.350234784726752
-0.237384515969468
-0.233666100660616
-0.411289602105509
-0.100223606236554
-0.300325649213137
-0.130025681027832
-0.259125546327937
-0.283991560205243
-0.327425454290715
-0.451057433315315
-0.222288397459648
-0.388666164068218
-0.313802371143224
-0.116273905478663
-0.20311102926199
-0.260409975029094
-0.306412147697514
-0.209685692033136
-0.327288352480796
-0.258201189810723
-0.561928047359309
-0.487219190799021
-0.248012288011139
-0.412413880182992
-0.136974484086573
-0.466745880052325
-0.243464876070637
-0.447892778660571
-0.00627912391853824
-0.315754108194831
-0.548680545357155
-0.256274949954198
-0.250432986195837
-0.287423334314459
-0.393043685873014
-0.202123783982319
-0.15289827936577
-0.457696760134236
-0.271037925893436
-0.263086144631177
-0.234637498909976
-0.347980489051531
-0.291470410729558
-0.342096827152031
-0.293966921040667
-0.280985346265
-0.34734995278659
-0.281759989968762
-0.286120116305283
-0.396194731468854
-0.291060849555146
-0.326833216290946
-0.162747488375977
-0.252871170425317
-0.208240968199478
-0.454547028726863
-0.23878637493416
-0.163395487496453
-0.283486879720962
-0.297701078222878
-0.316358282742689
-0.434266861233196
-0.220846217375889
-0.508969894852585
-0.18145355882296
-0.549184338338882
-0.193693620820709
-0.559211793924349
-0.229767171183907
-0.153919829179791
-0.141788056309722
-0.330395649301227
-0.163610880139142
-0.134432944157156
-0.228832665953616
-0.240662597821008
-0.189574899751697
-0.306169576191149
-0.35299803873666
-0.48936672239445
-0.435110570543787
-0.313301320942853
-0.493914201291696
-0.422299584090262
-0.35817614298685
-0.192657999218286
-0.309250373611706
-0.175611978995204
-0.281967976139545
-0.118602983524798
-0.421329585506432
-0.479380505415959
-0.183885136683743
-0.387054631029669
-0.313816397928436
-0.487079203305969
-0.121678953424868
-0.295413150577293
-0.21810709819949
-0.28798139390279
-0.257212538646814
-0.260017795526361
-0.596019854968408
-0.214402881701055
-0.277931220939891
-0.0770694323811054
-0.120549887535114
-0.117849776597723
-0.282388960906945
-0.358620056797739
-0.228480099538098
-0.305308007554435
-0.126272972160427
-0.402347414970643
-0.217132694747685
-0.289149820070314
-0.379038702540844
-0.282394978108137
-0.300131705416619
-0.0126043901210506
-0.130202401835865
-0.497013836574059
-0.368394271563953
-0.281362842839478
-0.284296277681698
-0.39429072277081
-0.436769829633727
-0.184727814222083
-0.272918596940318
-0.38046967994084
-0.580072386365145
-0.494622431811017
-0.433585660334933
-0.381677192284441
-0.196552849770676
-0.0152592659341568
-0.327629207802554
-0.248919688328008
-0.336053691958561
-0.292923751427928
-0.372437441323111
-0.332172376259357
-0.120371377809166
-0.270147826111038
-0.328661732593272
-0.339282422328309
-0.152306371413125
-0.262854598942845
-0.31128036236381
-0.142356917079534
-0.221495644671225
-0.230651545329944
-0.333801023734491
-0.299946533091308
-0.408169856138539
-0.185685729021219
-0.229996737551286
-0.600849928131293
-0.244883842774857
-0.729720158573886
-0.215506546424621
-0.416224605134966
-0.149905782567961
-0.470104966537433
-0.438298275194703
-0.309601871529407
-0.524284585597952
-0.173434386531316
-0.417638780428556
-0.155976595897755
-0.335487051387734
-0.321160971661152
-0.279314999612276
-0.114043891429352
-0.1741214703459
-0.260862627396862
-0.472950415360834
-0.283838984109224
-0.295555820129418
-0.556322055935126
-0.359535563155075
-0.113771596128999
-0.294927487398308
-0.534157739745735
-0.30137266487372
-0.389569167690765
-0.358770444512596
-0.263181928932812
-0.215164308232394
-0.336743868789898
-0.339872885325026
-0.242471877782474
-0.120716159509347
-0.494510913343648
-0.32974689259641
-0.312334636025508
-0.465776869316669
-0.437472839708949
-0.247360637410823
-0.499332129596467
-0.438947434857643
-0.101226527709186
-0.268275708044616
-0.155366182487469
-0.195307397163513
-0.266798478870083
-0.634738699480526
-0.266103391530567
-0.1857203522137
-0.372767173329405
-0.230140809468625
-0.268500293908032
-0.136448836490347
-0.206425184500074
-0.511704068053084
-0.257313291762691
-0.382578202313691
-0.341788202464248
-0.087807339268507
-0.261589094965133
-0.347183611509733
-0.274855383282136
-0.25036045344651
-0.31491919982572
-0.263531387636077
-0.127189013592996
-0.0897114947233408
-0.092707209070207
-0.217647287665704
-0.263200416424826
-0.289713854810589
-0.280494873017204
-0.329923397316157
-0.315954597593417
-0.183914031575808
-0.185806813959466
-0.277358107853319
-0.320687334961046
-0.254411752110728
-0.0474874703454018
-0.414565634094776
-0.299794780783514
-0.203814126442586
-0.247101245957055
-0.264221995703572
-0.585758232865158
-0.341047553652555
-0.442545767810199
-0.293636323202554
-0.221328502084284
-0.369908516270647
-0.245752520064444
-0.461573568794141
-0.30852017244768
-0.181913629480305
-0.255469310447607
-0.131227256379269
-0.47980035576538
-0.24109428217935
-0.178358245145029
-0.212389505759666
-0.502026980590631
-0.207867430336273
-0.437469944588809
-0.196520111119346
-0.402871242562162
-0.251951926240202
-0.032428023345682
-0.376781268849577
-0.119308685846752
-0.234499303417739
-0.416248350292799
-0.0413491638348458
-0.253491755336292
-0.203905675276333
-0.106054681619404
-0.247744643140209
-0.265051951704856
-0.166425348622055
-0.436229641542994
-0.242191244742634
-0.167343138054924
-0.144853076953934
-0.289870554987091
-0.412749701992872
-0.34024024977223
-0.398932999991076
-0.153413316609413
-0.240472187292617
-0.316547455049168
-0.137115080361249
-0.364513012170799
-0.301715138297218
-0.481032841024321
-0.363264124001978
-0.339426368077428
-0.563911657594536
-0.228032216119324
-0.301076913220843
-0.27004497257075
-0.223781491924219
-0.357574710031368
-0.22000248365461
-0.440712334446053
-0.420065588911707
-0.221599175153783
-0.326172624955588
-0.282825513428398
-0.251108767363196
-0.213867963126619
-0.178132742313335
-0.552029907783693
-0.207947304180471
-0.269749610327654
-0.246864532906016
-0.232510725351847
-0.254765627423871
-0.242297203398424
-0.340428839324528
-0.18455448961314
-0.113136866442762
-0.486604656347812
-0.225760312693325
-0.401799292049591
-0.411273802917634
-0.225935890165612
-0.388166971589188
-0.408894433388395
-0.162210833930329
-0.224743204455637
-0.281094533709409
-0.271817174948451
-0.197875786921321
-0.273413713143716
-0.56439222718205
-0.317425420726826
-0.32292378841305
-0.346072003181485
-0.126434234638799
-0.197880510968988
-0.239726383512659
-0.470979844724884
-0.197957073519382
-0.261893683329961
-0.277807872278474
-0.423437568257077
-0.201628582810685
-0.340262714551323
-0.271562712630099
-0.297604906364499
-0.197808802123033
-0.250136068896194
-0.316179530236263
-0.412558225404472
-0.154386378804206
-0.463827230420355
-0.417588775491647
-0.382817956738235
-0.177389339730205
-0.459042045604655
-0.16377009092352
-0.171206967236439
-0.133587610440846
-0.243192259949916
-0.292758287267156
-0.211858105506846
-0.141630697524473
-0.284982108648874
-0.345507052637219
-0.56130431532351
-0.240535242642652
-0.325228874655422
-0.30732656450768
-0.281447710832037
