1.30467760976007e-06
1.26944844893913e-06
2.00684441507509e-06
1.19126818507028e-06
1.11761789684912e-06
1.18446343975979e-06
1.14142245929188e-06
1.25794782392096e-06
1.21988750453761e-06
1.19306474448584e-06
1.13418432104557e-06
1.28692698327486e-06
1.09245755357447e-06
1.35983699441531e-06
1.12630614680644e-06
1.1767966775501e-06
1.37550123590177e-06
1.05928622622312e-06
1.2811628138063e-06
1.59803050610942e-06
1.1430347822501e-06
1.30537966511372e-06
1.91120790395646e-06
1.26589257216015e-06
1.53576773141668e-06
1.06091187796153e-06
1.34664590736125e-06
1.13361432969062e-06
1.17587832281548e-06
1.40465864040429e-06
1.01488269579248e-06
1.49676614667173e-06
1.11981719496982e-06
1.1626841704297e-06
1.16982758902942e-06
1.26005307457978e-06
9.91239083160753e-07
1.01407137915022e-06
1.11956994658879e-06
1.29782808764911e-06
1.09891866374138e-06
1.08990910882113e-06
1.54409523456547e-06
1.09979162163127e-06
1.2247440249654e-06
1.27060715940735e-06
1.20611133617565e-06
1.16242009883421e-06
1.2784369331216e-06
1.44023711292442e-06
1.10222545805399e-06
1.1508589729916e-06
1.19924044899435e-06
1.30686669570024e-06
1.42383879614128e-06
1.36069093930966e-06
9.67629545682794e-07
1.04091623690442e-06
1.48075633621543e-06
1.05957520861514e-06
1.17925538541154e-06
1.55387524331603e-06
1.41240871292453e-06
1.3450988951048e-06
1.16654879180198e-06
1.1440673107704e-06
1.26376711918441e-06
1.13744162430593e-06
1.2142720519822e-06
1.16438781530321e-06
1.29688529459067e-06
1.15078390293543e-06
1.34940016709057e-06
1.07540916797805e-06
1.24741783552477e-06
1.15530111513611e-06
1.31535869932061e-06
1.46644635294627e-06
1.21223584963095e-06
1.29752335708597e-06
1.25322555947252e-06
1.24605816897849e-06
1.37070010948575e-06
1.30199636266361e-06
1.27603824963084e-06
1.10763497714649e-06
9.42005438537536e-07
1.25752357833661e-06
9.6470048529818e-07
1.28341545369008e-06
1.18014568622134e-06
1.27059456753962e-06
9.64287161928749e-07
1.12994182420789e-06
1.10510733910541e-06
1.25510211210588e-06
1.2188922726656e-06
1.06397092782258e-06
1.18770365161261e-06
1.1234764468502e-06
1.25638458012699e-06
1.13476798734382e-06
1.22132229296048e-06
1.04151006319763e-06
9.85179785259252e-07
1.32124218443002e-06
1.14451134092959e-06
1.3051044255896e-06
1.04587562532682e-06
1.11810221700496e-06
1.27628430717248e-06
1.26318405017031e-06
1.41278153855952e-06
1.33423657677231e-06
1.11151630058958e-06
1.20605704059762e-06
1.41010758203422e-06
1.20442641997721e-06
9.96579462844217e-07
1.24393263329493e-06
1.03268900349612e-06
1.29877081990385e-06
1.29116785405995e-06
1.32285222892549e-06
1.38673106484843e-06
1.13464987370483e-06
1.1245347757836e-06
1.07738671632825e-06
1.15507838425706e-06
1.23865085438468e-06
1.17610037282112e-06
9.96017985061406e-07
1.23701955116104e-06
1.20303428070597e-06
1.06312966145582e-06
1.04550463449727e-06
1.00644854300455e-06
1.12847161166011e-06
1.25597329648029e-06
1.39396746109244e-06
1.09972848429866e-06
1.00166327743988e-06
1.24793138564667e-06
1.04844966658566e-06
1.37693175316293e-06
1.50049865645954e-06
1.15480840802337e-06
1.35261911944782e-06
1.3090682340585e-06
1.43110724891984e-06
1.10773414579908e-06
1.25706184121478e-06
1.10983360742387e-06
1.26224111373968e-06
1.09310440090062e-06
1.13499504134833e-06
1.31027765909654e-06
9.80695594075639e-07
1.2648598633145e-06
1.16071440664036e-06
1.12014550038762e-06
1.02432178838647e-06
9.91923338107853e-07
1.45832398977076e-06
1.05494537160176e-06
1.19632786465383e-06
1.46931464699485e-06
1.04271642671026e-06
1.23060150561844e-06
1.31856611395871e-06
1.41052700658044e-06
1.3522079218671e-06
1.27791220899135e-06
1.10673239638726e-06
9.87525294449495e-07
1.15243372790554e-06
1.04787303366473e-06
1.44700588335388e-06
1.0334749248329e-06
1.42720612923091e-06
1.30606401753155e-06
1.57579849285008e-06
1.28098842914227e-06
1.28814076931023e-06
1.06447649937224e-06
1.23345960289031e-06
1.35597434990853e-06
1.10271647450517e-06
1.41370481707198e-06
1.15484200525822e-06
1.33596988887464e-06
1.1211084173287e-06
1.29325249190428e-06
1.2320728088316e-06
1.28017715452575e-06
1.24144361032714e-06
1.15668063281567e-06
1.30682726576333e-06
1.1098455554108e-06
1.31144108340728e-06
1.10159947282837e-06
1.38841989805359e-06
1.30215761429021e-06
1.41674476730746e-06
1.19497379233727e-06
1.29493901084219e-06
1.10065592249548e-06
1.12025276014207e-06
1.24464004711515e-06
1.10360405500888e-06
1.2575789429923e-06
1.27339143239733e-06
1.1730375871994e-06
1.19898860118023e-06
1.14888679157189e-06
1.21582640402187e-06
1.33238066474574e-06
1.12446648820111e-06
9.55115530341574e-07
1.24964079686419e-06
1.23273013925924e-06
1.44293977695419e-06
1.23776526769328e-06
1.56864352914997e-06
1.23259477841643e-06
1.30252055232977e-06
1.12067632564532e-06
1.20590155730768e-06
1.27766322948177e-06
9.59723012222478e-07
1.25486599052387e-06
1.07062537712682e-06
1.06147485742465e-06
1.34951233820572e-06
1.47396818029816e-06
1.100250767983e-06
1.02349274663425e-06
1.37508256895429e-06
1.35514420063819e-06
1.65188980095422e-06
1.09793019438663e-06
1.12693641356909e-06
1.00389868434443e-06
1.31048482107418e-06
1.15688056041015e-06
1.38069439518548e-06
1.23861386850285e-06
1.51754497897358e-06
1.12771426301081e-06
1.38325065936098e-06
1.38240172511107e-06
1.67749912485163e-06
1.18729792617022e-06
1.38556315389503e-06
1.15669129203831e-06
1.40322344747674e-06
1.19354665647356e-06
1.29488907074867e-06
1.37592186901587e-06
1.22321464114344e-06
1.36374609207508e-06
9.99611368162838e-07
1.54111574088053e-06
1.61793226597279e-06
1.30109849603717e-06
1.17259072230933e-06
1.25393144831393e-06
1.31541882083338e-06
1.38012222086165e-06
1.38635292163115e-06
1.26102155675652e-06
1.21066928177956e-06
1.42624832694465e-06
1.00403944088411e-06
1.29970090774938e-06
1.1829488547747e-06
1.24798231353341e-06
1.21617046665094e-06
1.29709888785089e-06
1.45680726697007e-06
1.27604248575373e-06
1.1584380972008e-06
1.19927404454703e-06
1.1969732929183e-06
1.15764922503791e-06
1.0745976706116e-06
1.39115884560937e-06
1.12002660602431e-06
1.20481377912121e-06
1.52825281798308e-06
1.09644719905677e-06
1.11658090528847e-06
1.10748549051953e-06
1.1912811618429e-06
1.23906514672405e-06
1.24797692055092e-06
1.39444286565798e-06
1.30836901736878e-06
1.19906927543841e-06
1.15570555671296e-06
1.41894895983176e-06
1.18093719358856e-06
1.29392075519408e-06
9.63033846346209e-07
1.12610354238546e-06
1.21821788326953e-06
1.58341279871378e-06
1.08409304593457e-06
1.15008023750108e-06
1.00031701058309e-06
1.20361373983752e-06
1.1431379367735e-06
1.25261906312941e-06
1.33979710126244e-06
1.23283493575587e-06
1.16193432096195e-06
1.35887854667222e-06
1.10518964567947e-06
1.20134056401437e-06
1.09827301517484e-06
1.15767149481292e-06
1.58848957464413e-06
1.06470554313367e-06
1.30521854910506e-06
1.1947525727375e-06
1.25228765770813e-06
1.26555949626516e-06
1.27063383942678e-06
1.2884888896688e-06
1.17796472352892e-06
1.11255903031105e-06
1.21118669964201e-06
1.22218790035149e-06
1.07419538575702e-06
1.16305744478388e-06
1.30738131780264e-06
1.54570339723962e-06
1.37420715587442e-06
1.19157715853531e-06
9.98536602593483e-07
1.15408020522288e-06
1.40422586711288e-06
1.09626956579954e-06
1.09376606341027e-06
1.57857015182945e-06
1.07684974110538e-06
1.23362337366517e-06
1.07974232538893e-06
1.18768785636786e-06
1.28793160824158e-06
1.34734321369015e-06
1.15167446420921e-06
1.18023789173371e-06
1.19949602366021e-06
1.14652034973289e-06
1.16183774981712e-06
1.10530578979173e-06
1.02722434805495e-06
1.13468417418593e-06
1.33046483246255e-06
1.1981379273822e-06
1.29530581464823e-06
1.20306997530485e-06
1.71641992436418e-06
1.16182061440063e-06
1.22935233427981e-06
1.39695726238091e-06
1.20131939125123e-06
1.25194175296683e-06
1.23179720055601e-06
1.4281933553961e-06
1.24970492430481e-06
1.2753184267999e-06
1.25796850406696e-06
1.41230565849764e-06
1.18534136086934e-06
1.21107844529421e-06
1.61582435226223e-06
1.22338103836021e-06
1.27700953723439e-06
1.17289468983631e-06
1.03831768873794e-06
1.55952187917312e-06
1.25066285190705e-06
1.11948426424053e-06
1.28202061692207e-06
1.21655235857391e-06
1.05995847169916e-06
1.19275814459625e-06
1.18998410028456e-06
1.11103799724969e-06
1.29468560780909e-06
1.18434608614525e-06
1.8170894797756e-06
1.02485367991661e-06
1.08895810715091e-06
1.08465875523305e-06
1.18429096471727e-06
1.18052348051092e-06
1.14537946427969e-06
1.32288154774411e-06
1.32646501412548e-06
1.19364647272845e-06
1.13416183326584e-06
1.38109859271954e-06
1.15500404779104e-06
1.31215996261869e-06
1.01239667953694e-06
1.69726237359927e-06
9.6549897161563e-07
1.12088450887484e-06
1.95001663230946e-06
1.34303695027211e-06
1.43473476310693e-06
1.12530447045826e-06
1.16512766939089e-06
1.35561531363738e-06
1.25799765120131e-06
1.1122631930435e-06
1.074502811333e-06
1.52034734738128e-06
1.32397596411013e-06
1.40554139161021e-06
1.01554752445474e-06
1.26269905698991e-06
1.30087009733408e-06
1.20891345184774e-06
9.29883724374445e-07
1.60960206744413e-06
1.165896665509e-06
1.34504265273403e-06
1.30423069295761e-06
1.23112652173068e-06
1.27720321774591e-06
1.25621346145334e-06
1.18802120534083e-06
1.066723103007e-06
1.11901303211474e-06
1.58430858291689e-06
1.01732970516129e-06
1.53213771468777e-06
1.17879005434958e-06
1.01307734714906e-06
1.59673370610668e-06
1.34662424532148e-06
1.2521012675307e-06
1.14851145213502e-06
1.01196890173094e-06
9.38933483175791e-07
1.09789877577305e-06
1.28352845205822e-06
1.4429083645838e-06
1.53217945734923e-06
1.59697253013596e-06
1.21471502060004e-06
1.2369343315834e-06
1.37813856997026e-06
1.10791756260243e-06
1.15097769426326e-06
1.15757260722584e-06
9.79971686009243e-07
1.39051383176623e-06
1.37674519573949e-06
1.32660517092015e-06
1.11984618420345e-06
1.11096858132013e-06
1.26349671525722e-06
1.07861925721468e-06
1.25030620220238e-06
1.29233648327135e-06
1.26864653062738e-06
1.17054356216848e-06
1.29537416397087e-06
1.15378582168131e-06
1.08538619046012e-06
1.17513185309119e-06
1.09584451438595e-06
1.29394143975569e-06
1.25914941917981e-06
1.17291864369311e-06
1.40840042276581e-06
1.471246862613e-06
1.00388045840454e-06
1.09252147477284e-06
1.3407967872584e-06
1.02590695339133e-06
1.11802284738793e-06
1.30263495176704e-06
1.15674642045513e-06
1.24381855227369e-06
1.20958995126351e-06
1.23923147716935e-06
1.03312599057094e-06
1.39471018244732e-06
1.39230163783921e-06
1.66683424316038e-06
1.26125918475273e-06
1.25652188469826e-06
1.1727553741458e-06
1.12291639893257e-06
1.08651838129789e-06
1.3277670195419e-06
1.13271146819101e-06
1.18555430234217e-06
1.12430797570867e-06
1.23676991055521e-06
1.341182566701e-06
1.19667578806706e-06
1.12601905547915e-06
1.10178164500826e-06
9.96278627666167e-07
1.13668833794986e-06
1.21622035902084e-06
1.41013217196042e-06
1.28198708749487e-06
1.18295836790034e-06
1.19958017486365e-06
1.28508164015088e-06
1.49654976914251e-06
1.26437336576247e-06
1.24490129557566e-06
1.20407727740794e-06
1.45071521551361e-06
1.31878942841017e-06
1.02387438365719e-06
1.24554606558092e-06
1.02231835209072e-06
1.12479803332652e-06
1.19489961526406e-06
1.13445096474058e-06
1.12789913522378e-06
1.32351296008651e-06
1.12199982461259e-06
1.27678169517232e-06
1.29559707216784e-06
1.1998751779459e-06
1.12475559990605e-06
1.19515348384039e-06
1.39539031442353e-06
1.70343928268922e-06
1.15189834682706e-06
1.18978057751176e-06
1.13929950550484e-06
1.37483726453129e-06
1.14036410833457e-06
1.15311818701598e-06
1.34360638550928e-06
1.0555186245956e-06
1.33937895474337e-06
1.22487674862326e-06
1.28210107413019e-06
1.14495864872457e-06
1.28995429388151e-06
1.32854219957031e-06
1.30743664324348e-06
1.16571757065282e-06
1.29629278552054e-06
9.95569667050307e-07
1.43774794163297e-06
1.23381527021147e-06
1.2193386184488e-06
1.32173001855229e-06
1.41735885844885e-06
1.53499871265339e-06
1.32236207174411e-06
1.26086538209475e-06
1.11559413072421e-06
9.77862355716911e-07
1.09402536900254e-06
1.20314649707481e-06
1.02711877258676e-06
1.26782824218622e-06
1.1314700904945e-06
1.20154770751798e-06
1.05153074613482e-06
1.11359491206707e-06
1.19600728674107e-06
1.3595570044495e-06
1.18042909914564e-06
1.24245861686025e-06
1.29530809787927e-06
1.31276338520819e-06
1.39108843433325e-06
1.13204362737898e-06
1.33440065281426e-06
1.06880070247715e-06
1.17854041893294e-06
1.17598629142771e-06
1.37503243775209e-06
1.0552468970034e-06
1.24212635339118e-06
1.40214465025017e-06
1.28768007381521e-06
1.23741655029569e-06
1.30199768969506e-06
1.25080674206703e-06
1.30776665979526e-06
1.26260279961624e-06
1.06630466610097e-06
1.27014120863407e-06
1.16661508024589e-06
1.38365126030882e-06
9.58869010623847e-07
1.39646649890336e-06
1.59465138946551e-06
1.1195293608281e-06
1.45888231252063e-06
1.21363207996678e-06
1.45274507173516e-06
1.10706093434941e-06
1.28353436072421e-06
1.22972029841315e-06
1.2186136020292e-06
1.20117642389735e-06
1.37880568106189e-06
1.00824490155352e-06
1.29160980823487e-06
1.44035260419034e-06
1.0439203331225e-06
1.36128445576805e-06
1.33661799689111e-06
1.22075722567161e-06
1.27286321883172e-06
1.21614947682767e-06
1.34316067921225e-06
1.3419614731587e-06
1.24127491262179e-06
1.00618259745324e-06
1.05916336580579e-06
9.46074846360891e-07
1.27526443555088e-06
1.15240310038209e-06
1.08690995644581e-06
1.38808148214266e-06
1.03081005700179e-06
1.60986845940904e-06
1.41204752399348e-06
1.12628614871652e-06
1.28780274947871e-06
1.2774191769688e-06
1.28562741912255e-06
1.26218760112364e-06
1.30856548746439e-06
1.13460235405585e-06
1.19453980755543e-06
1.14150180986307e-06
1.03715042274156e-06
1.23803158982403e-06
1.1869174770453e-06
1.19190178127703e-06
1.33445048864706e-06
1.26746548967468e-06
1.12571168525679e-06
1.19582246170579e-06
1.29880820614519e-06
1.60332175879978e-06
1.27092737641414e-06
1.05650974973499e-06
1.33336194618312e-06
1.39761903299759e-06
1.39534444254443e-06
1.13298311319545e-06
1.291811123787e-06
1.1474327364605e-06
1.10891318029795e-06
1.26722506793252e-06
1.58206277617701e-06
1.29063333471012e-06
1.66794484260044e-06
1.53169585505081e-06
1.16435351021769e-06
1.5233489337471e-06
1.0563717458364e-06
1.17585517546547e-06
1.3597782182562e-06
1.55426527925038e-06
1.13167298582539e-06
1.05593167110763e-06
1.11059962636905e-06
1.21853322225343e-06
1.15200786362261e-06
1.58756224355722e-06
1.3093510112117e-06
9.57118460444061e-07
1.11862455754228e-06
1.24571499179948e-06
1.55161798460046e-06
1.51560305476532e-06
1.13731952303515e-06
1.15042455822231e-06
1.04851173218051e-06
1.39797240684376e-06
1.08537616165693e-06
1.41891431154547e-06
1.1226135850998e-06
1.2197759186151e-06
1.06918467549969e-06
1.25309193594528e-06
1.17967327628419e-06
1.28167309066155e-06
1.43907315264282e-06
1.54350700759371e-06
1.34599772278296e-06
1.46611744656653e-06
1.09742029930512e-06
1.31645875437607e-06
1.412200177804e-06
1.37399453395931e-06
1.20949438530858e-06
1.27717803835087e-06
1.08878089240591e-06
1.2413436766801e-06
1.40229929388752e-06
1.13345075360021e-06
1.09990549422553e-06
1.65674502008753e-06
1.29418285016199e-06
1.54542000255756e-06
1.16007453848427e-06
1.22918075144582e-06
1.2610163874068e-06
1.37910837753769e-06
1.89739759932154e-06
1.30020442732388e-06
1.16065087125146e-06
1.35825314145888e-06
1.17267986912683e-06
1.28056246576502e-06
1.39774950552013e-06
1.22493776777317e-06
1.24291711001393e-06
1.16573296816045e-06
1.21711474940603e-06
1.22441454690515e-06
1.21760210357289e-06
1.32340511880994e-06
9.64562612422724e-07
1.28981823020414e-06
1.05560759920203e-06
1.20478555830124e-06
1.26723332119773e-06
1.51105777726663e-06
1.03837061483415e-06
1.33438882739767e-06
1.61736955590835e-06
1.16137248049604e-06
1.16546953789629e-06
1.30973508216967e-06
1.37879893641233e-06
1.08354208566183e-06
1.27328533355865e-06
1.18665567959881e-06
1.261595644092e-06
1.18689361174553e-06
1.22767896719574e-06
1.22129901675753e-06
1.20549351652534e-06
1.32025219378098e-06
1.68237527226411e-06
1.67622587248719e-06
1.5019362926374e-06
1.17034230031205e-06
1.15633832957792e-06
1.02434818374552e-06
1.26429190711599e-06
1.27587632149012e-06
1.45514746058175e-06
1.2101161774648e-06
1.23066976709161e-06
1.6832936100603e-06
1.2877742069189e-06
1.17061999917513e-06
1.2017341982764e-06
1.24942206172138e-06
1.31856376022482e-06
1.1773470453168e-06
1.04398512435205e-06
1.1796865491735e-06
1.3044815778426e-06
1.01989597754926e-06
1.60035408378653e-06
1.28650177386555e-06
1.23514933323001e-06
1.22632568223582e-06
1.07315023790959e-06
1.32976003421434e-06
1.05840420961942e-06
1.12403054676564e-06
1.07026433642799e-06
1.17227091474344e-06
9.80547764001551e-07
9.71620134989214e-07
1.09083007801764e-06
1.22176988249771e-06
1.22582626495116e-06
1.43426754703815e-06
9.2642743025369e-07
1.29429550358325e-06
1.21930388095172e-06
1.25125341756107e-06
1.2534816345386e-06
1.33759864018011e-06
1.59675375182496e-06
1.36367918604415e-06
1.3097940074529e-06
1.21150473511679e-06
1.18057268492248e-06
1.23221441711492e-06
1.82834656847935e-06
1.03780093535206e-06
1.30843028253756e-06
1.15371637189865e-06
1.44551606171134e-06
1.1391275732558e-06
1.04982951908616e-06
1.20993550341658e-06
1.29462058975754e-06
1.27005298288302e-06
1.41181273432292e-06
1.42328612635131e-06
1.19672310577738e-06
1.62826587222749e-06
1.10126288116101e-06
1.19799749217064e-06
1.12940564102114e-06
1.42521550699148e-06
1.05660219725807e-06
1.06036808018449e-06
1.37497933731123e-06
1.57584210587109e-06
1.63768014977038e-06
1.21963340710345e-06
1.06032947524129e-06
1.07756666336637e-06
1.25729500205739e-06
1.18459832917049e-06
1.3729450765915e-06
1.24156010995067e-06
1.3990420766831e-06
1.3232481209511e-06
1.07972937092031e-06
1.08537011289115e-06
1.15790934302308e-06
1.18989518595566e-06
1.31925700788499e-06
1.59649046947326e-06
1.1039638879058e-06
1.0657931679151e-06
1.07354110207527e-06
1.18754941365664e-06
1.40624492215683e-06
1.0717069423717e-06
1.23196710749171e-06
1.24391811888472e-06
1.17206899328074e-06
1.10431743199269e-06
1.40145922670978e-06
1.18734362897492e-06
1.28379254321051e-06
1.55190062918763e-06
1.14240557092361e-06
1.14013424874039e-06
1.52421778518754e-06
1.4376906410457e-06
1.32498381510066e-06
1.25374268122097e-06
1.16187521086283e-06
1.25136715011481e-06
1.15845120389448e-06
1.28901969355876e-06
1.10505245465814e-06
1.24950645812425e-06
1.44543236077232e-06
1.27335196775034e-06
1.24216299621859e-06
1.05559668347304e-06
1.24273576272989e-06
1.25907709499929e-06
1.48529081195704e-06
1.13760708942167e-06
1.31137151541246e-06
9.86586972680643e-07
1.37837650273699e-06
1.01277335115621e-06
1.22628307749675e-06
1.16364677523365e-06
1.26331239125203e-06
1.42878714416791e-06
1.58131388918201e-06
1.26291577716201e-06
1.2714383545102e-06
1.10847498452505e-06
1.24917955921736e-06
1.00597019724332e-06
1.29356045704609e-06
1.46640647953666e-06
1.21014524033608e-06
1.29651224265768e-06
1.22571900506995e-06
1.30803746357051e-06
1.37377627036948e-06
1.29330383249185e-06
1.36505385689404e-06
1.00144389175817e-06
1.24807208757609e-06
1.49208001296468e-06
1.29324309718178e-06
1.22036661994405e-06
1.14817937042757e-06
1.35409886032585e-06
1.40280620413213e-06
1.30266091136422e-06
1.3031418898897e-06
1.52021239097199e-06
1.26039940586262e-06
1.14204556348484e-06
1.30519398067466e-06
1.41842557970829e-06
1.42742437651773e-06
1.26078848198704e-06
1.26941442567028e-06
1.2743975722815e-06
1.19728297570867e-06
1.25434754368765e-06
1.46137157551275e-06
1.15122184516375e-06
1.35357318693973e-06
1.06261519073112e-06
1.40572543244635e-06
1.2647348508311e-06
1.25178427224982e-06
1.77455118859641e-06
1.56827454872745e-06
1.30557561532792e-06
1.26709356592917e-06
1.39576277224188e-06
1.14489138426482e-06
1.46760205346547e-06
1.21904397547177e-06
1.12022645514554e-06
1.18844649581502e-06
1.01132432791348e-06
1.07248258701499e-06
1.43757126897203e-06
1.23603680304346e-06
1.18588195306132e-06
1.25678121785963e-06
1.45229261480577e-06
1.137597098204e-06
1.30546007833073e-06
1.47086616121399e-06
1.17388254514813e-06
1.49908614215729e-06
1.16328470718558e-06
1.80357257287054e-06
1.36152736206953e-06
1.14338173509784e-06
1.28769905519927e-06
9.90617323094228e-07
1.20901239216017e-06
1.30083599772648e-06
1.41202227856198e-06
1.21360645978257e-06
1.35085137848522e-06
1.04160170758966e-06
1.43349669648947e-06
1.3598173587765e-06
1.57123203083233e-06
1.33293392761121e-06
1.29698619035992e-06
1.16142332093012e-06
1.3077448852739e-06
1.28622793553543e-06
1.13691417173122e-06
1.0651809569486e-06
1.07352559722614e-06
1.03618230227943e-06
1.08927074180318e-06
1.16448773338811e-06
1.5164281621065e-06
1.05479497440958e-06
1.16283416896549e-06
1.19441090479418e-06
1.27803988106449e-06
1.22096602186645e-06
1.19962147995008e-06
1.51279328884654e-06
1.48519478794845e-06
1.40477276689065e-06
1.24098493629914e-06
1.58579174771037e-06
1.07854856638313e-06
1.34105277183498e-06
1.27793710871948e-06
1.45469735825061e-06
1.24473474569908e-06
1.22948427557342e-06
1.45683839022742e-06
1.1917314839901e-06
9.53336791229333e-07
