6.01551690665427e-06
6.1882690456977e-06
5.63649394241212e-06
6.05625810639304e-06
5.29107336713463e-06
5.81256479352496e-06
5.28145757975257e-06
6.46263730637659e-06
5.4112111821281e-06
6.37610339665068e-06
5.19499826922963e-06
5.95239789953582e-06
5.71364826819347e-06
5.43445111971189e-06
6.23378800436639e-06
6.0579211104029e-06
6.01325964483222e-06
6.15018787863352e-06
6.21164811650828e-06
6.51300566065127e-06
5.66422329789784e-06
6.15638515638296e-06
5.77318655288626e-06
5.20140163218031e-06
5.62427895929848e-06
5.68381249068982e-06
5.18388024109477e-06
5.27691588879884e-06
5.80238550893729e-06
6.12921250637084e-06
5.74521812682151e-06
5.71816571685342e-06
5.50565253621506e-06
5.74084809586176e-06
5.54657567071744e-06
5.82669950359472e-06
5.80392053314858e-06
5.78825301225993e-06
5.18390790811029e-06
5.70153976760566e-06
5.99503909993168e-06
6.08596833155621e-06
6.59016878213681e-06
5.42748677909657e-06
6.0220792405926e-06
5.42619341774303e-06
5.81865365059633e-06
5.50177494976337e-06
5.35561030975169e-06
5.20502964513336e-06
6.25864103130178e-06
5.85095264762779e-06
5.39242742162278e-06
6.94525467159517e-06
5.35769604297455e-06
5.86050500351109e-06
5.94375058387738e-06
6.02050730242889e-06
6.02381579328525e-06
5.93216660294934e-06
5.59970463497568e-06
5.62435509072061e-06
5.76970850811694e-06
6.61465836692142e-06
5.88479673115989e-06
5.93679550515673e-06
5.33118069006005e-06
5.64778507609789e-06
7.24834875731914e-06
5.65789744775798e-06
5.58825181736617e-06
5.46657414942162e-06
6.04314930168125e-06
6.69138277146951e-06
6.17791971923132e-06
5.78333776025672e-06
5.77138459132817e-06
5.86944457090108e-06
5.78982481755434e-06
5.39935708628717e-06
5.67857144730501e-06
5.336209156694e-06
5.69426063336647e-06
6.360055277869e-06
5.56721500015595e-06
5.74008019507196e-06
5.61062898333063e-06
5.86935811554026e-06
5.81415490824109e-06
6.21837616320611e-06
5.88841308597284e-06
5.89180349884155e-06
5.78087466525795e-06
5.52299596667523e-06
5.84752777228265e-06
5.6511762397642e-06
5.98563803367028e-06
6.25022082557938e-06
5.59507985952595e-06
5.46868772879191e-06
5.63307370698404e-06
5.93152155413616e-06
5.43768617600521e-06
5.45224150558324e-06
6.1997065735366e-06
5.65117619584996e-06
5.80966667892821e-06
5.69516990640984e-06
5.26621584073955e-06
5.06995290799643e-06
5.49112109607278e-06
5.63681246356387e-06
6.11666233991797e-06
5.95650881417776e-06
5.66204588036973e-06
5.920811339911e-06
6.31873974359102e-06
5.8612137005143e-06
6.01400569304738e-06
5.72974135244591e-06
6.0128860715245e-06
6.42951521687767e-06
5.55509722927372e-06
5.41761300253647e-06
5.50196995431246e-06
5.63141942548796e-06
5.48252837265034e-06
5.50592822605027e-06
5.43139887132373e-06
5.60492092764702e-06
5.71685519759898e-06
5.7836917504543e-06
5.68437642697301e-06
5.85352213252632e-06
5.47420209198095e-06
5.1104997284679e-06
6.94759111808658e-06
6.03400037512589e-06
5.43332089322161e-06
6.17261579512879e-06
5.42479119490261e-06
5.56775416828669e-06
5.42381236953433e-06
5.38155925859427e-06
6.58378559371572e-06
6.54981226172917e-06
5.68744995476067e-06
6.09499779867702e-06
6.02600880591124e-06
5.63009823016615e-06
5.44930956663145e-06
6.5774252118919e-06
6.40817926978017e-06
5.391380737021e-06
5.79270035641688e-06
5.55028260230922e-06
5.99639655121705e-06
6.32088897148874e-06
5.47468950404341e-06
6.07257015044893e-06
6.11567307488102e-06
5.79323960066686e-06
5.67837987584933e-06
5.94938905855452e-06
6.06326784973051e-06
5.85001920262663e-06
6.28737427788648e-06
6.24626557133286e-06
6.19066824658054e-06
6.43768942452961e-06
6.24078127536116e-06
5.90733008980558e-06
5.4415480248267e-06
5.52826300982778e-06
5.42072623049629e-06
6.37315784015511e-06
6.22820136904025e-06
5.84174732428699e-06
5.54336764875517e-06
6.1124003012102e-06
6.02186078264291e-06
5.97510405719771e-06
6.11568479822726e-06
6.55444763861481e-06
5.29342954570835e-06
5.56079287363439e-06
5.43427851843672e-06
6.34150630655628e-06
5.49363825170498e-06
5.90080618289974e-06
5.24638380006481e-06
6.22505223452607e-06
5.47720707766664e-06
6.08606371515642e-06
5.19259782585707e-06
6.24252126041885e-06
5.34810713500688e-06
6.08284002307876e-06
5.5932534403229e-06
5.78182052003609e-06
6.33763271665582e-06
6.29427430025428e-06
5.76392534717654e-06
6.24286024656647e-06
6.38980470220375e-06
5.9811570003358e-06
5.57145129933552e-06
5.81546428754129e-06
5.62293919358395e-06
5.80376295813323e-06
6.03587180737463e-06
5.68872545876841e-06
5.5340721721312e-06
5.70568735455647e-06
5.76592767245967e-06
5.50378658526962e-06
5.97500325566765e-06
6.03348746497598e-06
5.48372463471515e-06
5.96427821049951e-06
6.07723591077318e-06
5.76649406558956e-06
6.03517947793699e-06
5.26364741601971e-06
5.98684935007515e-06
5.53806464327872e-06
5.71859559664565e-06
5.63965485454459e-06
5.92253724381986e-06
5.24119229074821e-06
6.20131058140791e-06
5.63164795902899e-06
6.08259569410637e-06
5.97276174287445e-06
6.41636671639156e-06
5.59406537237127e-06
6.95167348329932e-06
6.66001068661375e-06
5.98640027369803e-06
5.40542459931753e-06
6.1301852858066e-06
5.95928440253224e-06
5.49814726191004e-06
5.97016413449303e-06
5.91531523108191e-06
5.38789592475087e-06
5.66801478369932e-06
6.05149746762332e-06
5.67432975206139e-06
5.91860156843066e-06
5.49649277162708e-06
5.9128412075087e-06
6.04947592792224e-06
5.90649075200715e-06
5.45234608518023e-06
6.10500034416372e-06
6.36737976068506e-06
6.48979571893769e-06
6.05814587146796e-06
5.56107700071094e-06
5.36489284125928e-06
5.81848567539938e-06
5.70348863378435e-06
5.3964172639742e-06
6.53364566928731e-06
6.3587421183164e-06
5.78224487900634e-06
5.35777827346109e-06
5.54294342557383e-06
5.99930873440866e-06
6.00136809186391e-06
5.86452461272992e-06
5.42351045417235e-06
6.17724767085168e-06
5.61426877288771e-06
5.50945618381712e-06
5.81986834353688e-06
5.76092994570193e-06
5.41935137327623e-06
5.37616870163711e-06
6.57311097994511e-06
6.62344299482343e-06
5.79909763359656e-06
6.34630232973095e-06
5.63464715794583e-06
5.84196281151303e-06
5.54720297881871e-06
5.73002140607121e-06
5.62668768873452e-06
5.71363249344004e-06
5.62604841206059e-06
5.99478481014774e-06
6.16031564784434e-06
6.57376261261718e-06
5.41277051322926e-06
5.51441453878979e-06
6.103829046869e-06
5.60506229701237e-06
5.57839544848097e-06
6.70425609834087e-06
5.86165708354202e-06
5.69358462628059e-06
4.86827718708381e-06
6.12655240664932e-06
5.58534044129804e-06
5.92707677532756e-06
5.82647630393778e-06
5.75002029311309e-06
5.51128623566283e-06
5.90743440378046e-06
5.80421008520242e-06
5.64067426863999e-06
5.57862868993368e-06
6.23161716780675e-06
5.70928346296569e-06
5.86176826070194e-06
5.81922179360062e-06
5.98545581927827e-06
5.28839703415608e-06
5.50146107889632e-06
6.06952649866187e-06
6.16299010920695e-06
5.23799584711923e-06
5.85279435701888e-06
5.91587859004697e-06
6.39741759369984e-06
6.59336421806712e-06
5.40726012091378e-06
5.73315344913292e-06
5.69819845785986e-06
5.73803128618803e-06
5.64195003781467e-06
6.18155992126342e-06
5.5635894870213e-06
5.11435172802532e-06
5.91633261305554e-06
6.00796193312144e-06
5.72198076578058e-06
6.53075574662014e-06
5.62939994807341e-06
5.0661867708834e-06
5.77263635198816e-06
5.82497200104945e-06
5.86818820356462e-06
6.19093009671454e-06
5.65156868946704e-06
5.95078651721128e-06
5.3091835288083e-06
6.22595157345975e-06
5.65032103568017e-06
6.13974458349283e-06
6.83333568179146e-06
5.46290851923349e-06
5.37120242235634e-06
5.72914215636474e-06
6.29429385940757e-06
6.58347733972916e-06
5.70454049562753e-06
5.27983182728541e-06
5.50894030783667e-06
5.75945589291201e-06
5.80608844311997e-06
5.6516037242544e-06
5.62594185360259e-06
6.1971140244963e-06
5.5200777391018e-06
6.08004670257906e-06
5.30290756827489e-06
6.13080104892201e-06
5.55446643258351e-06
5.36521096822478e-06
6.02300643936864e-06
5.20305283355773e-06
5.83817664021348e-06
6.20170848052267e-06
5.42319152902621e-06
6.16720249313905e-06
5.78894995717432e-06
6.10337260499409e-06
5.50377162626009e-06
5.7617638864771e-06
5.61139746438371e-06
5.86657547042638e-06
6.37956020518176e-06
5.75781123864628e-06
5.90374471744806e-06
5.52701638873805e-06
6.37459954837891e-06
5.65129378807324e-06
6.35500201152579e-06
6.59776711814634e-06
6.1772571534399e-06
5.53951669680135e-06
5.64522628780882e-06
5.49774313741091e-06
6.06115736900203e-06
6.23692558538803e-06
6.86653520871521e-06
6.08799804227082e-06
5.66653041295992e-06
5.6106407535007e-06
5.62592321887186e-06
6.08672716269339e-06
5.60747713128209e-06
6.13043704134563e-06
5.97060036280752e-06
5.65071749214079e-06
5.47176571301255e-06
5.97555724290872e-06
5.73292811896546e-06
5.32434854814606e-06
5.43027889602899e-06
5.88961675991427e-06
5.27567709830034e-06
5.92129390409755e-06
6.43531066849219e-06
5.77067685828253e-06
6.3198001387764e-06
5.6397449129421e-06
5.50525973611105e-06
5.39051252019939e-06
6.37631686755045e-06
5.36258605916479e-06
5.97308075407659e-06
5.82616601385225e-06
6.27196828987965e-06
5.68886175595248e-06
5.59032247929934e-06
5.65984964237336e-06
5.76891554606239e-06
5.32508570291001e-06
5.47009534387538e-06
5.53004616204697e-06
6.02462656922487e-06
5.89061946487462e-06
5.65054795382641e-06
5.61112184558284e-06
6.67839696171693e-06
5.73514228532435e-06
5.81230643802661e-06
6.42860220444189e-06
5.95813346043987e-06
5.39574824901764e-06
5.7938584008525e-06
5.63296686395294e-06
5.53554855076389e-06
5.85192976855371e-06
6.41653247559158e-06
6.09476722797877e-06
5.60445200972772e-06
5.78879253511758e-06
5.52799457335085e-06
6.06869112450718e-06
6.29044446878786e-06
5.97721896046672e-06
5.59432422997837e-06
6.73959547957411e-06
6.10709858365416e-06
6.8311435941497e-06
5.77690380335039e-06
5.95200310815105e-06
5.79186208797238e-06
5.22539315105133e-06
6.18957648526719e-06
5.97773113154962e-06
6.11148401548097e-06
5.73495663927132e-06
6.29874172905552e-06
5.90036667849983e-06
5.97543442574393e-06
5.4150826253976e-06
5.33141849180706e-06
5.84127849510961e-06
5.56876190059704e-06
5.36273423945897e-06
6.29375228851864e-06
5.5727130042775e-06
6.19414883721902e-06
6.013731920647e-06
5.63357779485578e-06
5.89617791818862e-06
5.95943287123323e-06
6.39816594227025e-06
5.61712313973969e-06
5.33950744774608e-06
6.17474537119281e-06
5.3838516840336e-06
5.62659667333014e-06
5.60954800168381e-06
5.58584269120688e-06
5.51147900417527e-06
6.0598114309196e-06
5.62142948603993e-06
5.60629713107904e-06
6.53106440578156e-06
5.97803085245782e-06
5.96652514472454e-06
6.0904911967786e-06
5.75676957051516e-06
5.86239946546861e-06
5.65578918700518e-06
5.49321145173252e-06
5.99470046198215e-06
6.28526454744151e-06
5.58862223312116e-06
6.17616649272081e-06
5.66579509736157e-06
5.42806028065036e-06
6.38530406041173e-06
5.61123348294357e-06
5.89602406585045e-06
6.65958650225991e-06
6.01210379436033e-06
5.91532335575028e-06
5.64573257257581e-06
5.61860273821232e-06
5.8895902015814e-06
5.4451449615432e-06
5.58386086087968e-06
5.37309510348648e-06
5.77093188256854e-06
5.92428068268122e-06
5.71493017008912e-06
5.74917680726696e-06
5.79401249471633e-06
5.846529145632e-06
5.81891397598438e-06
5.97826074037066e-06
5.68495824864861e-06
5.56810083581207e-06
5.27618424612032e-06
6.26981189025778e-06
5.2678846388151e-06
5.71132091383764e-06
5.88232029873446e-06
5.73188250539085e-06
5.59608162350369e-06
5.45823331251483e-06
5.87867033019422e-06
5.86534286651135e-06
6.37168370310524e-06
6.35637761034108e-06
5.99517099956609e-06
5.86229276561303e-06
5.06597245884069e-06
5.76809674423031e-06
5.68787688073382e-06
5.50732600900887e-06
5.97267181734284e-06
5.70748353574709e-06
5.91597822033537e-06
5.73148206088468e-06
6.85358384896463e-06
5.52198950393726e-06
5.56151091730506e-06
5.68139228099107e-06
5.41584430421346e-06
5.70971354727224e-06
5.72452844399864e-06
5.53797033634972e-06
7.00327862865551e-06
6.11457076196155e-06
5.56314253422977e-06
6.03010461021705e-06
5.84215531918315e-06
5.70486858901556e-06
5.82324073874976e-06
5.97983789237243e-06
5.43175979434709e-06
6.03721033103322e-06
6.12848084292647e-06
6.58660531694611e-06
5.93350728079289e-06
5.843519163312e-06
5.54822237711674e-06
5.70993176417056e-06
6.8134286138986e-06
5.64396210604931e-06
5.85733023296703e-06
6.35915551575133e-06
6.20234654051229e-06
5.49358017050131e-06
5.86648388332998e-06
6.25688611193886e-06
5.8354893070218e-06
5.58040209945062e-06
7.23054996022101e-06
5.39964323322374e-06
5.84594373365431e-06
6.28311997552757e-06
6.26893629141656e-06
6.1237672580805e-06
6.40875135221872e-06
5.95936458364686e-06
5.42114433093481e-06
5.8054662560044e-06
6.97100674458495e-06
6.77596499254121e-06
5.52922280136151e-06
6.20324343776359e-06
5.38739217502298e-06
5.99767729180871e-06
5.27802114350675e-06
5.6290196452159e-06
6.57566356228991e-06
5.93825838030987e-06
5.55335946360776e-06
5.49284654766141e-06
6.29906900756033e-06
5.32829266321926e-06
5.78845966821473e-06
5.89064649502073e-06
6.55207835563509e-06
5.91696798677051e-06
6.23475432352117e-06
5.50144667659518e-06
5.47393925338419e-06
5.67890042455429e-06
5.56516331942874e-06
6.20588732216156e-06
5.76481471353364e-06
5.62719572242705e-06
6.07388476517086e-06
5.71134938371726e-06
5.61727839677859e-06
6.51743562864845e-06
6.01204441895241e-06
5.46372129862231e-06
6.37685066857282e-06
5.31084793815121e-06
5.83770370537177e-06
5.99287257575279e-06
5.53113795519046e-06
5.72159998435546e-06
6.36086822318836e-06
6.15019596601315e-06
6.30440960610498e-06
5.92699679305786e-06
6.14910223305888e-06
5.45167520232253e-06
5.7484340494051e-06
5.72085944811139e-06
6.61440039811304e-06
5.6372225653163e-06
5.71215524757718e-06
5.45878807253477e-06
6.21727223072862e-06
6.44074749206461e-06
5.39168608404028e-06
5.78811820292573e-06
5.74009175802653e-06
6.70355347614609e-06
5.40904746035829e-06
5.69938509761402e-06
5.02881711954399e-06
5.65197930835728e-06
5.73684524904793e-06
6.41104463416147e-06
5.35366438754688e-06
5.56205809452054e-06
5.56163969975824e-06
5.47258370469243e-06
5.4515070249891e-06
7.09212275438619e-06
5.8250388479348e-06
5.80483088991704e-06
5.67750629570337e-06
5.92865865539971e-06
6.68007156000662e-06
6.19568036153279e-06
5.64604634329314e-06
5.83218498644511e-06
6.42787886633875e-06
6.43678478276591e-06
5.82339752561034e-06
6.09880606868207e-06
5.59934440180672e-06
6.10376574905993e-06
5.85005234992434e-06
6.26360070088295e-06
5.77172619097474e-06
5.91874371046124e-06
5.68650974132279e-06
5.61810425083902e-06
6.7645986251945e-06
5.82843606575066e-06
5.53792849713888e-06
7.33401554778334e-06
5.83630402911568e-06
5.71463520604922e-06
6.08419722766984e-06
6.50096062356964e-06
6.12059274494457e-06
5.93149422233411e-06
5.49055613522242e-06
5.49779918640893e-06
6.11321791239141e-06
6.35201786542506e-06
6.38429641881261e-06
5.68408397687581e-06
5.78383720982634e-06
5.45584208181294e-06
5.58633566084274e-06
6.02125519413678e-06
5.95143010770305e-06
6.87301181160389e-06
6.51353250274863e-06
5.98076884556774e-06
6.06606849087389e-06
6.17904855196087e-06
6.06358246644174e-06
5.4711338678957e-06
6.14555581540083e-06
5.51273845896623e-06
6.64739853048532e-06
5.79388765247767e-06
5.87341925395692e-06
5.85074078473009e-06
5.60748586943993e-06
5.6557782134295e-06
5.81391240788752e-06
5.81784559168235e-06
5.73830151066583e-06
6.14851658291391e-06
5.53604128305856e-06
5.86342896528633e-06
6.04646078864841e-06
5.87566936024517e-06
6.06488650655505e-06
5.62526621417648e-06
5.66095016544723e-06
5.73895712735931e-06
5.68526462732071e-06
5.26269509934673e-06
5.80483979837303e-06
6.46188339144984e-06
5.68763791496617e-06
5.65719031817039e-06
5.27763563550003e-06
5.96737586941182e-06
5.94449587176698e-06
5.36551450242092e-06
6.60939263397777e-06
5.93183425182709e-06
5.58828657832874e-06
5.4081259178879e-06
5.66932700616903e-06
5.99611527209322e-06
6.23765916135705e-06
5.99841997001994e-06
5.96197318123746e-06
5.93985153368251e-06
5.7533385774632e-06
6.07555658186507e-06
6.00305042378683e-06
6.11756350507115e-06
6.02626702056023e-06
6.09702790035735e-06
7.05150437875977e-06
5.50225037650934e-06
5.68358513667563e-06
5.2086657660448e-06
5.60661626131884e-06
5.51168511307101e-06
5.27993518920712e-06
5.96127788314103e-06
5.59849314919088e-06
5.80866941477609e-06
5.46669907380081e-06
5.95151102051426e-06
5.93199753753838e-06
5.53684978500601e-06
5.59872951017075e-06
5.94612453192064e-06
6.88583729729811e-06
6.3057052724695e-06
5.70116038617201e-06
5.61317696550092e-06
5.82351768960147e-06
5.82049041172529e-06
6.23337356220364e-06
5.93470538487924e-06
6.73718054094221e-06
6.29373142612914e-06
5.70391222948322e-06
5.92913007355571e-06
5.67206708918792e-06
6.42121749907224e-06
5.9132317314462e-06
6.40741001241212e-06
6.39172174105438e-06
5.87695548248667e-06
5.93752538761847e-06
6.06411643268263e-06
5.71133316907792e-06
5.56104978755872e-06
5.62217956227953e-06
5.5428180186887e-06
5.80158919883459e-06
5.46666148986801e-06
5.83655148899217e-06
5.78657685444107e-06
5.88782091424555e-06
5.55877902482255e-06
5.85567763346386e-06
5.96020062902983e-06
5.47701551257672e-06
5.57508277675798e-06
5.93471951316493e-06
5.81204070993632e-06
5.84636269190849e-06
5.58482241912902e-06
7.07973156616412e-06
5.38417346263128e-06
5.82601633904001e-06
5.72824325193844e-06
5.91234784252809e-06
5.88725321087954e-06
5.19206706411413e-06
5.80644129484655e-06
5.69154991918946e-06
5.67457605993983e-06
5.54188236579243e-06
6.4764242705246e-06
5.83293351817669e-06
6.26305410801136e-06
5.90257876007089e-06
5.29870434267523e-06
5.94460991294276e-06
5.9489441725564e-06
6.35549096064169e-06
5.796864872428e-06
6.10091049927356e-06
5.80900683932435e-06
5.61388930897092e-06
6.05634189629244e-06
5.25132602046907e-06
5.65137997849805e-06
5.77276800716213e-06
6.08687948179357e-06
6.05384603756733e-06
5.82273001098002e-06
6.08866809413187e-06
6.37719935752423e-06
5.45328896888181e-06
5.81725119547262e-06
6.47136542276464e-06
6.23867578711921e-06
5.48558588764291e-06
6.76373277040968e-06
5.67005237402962e-06
5.87357883232254e-06
5.22210781619177e-06
5.90153623386102e-06
5.7258803393022e-06
5.8618673489166e-06
6.2431721707759e-06
6.041988338771e-06
6.82411816918827e-06
5.78640673446019e-06
5.81153374912746e-06
6.06555137552487e-06
6.7636014994806e-06
6.25286534556399e-06
5.85180746663747e-06
5.16490160780667e-06
6.22856727693609e-06
5.70126435477034e-06
5.95043303558795e-06
5.59590449665121e-06
5.60533263823585e-06
5.93001714797945e-06
5.63197905020197e-06
6.90345135128461e-06
5.90681314229488e-06
5.38877294136515e-06
6.38890137911834e-06
5.91127413062857e-06
6.2797398762734e-06
5.81037306447336e-06
5.71446405161179e-06
6.14635486366672e-06
5.5952171973523e-06
6.74054401419363e-06
5.73205735039921e-06
5.63353429549227e-06
6.18884840042149e-06
6.41735549186965e-06
5.72948625233687e-06
5.79028388015342e-06
5.90986454125107e-06
6.9625733358095e-06
5.76310892125206e-06
6.11854511669068e-06
5.67277190046464e-06
5.82187015048819e-06
5.64507582868334e-06
5.67990695479573e-06
5.21927314430851e-06
5.41270919397613e-06
5.36477557334803e-06
5.44778933212954e-06
6.16834150239976e-06
5.69915613770956e-06
5.52706854867424e-06
5.75559129525903e-06
5.75398036148107e-06
5.55526500156491e-06
5.61791296147236e-06
5.51675794028263e-06
6.4098959774038e-06
6.19310492881244e-06
6.45241553625756e-06
5.40758180192746e-06
5.40142862192077e-06
6.39840400654738e-06
5.453474771412e-06
5.735239402423e-06
5.64430781645844e-06
5.71337930622396e-06
5.8592943140091e-06
6.02437016958531e-06
6.24707804687519e-06
5.43571844112141e-06
6.68804921627917e-06
5.67349443951443e-06
5.38172445427202e-06
6.77727143413404e-06
5.73215797985201e-06
6.17725160405943e-06
6.77988122532497e-06
5.64246231452438e-06
6.46537434069946e-06
5.79499854055119e-06
5.71902383506179e-06
5.87478808310566e-06
5.38663956254826e-06
7.30778211415267e-06
5.37157519745874e-06
5.67204343705488e-06
5.78963201668802e-06
5.57031459761157e-06
6.14149563798443e-06
5.73836141177985e-06
5.96076366279482e-06
6.11035496348444e-06
5.76828388131038e-06
5.73271706987459e-06
5.67475874812294e-06
6.61340971473128e-06
6.71580960471301e-06
5.8595744811087e-06
6.56100574372628e-06
5.66349955177487e-06
5.48109992074854e-06
5.50502406447877e-06
5.24272943130506e-06
5.69963464396772e-06
5.45859759446382e-06
6.08435856427328e-06
5.81547708800246e-06
5.36635602248724e-06
5.69748582890548e-06
5.71415588177512e-06
6.33456934263747e-06
5.92654002105764e-06
5.29804057459251e-06
5.94944449748672e-06
5.58537259838959e-06
5.81093379431907e-06
5.6914511571265e-06
5.60486914337537e-06
5.73530656810939e-06
5.84352026136745e-06
5.74028934771287e-06
5.71235396502013e-06
5.48001788041635e-06
6.08290301309473e-06
5.75790599645163e-06
6.20284243002469e-06
5.09387197586808e-06
7.51447136450699e-06
5.8927516351365e-06
5.89366085153771e-06
5.62812350030849e-06
5.99717557730332e-06
6.59184906796921e-06
5.96046001808816e-06
5.55479948256455e-06
6.10656838095174e-06
5.61629125325567e-06
5.62697531093773e-06
5.05527108760171e-06
5.60802585052034e-06
5.84088845645385e-06
5.74070094029426e-06
6.00882733133827e-06
6.13877883600643e-06
5.48354448885549e-06
6.21051102857894e-06
