3.65184708954799e-187
1.99829420591937e-169
4.14788734333788e-191
1.06571742158961e-168
1.06362072004518e-206
1.69462321946961e-172
1.83789871367089e-204
3.44442890151592e-169
4.14309730634816e-203
4.0653697988051e-160
6.05837747050743e-208
5.10909511235391e-190
5.65420704423906e-201
3.52539592173476e-219
1.325731072101e-165
5.94800653341363e-173
3.49288179552634e-183
2.93689076873477e-157
2.52954348046644e-168
3.08226271876927e-161
1.29348359040674e-201
9.85901120034021e-162
1.69677966756501e-189
4.14825707330711e-201
8.55784545006092e-189
2.57308676714427e-196
4.25061906496932e-207
3.72036778414047e-216
3.80013876934785e-175
6.23473925909785e-179
1.0358250392475e-192
1.19305663578605e-190
3.88248696966956e-201
6.39030108219211e-187
5.28915218008735e-196
5.6835466045139e-200
4.88724504940489e-178
2.22790827755618e-188
1.01582057225228e-198
4.86073245376363e-203
2.79934043297617e-169
9.18702599910361e-165
1.21765164761404e-158
1.70042195755931e-195
5.55170451755935e-181
4.88321567021325e-195
3.3534269202039e-184
7.73602949682638e-203
1.76896415419001e-205
8.0679618461347e-214
2.58415446125399e-163
1.37743848278114e-175
5.08706923400462e-203
2.35312875896589e-154
2.87782046591814e-200
6.74196692433851e-203
2.41009514862245e-189
3.19318530175031e-185
1.09928358510208e-178
1.69611842425886e-191
1.13118921685493e-198
1.85218961006141e-205
4.05519621337046e-196
2.16113573116717e-150
6.5542434194848e-178
2.58275288950707e-171
1.99129667703147e-208
1.79848414684275e-189
1.67098612966171e-141
2.97051365646653e-205
2.15527610180997e-193
5.36714219387758e-193
5.74961487428222e-180
1.83883285502335e-141
7.36606649116101e-172
1.29405771826871e-193
7.6204607438161e-185
1.07631108724452e-179
5.05772212953843e-191
7.29736821383388e-210
3.82428920182968e-193
2.07671278565088e-210
3.14133426407013e-199
3.65995685635182e-173
2.29596956997013e-203
1.68125546723011e-194
6.57080992529497e-184
2.24920460650986e-190
3.01807349682719e-184
2.11819791267261e-165
3.71951258487396e-179
1.10058437103312e-181
1.04268620424804e-189
1.82021279080686e-193
1.1858372724669e-173
5.71769769463719e-202
7.78493833997963e-189
1.11201512970362e-168
4.55641541198134e-191
1.1926739247943e-197
7.65906002542812e-180
1.26657073247559e-187
1.75713140910392e-205
6.90572006385049e-206
7.08050942114806e-184
2.82719890952019e-194
3.17131737777959e-189
1.11808660404767e-193
6.12221686620787e-221
1.51709423703646e-211
4.76131740528916e-208
8.32129330004543e-200
3.51479927701225e-176
1.31404993405255e-175
1.01804174168258e-186
2.98268540884005e-187
2.58323446404334e-169
1.17027075643919e-199
1.32248430684475e-190
5.32846068203321e-193
1.01083713305173e-165
2.24077169984681e-168
1.65136087734993e-193
1.43767217371255e-197
8.94981496695174e-193
2.79526832770541e-195
8.484873634711e-203
1.28994615172945e-206
3.15487264145445e-208
2.23077779145733e-198
4.92833846068329e-188
7.35697149164943e-191
2.85632940932371e-194
6.27991848394279e-170
5.38194557713166e-199
1.29886878579082e-215
1.515984162644e-133
9.00613522576684e-169
6.49343336469515e-206
1.04281458249584e-167
1.74860953380007e-209
2.24760526268357e-196
2.0055467212282e-197
1.85472365484623e-217
3.31146183101614e-154
1.90195607813102e-155
6.546993391935e-188
1.74976990222786e-170
7.88660121407049e-168
4.49263068166382e-190
6.13207152579718e-202
7.16581332011424e-160
1.92236041616803e-160
1.4385732997686e-203
1.60760162703629e-186
7.20837958647215e-208
3.41820798704751e-176
3.41618203075089e-154
2.86927941861286e-210
3.07985456678122e-168
6.85538592080791e-188
1.66770778638511e-179
3.12887236238381e-191
1.01434746178722e-172
2.28620474549686e-187
7.9819090704417e-172
6.37456662637832e-177
6.79609554571163e-182
1.5121580961771e-173
1.41121149195269e-158
7.41510288583568e-161
1.25385822738015e-188
6.31341620236136e-198
2.43766159636455e-200
7.61809354684156e-196
7.80322103615694e-161
2.26105514954251e-176
3.00359504041298e-186
8.25299139105768e-202
1.30482748048991e-176
1.46898158885783e-171
1.78477786471326e-183
1.98571808223436e-163
2.6948852503432e-169
2.41998625195783e-206
1.52577165668703e-193
4.85373899356694e-204
1.33508969527722e-162
7.10103491100511e-206
1.9968601571113e-189
7.89748463114443e-205
2.21116317857069e-186
1.00107429570167e-198
2.81584783420672e-179
7.2664271257378e-216
6.8635571779349e-163
6.8258643044836e-195
7.03874069010646e-187
3.7529622647571e-203
4.3147988932539e-187
3.2568397887605e-161
9.78486695379588e-169
1.07714626473727e-198
1.83573815714641e-178
4.1216272619681e-157
1.01080383743892e-178
3.14295188407267e-198
6.87884970373636e-197
2.35836912334008e-198
1.15989280440953e-191
8.42171413956814e-179
3.35784672866406e-187
1.63189525259826e-202
4.15538141853819e-195
4.87242410751371e-182
2.54924295615016e-197
9.09014346943675e-192
8.66747108150892e-182
7.73620297622476e-191
1.62142100734941e-178
1.19585058214106e-173
6.04160506702003e-186
6.40387814380056e-176
1.53292299241994e-215
9.29261039504775e-187
2.55566677710964e-208
3.57639613069636e-192
1.55296873176907e-191
2.48203114250788e-199
5.57914927584314e-221
1.21514118539035e-164
7.91633882835771e-183
1.10778427312415e-176
1.03063058723196e-181
9.95678199271506e-173
1.65262677995222e-189
3.06675519949139e-136
1.39618820535688e-159
1.34846985056975e-182
7.15747267668285e-213
1.44845028699319e-167
9.48585778171511e-178
3.09508878321452e-203
1.39168309336888e-182
1.73161978270111e-176
1.02016682705255e-198
1.1942099264117e-184
2.70928162531861e-178
5.02513474618976e-200
1.94141381653184e-179
1.86938204896295e-202
9.64346911249956e-180
3.31081300024794e-184
4.58739879950096e-191
8.30904339624356e-197
1.43502033385538e-172
8.64780115235157e-178
2.91722272804711e-166
8.04553683268573e-185
1.50347416988339e-196
1.20721865882992e-193
5.98073758158788e-188
7.47481715382523e-197
1.15570856847105e-209
1.24937148260847e-159
2.49328686755046e-164
1.13425468718143e-201
3.90899625576742e-198
1.91121757774841e-205
2.38804853119996e-196
9.64817702457382e-186
1.02330236698233e-179
4.1941402933534e-192
1.31699722104105e-182
2.08298628881955e-210
1.42167023925174e-188
7.2226677399155e-192
5.0670973103286e-200
5.09480262873828e-199
6.75849242344381e-196
5.61777335413112e-160
1.63123842854469e-166
3.72986011668713e-194
2.31840857340168e-164
3.80694950422846e-200
2.6278018677036e-198
5.30121928903377e-203
3.33473317142712e-200
3.65640924616709e-195
3.40305844932184e-197
8.91168583092064e-201
1.52624567671614e-176
1.25265377169965e-171
4.85915791264011e-151
3.50417682641141e-194
5.64303728623663e-201
2.80055671416574e-176
4.14207742594695e-192
1.79495765759818e-207
3.8865126334323e-134
2.04702578875851e-190
9.31413605555737e-188
6.57517404870873e-228
4.39244624637078e-173
6.28976068170415e-186
2.12917713615478e-168
6.55272298950213e-182
2.13864755977722e-198
1.45466456776501e-213
4.3148211558107e-176
1.81318032192294e-195
8.98907711295928e-195
2.67409657324632e-193
3.59200433824938e-170
2.95680544899496e-186
4.67070700021561e-190
1.27480936991064e-185
8.40537900965392e-181
1.03954986204729e-202
2.79877611982465e-199
1.17012458685973e-183
1.16463808983109e-178
7.78434861576138e-216
2.15393082190554e-182
1.09358876677215e-180
5.82595267636826e-161
1.76212073986782e-160
1.24019207093414e-218
1.10555177560093e-186
1.4290365745336e-198
4.26320564930185e-171
1.64298526323659e-204
3.6805001993567e-175
1.82633870601481e-194
1.74471860189519e-211
7.30985052830472e-187
2.46951180164625e-180
8.62625716782625e-194
2.76187310751259e-176
1.07795548718446e-198
4.64422083580537e-211
3.40472552119233e-188
6.73879264492277e-195
1.3764400049251e-176
8.34591865163598e-168
3.23699704901932e-192
1.22046030712066e-177
1.10697225862503e-210
3.36559355559447e-158
5.70593437532158e-177
3.09396239453176e-179
6.6005574528855e-142
1.01313141592496e-204
2.3311173356268e-198
4.12078282672904e-186
5.10712969353583e-167
3.13414086900031e-145
8.61625611451675e-183
2.70635372763536e-206
2.35480128550232e-208
4.02991691712408e-187
3.20266142549673e-187
6.67548234836145e-191
8.27844217862007e-188
3.37935303058124e-171
2.14892925376841e-201
1.40863434337779e-166
1.05250160812151e-210
2.10673840914622e-178
2.06068273636191e-205
9.39747471913181e-207
4.72155972674287e-194
1.48662530697704e-220
5.11824824827336e-182
1.17440098410588e-182
1.63005414106911e-191
4.43512449984565e-168
7.27327704771883e-194
1.67848216339769e-186
9.05092143860832e-206
2.84329692540501e-193
3.90309858883036e-191
1.90333612686894e-178
6.9508853421062e-155
1.30491211176234e-182
1.30837179170552e-178
3.97194527863475e-185
3.59473348760024e-152
3.80908142611581e-201
4.18715346390121e-168
3.10123649973718e-149
6.1131841155792e-184
2.8456647111265e-207
3.06486401759597e-188
1.47944809556343e-206
6.20548082849389e-188
5.92252285556691e-168
9.01196916678488e-141
8.77431217552364e-165
2.42077228264877e-189
9.05920614468421e-192
1.14927033687682e-194
1.44193723603722e-176
3.39899158089139e-210
6.98631294561965e-166
9.33013520840176e-185
2.87392349594117e-200
6.12439633312036e-206
1.73687147107039e-174
5.04040536790196e-204
9.37460993417138e-206
1.55924878505501e-215
3.45579956086874e-186
1.01835908629971e-213
1.4185131768505e-193
3.65584952932629e-159
7.78002414883837e-191
1.5761112055538e-162
2.29626293494411e-190
7.36701863049306e-208
4.03883966649781e-211
1.33841402515534e-169
2.29917611919176e-198
1.77324011495333e-183
1.0813238656265e-191
1.68761411887712e-175
5.3021117912328e-188
1.09357987930237e-199
1.41223141849799e-184
4.12840273004092e-194
3.68384186154148e-221
8.75666548740837e-190
5.53608094671704e-196
1.94571981249254e-184
2.7406763076953e-191
2.92025700737789e-189
1.73058254603673e-198
1.34723342074244e-150
2.04771408326223e-184
3.6736837670881e-190
2.18332641214671e-173
4.00113613044835e-168
3.38811693872578e-210
5.64198393997611e-197
1.43396704379481e-185
1.66299738656089e-180
1.96177310193496e-189
5.27527447605132e-162
1.47206846637857e-171
2.41932945484033e-197
7.01784718879758e-198
1.30532281987838e-211
1.02693286040152e-167
3.64561459838707e-180
3.91538135236432e-182
1.04898944672676e-197
2.24284718289756e-145
2.01764980328992e-176
9.85545615517078e-160
3.28764167107074e-190
1.02384300245341e-187
1.6320747668439e-201
1.0497831559046e-220
5.17851456473884e-167
3.07796303270784e-185
2.01056424201172e-172
7.22633241397966e-197
9.47385288044807e-177
3.67720621099413e-185
1.13014571471727e-173
1.71805520914012e-209
9.7623798409663e-200
1.06970988826698e-186
9.79868797798865e-198
4.47370620325439e-196
2.24833040809902e-171
5.99039222053651e-200
2.11917196451792e-165
4.58456383820682e-171
7.46601529143443e-192
1.91969276494806e-178
2.6209847390524e-186
2.26872005515557e-172
3.31247144863844e-193
7.19304848654377e-209
5.45184316971223e-156
3.50021064428742e-220
1.23948017120932e-190
2.46638375623429e-194
1.21247352005709e-206
2.9450730409219e-198
5.72701648706803e-187
5.68789797601491e-195
4.40552297615809e-194
3.94529761599476e-157
2.37978520336878e-176
8.4795865486125e-196
1.40185236845297e-182
1.70403404134835e-189
5.16877502541597e-194
6.00373399156386e-195
4.14778472876467e-197
5.48510377136462e-173
6.93240461906116e-163
1.42590742809679e-202
4.01837984080552e-175
9.90759070847308e-184
3.26390041468456e-204
3.20116462130944e-163
1.39656451136422e-200
7.1512863634183e-190
6.59204394615704e-143
4.70059045245975e-189
2.7731145490971e-195
3.21666363163121e-202
6.85109296190006e-190
1.67084848918285e-182
4.00548291457102e-206
1.48342905261792e-196
1.25467814091126e-203
2.44096929063385e-194
1.11199047065352e-180
8.16544105658544e-192
4.75842477700947e-186
4.50211593593025e-185
9.04316203409948e-183
6.27665723412998e-198
2.61780260345356e-182
1.72589960736415e-188
4.79295259977368e-177
1.24353058685717e-207
1.75964206725256e-185
1.13317970118808e-216
3.46296211558419e-194
1.5771155535644e-193
3.77541722101176e-186
6.44242837363408e-206
9.48619909978595e-198
2.58356308096697e-190
1.3354221078489e-178
1.35144661536858e-172
3.10630188722498e-183
1.44237849140898e-184
2.0635518513079e-183
1.39680126794307e-218
3.1746484575545e-176
7.810767535741e-197
1.86554873920447e-194
1.36622173493948e-178
1.442170015163e-188
1.39447549663086e-177
9.56762149200085e-188
5.28605927852052e-134
1.2020062991256e-205
8.64160810619282e-208
1.66211886019625e-193
5.24376364670443e-198
6.32938402207982e-182
1.60234571367823e-184
4.27567901834799e-204
5.19432597567145e-141
5.81540244939898e-177
1.04864049462384e-200
4.54287335708031e-189
1.74228720658935e-180
2.80084914194365e-185
1.69283538637074e-187
1.17494129217288e-187
9.41768469925884e-198
4.06376970341065e-171
4.47221562846013e-166
6.9810540971533e-147
4.81559243129923e-181
3.78928070398409e-188
2.02688958412275e-199
1.0501357226717e-190
3.40354515825402e-141
4.73946885975889e-193
4.07597607830902e-183
9.82770928047316e-163
2.09822532390635e-179
7.30276678537257e-187
2.85336393269438e-184
3.48347345914882e-165
5.55147111080185e-185
9.473748547069e-198
2.00574414794245e-138
2.95086385250513e-201
1.22532624414714e-197
6.14820990155025e-153
1.21619149097381e-182
1.10358277966787e-172
8.82585050976124e-169
7.899259788176e-176
1.25129755796925e-191
5.26417921143721e-185
3.09421511715408e-138
6.58393717551189e-141
3.69498573362209e-203
2.04900598321541e-183
2.5704531669728e-212
1.35149084701702e-180
1.79320157841347e-195
1.89614579942232e-188
2.03034948891695e-144
2.94415226933975e-179
2.2758868607833e-186
2.37146122872348e-204
3.64123811313308e-171
2.55242392918575e-214
1.43226814452459e-201
5.0834328416174e-179
4.87112994643925e-150
7.98348316069438e-188
1.91918306419211e-168
2.77048928320056e-194
2.85738046824404e-205
5.77728149461371e-191
4.98273176917545e-203
1.23003528274548e-164
4.13250521624324e-185
3.02820907670311e-202
1.54632768505782e-177
2.3732883431114e-189
3.13706183275738e-200
2.67213426517037e-165
1.02627682775389e-179
1.98864634772927e-205
1.76280085026937e-152
7.63166755126339e-222
5.02307755294877e-183
4.31981373868693e-185
5.7192898190384e-191
2.92081239813549e-182
1.45169937421062e-150
2.62717744437455e-179
1.96331204618672e-158
1.93289925147252e-173
6.45470555041883e-157
4.65073048083644e-200
4.84938084410295e-202
3.2587504858862e-199
3.22067163311605e-158
7.74856561071793e-195
1.27221741624742e-188
1.20834817504261e-212
5.0279495075697e-177
1.31525371386664e-164
1.17719987262324e-208
1.30076081666913e-188
6.25367800588401e-189
2.89369934088407e-140
6.6623308717473e-203
9.78623566855795e-188
4.40139533241464e-228
1.75702855864505e-197
5.51417837355033e-171
1.20506432640982e-164
1.82348713130898e-203
3.09266360025496e-202
6.37269303126047e-201
3.47903618648881e-209
8.06849992127386e-216
2.20506909817506e-142
2.2577384396719e-192
6.6839180636415e-173
3.11427380822944e-192
4.95076951756039e-181
3.29641095235535e-151
3.78083317822907e-170
3.41512586040367e-197
1.50868627333738e-191
4.88224107833092e-153
1.09517985028957e-170
3.90129262702573e-188
5.22927595991298e-177
1.31036103847851e-193
8.73478242224317e-182
2.56682142760794e-188
5.37122291467747e-172
3.27734023579111e-194
1.1954985562319e-184
4.06561825268888e-195
5.45242569126528e-196
1.05677296437184e-145
1.07717457586521e-189
7.74773962482241e-198
3.4286848531225e-123
2.59129458808041e-192
4.5466736918659e-184
1.21811562595273e-179
1.14305761346142e-150
6.50410187674712e-186
5.620700661907e-176
4.5466521138642e-211
5.96218980108188e-193
1.87951691410059e-175
5.52695441375803e-165
4.3549682794887e-163
3.23966168522855e-192
1.48846699498264e-189
1.57295382674901e-194
2.50829069597816e-201
3.19372341012239e-180
6.24707402508605e-183
7.24886416795413e-125
8.83206739258501e-154
3.1210767483931e-170
8.46966697170239e-171
1.8946858793447e-175
1.60857903681604e-183
4.61105224326921e-200
3.76585612737782e-169
4.67115316381184e-200
2.63122671665955e-149
2.29297439117575e-191
2.22898250612084e-194
6.17925175096024e-181
1.58597041426804e-200
7.08676813220719e-196
1.22618304560027e-188
1.44947700651408e-187
2.13129700265226e-193
5.12565514219356e-166
5.28007325535489e-203
3.53178404563506e-196
4.6232836613617e-179
1.11281600196577e-181
7.94685539187299e-169
1.36997659688062e-199
1.34774975964718e-205
7.25598166917152e-189
3.10411230306769e-203
2.76368080192095e-214
8.76868476776787e-191
5.53716850287034e-165
4.53298030962806e-192
2.44127001256646e-189
2.46010553787655e-202
5.04455832609344e-181
2.40961737885821e-192
1.51122437242355e-200
2.40496382644342e-147
9.0781165139182e-181
4.19146498908413e-202
2.73680005886827e-209
4.10204754373901e-204
1.23818490734842e-173
6.73160913564104e-158
5.86627914128735e-181
2.32258148899665e-177
3.27709371191684e-178
1.21814271341309e-193
1.766888091335e-183
8.62037237865865e-176
2.51808062755656e-186
2.08696388248514e-169
1.00231502051379e-173
9.33358312265451e-148
2.02154651190453e-190
1.11684700277188e-195
1.89772666327068e-211
9.10255315748106e-189
2.45988543730417e-203
9.87228305543179e-201
2.74402263140765e-179
2.93575367119061e-193
6.88540536040532e-184
2.0680216630289e-204
2.59415594584163e-181
6.56562128529086e-183
3.2475732087443e-188
1.51130476184094e-188
7.85613009895069e-186
1.71832410850349e-149
3.54537595395103e-166
1.55910489141788e-189
3.08255010287244e-195
1.18636266857675e-184
1.67925368774412e-191
6.82306789016637e-178
1.17620030544627e-175
5.3261393640826e-157
3.75638327269441e-141
9.30567881330106e-192
2.01050223368254e-180
1.03925644660566e-188
1.90337895304755e-158
5.55586108456437e-186
4.17661213149798e-159
1.83358914313298e-167
8.98125883028838e-195
1.48138839734282e-168
2.66813192185107e-171
5.1734651838198e-187
2.72121238876215e-194
4.5032484311031e-190
1.6292191432002e-196
3.02707804781163e-181
3.28595631259237e-203
4.99339727965617e-185
2.20445431901516e-192
6.66750060449157e-179
1.79202970466421e-214
2.46561481619508e-185
9.12746775517247e-168
2.00860972698774e-208
2.28072439260084e-199
9.12523291162049e-182
5.86550002362256e-189
3.49223281565896e-191
2.14039308134335e-201
3.14472413636322e-140
2.33178994052102e-203
1.46925514573511e-186
2.09798575176828e-192
1.02622457899367e-194
3.73247595899654e-172
3.99016559501343e-214
1.28487747000704e-196
7.26433184807501e-186
4.23912579194031e-185
2.15708297609769e-187
8.59097395640226e-145
6.41668643374775e-196
6.43811306032884e-172
1.34011884794782e-192
7.97782339801562e-207
7.38821412824469e-183
2.16104683098039e-182
2.7217487590676e-164
1.68802901835981e-187
8.68667832517568e-169
1.28737294054417e-186
2.88059518408086e-192
4.4783272646971e-178
1.05467361564302e-214
5.82970029679452e-190
5.87344016555932e-180
1.35808797461052e-175
3.25190703028961e-176
4.70977740507092e-196
2.02167853439054e-171
4.00842021879579e-167
6.68760705323574e-195
8.50960650576927e-194
3.48002511014184e-160
1.89142925034815e-163
9.11874972026209e-198
4.36590999385081e-154
3.88549484950192e-197
1.50541014534647e-207
1.3598089372452e-204
8.9358060481326e-198
2.37990354174244e-182
3.11999486352758e-182
2.02134966890251e-167
8.89090932719565e-171
5.33249214087647e-145
8.93111899811511e-185
3.35954217563459e-180
5.99553798818669e-183
1.78402866243507e-154
1.15471489908856e-177
8.45866579854346e-199
2.08385876565815e-216
4.05473935301488e-181
7.43633108302008e-197
1.35096533414408e-192
6.50183144231009e-194
2.02691207903509e-191
1.55521704207021e-182
5.4493935338438e-181
2.21946800845271e-148
1.8453106971716e-183
1.68880932923127e-190
3.43286272101854e-156
2.31465442719888e-184
3.95074569169919e-158
1.25282802597375e-172
1.92313336885991e-189
4.61390868736346e-173
2.05450500224343e-188
2.99639212754163e-158
2.03929374063866e-198
8.2222912562992e-191
7.47010993630692e-180
1.32909905984439e-162
3.6752267186275e-194
1.35581424289866e-185
1.51872806066773e-178
2.57091084625523e-145
8.87391150529145e-200
1.27953271757441e-180
2.91725226420843e-189
9.53770949704912e-189
4.13745613702257e-187
2.77665775106814e-195
1.28071371616772e-212
2.92508180122135e-193
9.20603043258166e-207
4.66438344464696e-217
3.86405790872905e-178
1.98784203011405e-190
5.538574509013e-204
6.12010421547426e-182
1.12003428565939e-194
1.14722073608987e-200
4.27965325099121e-204
3.87500593596497e-194
3.49655323156259e-175
1.55911782805646e-161
4.38653325729999e-167
6.74177878637049e-200
1.45888785366693e-203
2.3379381102652e-164
2.42607035621826e-209
4.74301912671526e-193
1.72207540537582e-206
1.60868007579845e-180
8.04269626797962e-178
5.59764470986543e-178
1.34080774976051e-162
2.2175891321201e-204
3.32479601310176e-150
2.17157707660813e-177
3.70407048611906e-195
5.98300788330608e-158
4.348894327608e-196
5.71685969792692e-169
3.43605543747509e-146
2.08861992075502e-200
4.25290441441618e-155
2.79921377795445e-194
1.72755750552084e-187
6.71179251462353e-173
7.09935350750019e-205
2.72550481181308e-141
2.4191345248065e-203
3.7683870448115e-204
8.91748366566615e-190
2.99761275073502e-197
9.6195279407033e-169
2.32371205591484e-191
8.90626080548556e-182
8.04899601063691e-174
2.35958414980664e-198
1.36468127469763e-191
2.11600374228206e-194
3.54209182287638e-147
3.00238414798332e-154
3.66949913413236e-182
5.34925325313692e-160
5.12210902965573e-176
9.52676308131757e-206
3.42223722043151e-194
1.48540963794807e-218
3.49972070229329e-199
8.02851378276257e-191
7.01071067203916e-173
9.20512482600594e-179
9.11280859813494e-210
2.16699290820166e-186
3.57717281797862e-200
2.44606596411772e-177
1.61509389899904e-178
1.35821773585163e-203
3.98274052531967e-173
2.24903489655283e-200
2.15324598332262e-204
5.4237676863989e-206
4.59429133543047e-195
1.30703717019912e-196
3.47199156900517e-191
6.54016846537934e-193
2.04551457205738e-192
3.85266575730886e-198
2.17895433465971e-177
3.04074045565783e-172
6.27699929717333e-179
1.35054881843984e-211
3.82772286619521e-126
7.93364634065994e-180
6.85167347834801e-173
6.20263904593762e-194
1.62197295167967e-188
2.16201135585087e-151
1.0283522553352e-169
1.13246558999794e-195
1.26009379522612e-167
4.46020444954277e-199
1.21790032745175e-203
6.20004887531277e-224
6.39907777150017e-177
1.64920103351091e-185
8.76368139054285e-174
1.96338367783078e-180
6.20894738808064e-179
1.38349486211196e-201
1.00178145077691e-166
