3.9587158762218e-05
3.927657448139e-05
4.01543914597927e-05
4.07513934256401e-05
4.13168475344583e-05
3.76738822382454e-05
4.12397000192445e-05
4.06548326555551e-05
4.08739569386103e-05
4.03459481991804e-05
3.93520001952888e-05
4.23657315481405e-05
3.98972587228201e-05
4.19992166167176e-05
4.00464739647636e-05
4.05863305611077e-05
4.04005726381757e-05
3.85563879073629e-05
3.95989412919299e-05
4.0570294428903e-05
4.257568021454e-05
3.97360334198585e-05
3.93873523445055e-05
3.95889750732495e-05
4.05721054014213e-05
4.15972626069043e-05
4.08179735337001e-05
4.01878343158809e-05
3.9626009021882e-05
3.92146017509234e-05
4.04078405816856e-05
4.09746169927212e-05
3.94880735540525e-05
4.09384968307266e-05
3.96364726453704e-05
4.14311138442092e-05
3.91506764611308e-05
4.08420879017518e-05
3.92390973622969e-05
4.16539552307431e-05
3.85291976371144e-05
3.87551420206369e-05
3.98325864493613e-05
4.00598121080235e-05
4.0135973429352e-05
3.88044025592467e-05
4.05457936652444e-05
4.05744853652228e-05
4.10208724062816e-05
4.08945265652335e-05
3.94305544842207e-05
3.77717544863507e-05
3.96831901945097e-05
4.17015661653006e-05
4.02376031285254e-05
4.06456927602217e-05
4.13911812069259e-05
4.12050787086617e-05
4.0264674677378e-05
4.07125662238017e-05
4.01144945725387e-05
4.23518471938095e-05
4.08878243137343e-05
4.01226573428733e-05
3.93889412499693e-05
3.83801365755399e-05
4.10423871209546e-05
3.93633021526289e-05
3.97372220177141e-05
4.25847147966176e-05
4.0636151634525e-05
3.9952657387336e-05
4.07719763121024e-05
3.75859308163325e-05
4.1055228403517e-05
4.02942531770601e-05
3.98029451538316e-05
3.94681957054365e-05
4.2097313318913e-05
4.07028671708129e-05
4.16874705193174e-05
3.98146867364509e-05
4.19554677522482e-05
4.27719577151659e-05
4.13366975432224e-05
4.23167480832181e-05
3.85510086964245e-05
4.02809602990498e-05
4.18846093810099e-05
4.20355783640764e-05
3.82861499464463e-05
4.00347390399968e-05
4.04598383980667e-05
3.96376199920625e-05
3.88430557286824e-05
4.09423138477999e-05
3.9971964566224e-05
4.06446343916421e-05
4.07678372987553e-05
4.19898127774502e-05
3.85935576471185e-05
4.10868413624696e-05
4.08340638973567e-05
3.96550455804617e-05
4.23510284533018e-05
4.03208287371207e-05
4.18344613727178e-05
4.04758755276928e-05
4.31670320856835e-05
4.11247962083476e-05
4.09242410498898e-05
4.1358159805365e-05
4.09342123653529e-05
3.94330092173208e-05
4.08283331528888e-05
4.00992108712787e-05
3.96903038065461e-05
4.29381218727104e-05
4.0469398943109e-05
4.01558038314707e-05
3.9102722601405e-05
4.15683249235239e-05
4.04219664365915e-05
3.85894412520938e-05
3.98860175388958e-05
4.01863197892479e-05
4.05984767945212e-05
4.0767017717058e-05
4.30669849945061e-05
4.10856452981768e-05
4.12379057077061e-05
4.07006982190838e-05
4.04547180706905e-05
3.905207276413e-05
4.05877676466219e-05
4.05211495265278e-05
3.67900347452429e-05
3.75255291089824e-05
4.01114905636091e-05
4.01432478281106e-05
4.07934933400138e-05
3.96145442499367e-05
4.12827894149007e-05
4.20442684473821e-05
3.98667414098673e-05
4.10042588007691e-05
3.8210970494263e-05
3.85818898992681e-05
3.8195921391e-05
4.07828353877601e-05
4.12685818861649e-05
3.97499759339208e-05
3.97018784164512e-05
4.06594317502986e-05
4.02886135710388e-05
4.27523755795146e-05
4.15929538379166e-05
4.01300963084218e-05
4.14112533541381e-05
3.88135776248106e-05
4.14544569809635e-05
3.9994194807078e-05
4.03582749443655e-05
3.82141641514441e-05
4.27757346015147e-05
3.94048424146359e-05
4.03493478432329e-05
4.2744562008685e-05
3.97485837328908e-05
4.05462167957893e-05
4.05730113735436e-05
3.9922012280628e-05
4.04073218312296e-05
4.16982375206416e-05
4.00583760815868e-05
3.87220136302551e-05
4.01918904358477e-05
3.91706099653431e-05
4.02463997673337e-05
4.04901836399051e-05
3.97511104920292e-05
4.10448396704489e-05
3.78932335692767e-05
3.97384286613083e-05
4.01414513526066e-05
3.99019851408577e-05
4.22230257219748e-05
3.93107770425927e-05
4.16071316969167e-05
3.93988138238874e-05
4.02130477376281e-05
4.28539054633827e-05
4.03687933950109e-05
3.99558038962693e-05
4.07240360567706e-05
4.00728378402514e-05
3.85946111578817e-05
4.12115490686223e-05
4.18300470215999e-05
4.13150675113098e-05
3.97431879104348e-05
4.09684500406629e-05
4.22069711269375e-05
4.01423451885386e-05
3.90990942539444e-05
3.99561647346004e-05
4.17292334174103e-05
4.1237128003145e-05
4.04328220718766e-05
4.1822063578821e-05
3.98390233828111e-05
4.17356102001748e-05
4.25711686543996e-05
4.09229473409208e-05
4.03363854653716e-05
4.02918274856753e-05
4.10160349621723e-05
3.99855164902102e-05
3.91612274781768e-05
4.13554513760849e-05
4.00991396939371e-05
3.91956634527306e-05
4.02204470761022e-05
4.11919679104639e-05
4.1035805700782e-05
4.09109996329355e-05
4.03556201790754e-05
4.0924145843466e-05
4.19643383090755e-05
4.21070667500267e-05
3.79129628623311e-05
3.90591419907635e-05
3.93948942831183e-05
4.07237068486893e-05
3.90139750008103e-05
3.96760007110956e-05
3.87205772427228e-05
4.09820817267763e-05
4.2402718166328e-05
4.1292482715212e-05
3.76438243039212e-05
3.9398207181353e-05
4.07141002812043e-05
4.16049692604841e-05
4.10057691655891e-05
4.02567271512695e-05
4.06454033393558e-05
3.92383046297413e-05
4.14018179545731e-05
4.05046547937441e-05
4.02912334879992e-05
4.16326370300084e-05
4.13506503569728e-05
4.04864303717121e-05
3.99340201926032e-05
3.96800195589328e-05
4.11010867837983e-05
4.10564828678667e-05
4.0516069557886e-05
4.09667473783167e-05
3.83136080713311e-05
3.96528148146492e-05
4.15413672254948e-05
4.04874254014806e-05
3.87147396830979e-05
4.077543127551e-05
4.20983588112605e-05
4.06758220857294e-05
3.99357002045204e-05
4.1201349567749e-05
3.93881424205862e-05
3.95057702903115e-05
3.84903204221338e-05
4.15109567526689e-05
4.18042340479249e-05
3.84686819778726e-05
3.98341765786029e-05
4.2257612994817e-05
4.11730605747493e-05
4.04375626915781e-05
3.93255012178831e-05
4.139029374775e-05
4.31957013295397e-05
4.21855297431869e-05
4.20193671865057e-05
4.13608054869296e-05
4.10557344395664e-05
4.16779884076858e-05
4.0416513481833e-05
4.12773289330072e-05
4.12283403601755e-05
4.0055557482821e-05
4.00900418966761e-05
3.91187266249706e-05
4.15323317502097e-05
4.01891528765818e-05
4.05307914795713e-05
4.06598453080286e-05
4.18140452639326e-05
3.73623960046367e-05
4.10221649049706e-05
4.06397436457496e-05
4.07946904742106e-05
3.99472112363663e-05
3.96116925707583e-05
3.80629285959531e-05
4.12120055273255e-05
4.1041589969412e-05
4.00756098624288e-05
3.95565152791206e-05
4.07604581538712e-05
3.83229242007638e-05
4.02570360659327e-05
3.86869811832922e-05
4.10759478123654e-05
3.90550208025986e-05
4.16739074773957e-05
4.18335802378288e-05
4.12858675560344e-05
4.08865906911701e-05
4.21819795377863e-05
4.00915006220827e-05
4.23932238689426e-05
3.88884786548022e-05
4.0120663181944e-05
3.94577409597587e-05
4.13414421481662e-05
4.08001304393108e-05
4.0459922161803e-05
4.03907580007354e-05
3.94709256293275e-05
3.96774094376005e-05
4.02997327464868e-05
3.88594327749688e-05
4.06935749982465e-05
4.12647781972979e-05
3.95187763130546e-05
4.19356907944001e-05
4.15883621593803e-05
4.15697672144457e-05
3.94736915269815e-05
4.16359023296248e-05
4.15828427721336e-05
4.09018202153418e-05
4.11243257139791e-05
4.12444902123796e-05
3.86740656844418e-05
4.22001406835634e-05
3.88313869586782e-05
3.78707631708961e-05
3.94606128221218e-05
3.82569979736048e-05
4.00932164271539e-05
4.21328340866626e-05
3.96363834592016e-05
4.01656615323563e-05
3.87261368097577e-05
3.90439812054873e-05
3.97894732749099e-05
4.20283632133913e-05
4.20314646051639e-05
4.00609826047566e-05
4.07213031448817e-05
3.94633171327949e-05
4.11234353183857e-05
4.11618973840986e-05
3.94032730957591e-05
4.06737422960703e-05
4.10694145123414e-05
4.0502680004778e-05
4.06627198302821e-05
4.13931862701025e-05
4.12158236175844e-05
3.89594961033275e-05
4.03009955660428e-05
4.00166735689626e-05
3.98940528502276e-05
4.03648556627167e-05
4.04523638637496e-05
4.12885541726699e-05
3.96544544326499e-05
3.99067128775795e-05
4.13541933515533e-05
3.86015282365512e-05
3.93653571844208e-05
4.10122085902342e-05
3.93517832821949e-05
3.73482875727624e-05
4.1445038692587e-05
4.02811164906231e-05
3.82021737104523e-05
4.12137702714586e-05
4.22679817503415e-05
3.9267388462284e-05
4.15189274401947e-05
4.0488153549405e-05
3.9648841096575e-05
3.94759665018617e-05
3.97042843738654e-05
4.0505672586186e-05
4.01436787580738e-05
3.92999624743227e-05
3.97361238790732e-05
4.12960140292983e-05
3.87552932784537e-05
4.1624033284888e-05
4.07014412352716e-05
4.08767003714844e-05
3.8547937717274e-05
4.17921156288693e-05
4.19924259696774e-05
4.25125579221992e-05
4.10264307740376e-05
4.20716731207179e-05
4.01547274038795e-05
3.97227409287481e-05
4.05830526507514e-05
3.97772429420115e-05
3.92635200844282e-05
4.11229323980402e-05
4.13386057919153e-05
4.16506085910204e-05
4.05212327070411e-05
3.98447828372163e-05
4.1579159878589e-05
4.02428819943442e-05
4.0047161747612e-05
4.13440677302326e-05
3.82494263256326e-05
4.19374065662409e-05
4.13975740249996e-05
3.88266953206251e-05
4.057519210301e-05
4.03712670995069e-05
4.06355166209256e-05
4.0095166072022e-05
3.99765564819573e-05
3.89963851967295e-05
3.99531596892442e-05
4.07961344999902e-05
4.22244639063179e-05
3.91478734334674e-05
4.07790434694994e-05
4.11935307553379e-05
3.9583724722331e-05
4.02194640979058e-05
4.05127376672387e-05
4.15385051367232e-05
3.92610890662198e-05
3.96360313515833e-05
4.06882489347484e-05
4.0134668013441e-05
3.98855316389932e-05
4.0450005091357e-05
4.09060941439291e-05
4.21376380330311e-05
3.95540798709911e-05
4.07945221979035e-05
4.10462142922536e-05
4.04359870261664e-05
3.87587727465121e-05
4.1845423575094e-05
4.18599016404852e-05
3.93448536559203e-05
4.05859134828794e-05
3.90908830988563e-05
4.21794155231825e-05
4.22032629054381e-05
4.02970151993154e-05
4.01152529263622e-05
3.95765541206155e-05
4.05564161100779e-05
3.95159131543184e-05
4.01201718719771e-05
4.05414102065211e-05
3.98501306368929e-05
4.08322672080902e-05
3.8294837421902e-05
3.88799864368773e-05
3.912134828484e-05
4.01750668480011e-05
4.04175622765164e-05
4.06872332460316e-05
3.97578063792156e-05
4.07560077164588e-05
3.86982419714916e-05
4.16001772311648e-05
3.92900063804883e-05
4.03236285173449e-05
4.0602158641716e-05
3.88480541933603e-05
4.18910884873917e-05
4.04955397610554e-05
4.17145551596969e-05
4.05067735794807e-05
3.95769022968194e-05
4.1037284933996e-05
4.13902266311989e-05
4.04232812436178e-05
4.09927160033721e-05
3.89724965252108e-05
4.03518425612282e-05
3.95906064659803e-05
3.99890968508861e-05
4.05075003424303e-05
4.01117686966701e-05
3.90577382527754e-05
3.98523981389783e-05
4.0169226725168e-05
4.16303186578012e-05
4.04298171941781e-05
3.90151771147207e-05
4.09939058649402e-05
4.18996281712696e-05
3.92742776067588e-05
4.0184663054471e-05
3.94066055919735e-05
4.05159009713103e-05
4.08347857482386e-05
4.04143187799211e-05
4.1065828291727e-05
4.11443117188415e-05
4.02859973793202e-05
4.0917811683296e-05
3.94512209068254e-05
4.02076377072525e-05
4.20978639506951e-05
4.06199625534578e-05
4.14808593277325e-05
3.93084914168915e-05
4.11956794456353e-05
4.1122994551727e-05
4.0812706491998e-05
4.00035322480797e-05
4.15653759084501e-05
4.01129187781606e-05
4.08189096144134e-05
4.00791641552917e-05
4.08637944923466e-05
3.87574411887345e-05
4.04790281866645e-05
4.24101456931232e-05
4.0429745558042e-05
4.10145982489601e-05
4.1714041614288e-05
3.84138192691544e-05
4.126379443101e-05
4.09424009319051e-05
3.98946850450545e-05
4.16489930157992e-05
4.0514218217578e-05
3.90919067555841e-05
3.65022808765759e-05
3.96295458795325e-05
4.12536302004764e-05
3.9481809965378e-05
4.09084115572129e-05
4.03047468724303e-05
3.90591146032838e-05
4.19685775650711e-05
3.8500665790744e-05
4.15475328625073e-05
4.11245322547749e-05
3.98503788108272e-05
3.99135975056245e-05
4.01731619564105e-05
3.98107301998597e-05
4.04054586328578e-05
4.09549282893315e-05
3.93979633258546e-05
4.03065159985982e-05
3.94330598582242e-05
4.09964749277528e-05
3.95213996679624e-05
4.03974710253656e-05
4.06242660582255e-05
3.83434894454427e-05
4.15968699803338e-05
3.99017723225722e-05
4.12611775269727e-05
4.05448574979036e-05
4.07559882434112e-05
4.10945263291295e-05
3.96325574272557e-05
3.93657111348142e-05
4.12327513948426e-05
3.9452914152869e-05
4.06453013553954e-05
4.19508541321326e-05
3.87355702076676e-05
4.16782076237938e-05
4.14118615263883e-05
4.12788859393505e-05
4.01028042368631e-05
4.01809418358479e-05
3.98536085888991e-05
3.85485838383045e-05
3.80625929581812e-05
3.92454292990189e-05
4.09471329826039e-05
4.1143073658793e-05
3.99118545306132e-05
4.01069681853658e-05
3.9503356533647e-05
3.89344923785069e-05
3.89768817200042e-05
3.85056492830184e-05
4.15410878688836e-05
3.9183924106238e-05
4.25972598952822e-05
4.20368101961835e-05
4.00517251445282e-05
3.88971000885649e-05
4.00185754293884e-05
4.00623414470822e-05
3.97077241487135e-05
4.09308072453127e-05
4.10264313269897e-05
4.09646987550552e-05
4.1136992460281e-05
4.03669471008083e-05
4.16952490802696e-05
4.04678011716322e-05
3.99667805383087e-05
4.09773804358875e-05
4.05704783219468e-05
4.0969166512743e-05
3.93233111414167e-05
3.90640986878378e-05
4.23297156170484e-05
4.09591558077467e-05
4.07342173902339e-05
3.96642760773975e-05
3.92668666814504e-05
3.88247101658373e-05
3.96685835989795e-05
3.94668592392148e-05
3.98387709132558e-05
3.84700929694104e-05
4.02763542547864e-05
4.15793313211843e-05
4.01279634984292e-05
4.1221336955642e-05
4.08339337034217e-05
4.01114012692181e-05
4.1541394344271e-05
4.00384583118242e-05
4.0500315980537e-05
3.93078389232697e-05
4.03813017570661e-05
4.18041385159332e-05
3.63554386555205e-05
4.23116300314115e-05
3.97392196328662e-05
4.18089236721482e-05
4.1428675828482e-05
3.92439533879193e-05
4.06965181091191e-05
4.04059188013382e-05
3.99270700602134e-05
4.00057588733435e-05
4.16344464954918e-05
4.211421103035e-05
3.98332884791817e-05
4.11253163280586e-05
3.83976562150734e-05
4.06933778685783e-05
4.03770152745996e-05
4.01714344396286e-05
3.99466500551858e-05
4.0028401758983e-05
3.93954388733082e-05
4.04724495988089e-05
4.01775925522613e-05
4.0544585589778e-05
4.07833224785157e-05
4.04635696805806e-05
4.03562618559951e-05
3.98277831100784e-05
4.13366366348838e-05
4.00189757784121e-05
4.05490543787879e-05
4.07328392120248e-05
4.08514656699053e-05
3.84452706734706e-05
4.00310285698698e-05
4.09544335800958e-05
3.71923061823388e-05
4.14763302305107e-05
3.85947764117545e-05
4.06921062724554e-05
3.75870728297997e-05
4.15038294303494e-05
3.8358212425286e-05
4.14559380061774e-05
4.16074827087981e-05
4.1516203235143e-05
4.04432135168885e-05
4.04303561362914e-05
4.18758670690492e-05
4.09994477968949e-05
4.04553177205e-05
4.17621997530316e-05
4.01583111451297e-05
4.04838156191601e-05
3.68735484822018e-05
3.82776121759852e-05
3.94379844936852e-05
3.86793508609375e-05
3.91907707562717e-05
4.07272513980113e-05
4.12891580830251e-05
3.93401614473311e-05
4.10894319101287e-05
4.02423859588557e-05
4.09543096514449e-05
4.01523071128955e-05
3.97754427660464e-05
3.99312162929378e-05
4.03393751672742e-05
4.04805391931297e-05
3.96469360661262e-05
4.19237508598631e-05
3.85832026075456e-05
4.11698693455889e-05
4.06176242229283e-05
4.04076380505395e-05
4.07911718684718e-05
3.84267781039256e-05
4.02723075933337e-05
4.08489941266796e-05
4.10848065502723e-05
4.11974039672389e-05
4.06823421398044e-05
4.04307790923444e-05
4.12361529768914e-05
4.09719845177989e-05
3.99011833935353e-05
4.21979138561892e-05
3.91420360478601e-05
4.26315565094896e-05
3.98243408307186e-05
3.89124456509248e-05
4.07028627376684e-05
4.00860648184012e-05
4.2399567963075e-05
4.09043898743417e-05
4.00924803898248e-05
3.90824424279964e-05
4.02811509525345e-05
4.0760308318892e-05
3.86443177048855e-05
3.88484685977765e-05
4.04610141673519e-05
3.99959174329244e-05
4.04055232141114e-05
3.75804516875843e-05
3.93502605077643e-05
3.87606516114361e-05
3.94941763796323e-05
4.0692792500848e-05
4.11676101457662e-05
3.94689563187161e-05
4.20900469301391e-05
3.98607957807576e-05
4.03653726956543e-05
4.01642996391581e-05
4.04357017153563e-05
4.09706125014586e-05
3.96012261166601e-05
4.10173984474235e-05
3.96675051333513e-05
3.99682701458236e-05
4.03174178037505e-05
3.87945698462119e-05
4.05647982282052e-05
3.898532555027e-05
4.07179462948746e-05
3.93617879474421e-05
4.07560475516922e-05
3.97617265619686e-05
3.96521849134458e-05
4.03210028061316e-05
3.46076804243075e-05
4.06472703319845e-05
3.94571953864564e-05
4.1311962485887e-05
3.97357527538415e-05
4.04640028245789e-05
3.93068116256605e-05
3.90994665073893e-05
4.06427054634632e-05
3.86084210788406e-05
4.01185535011217e-05
4.00554523100946e-05
3.96183319518305e-05
4.06158811271199e-05
3.95163867884713e-05
4.04145411755562e-05
4.1467304114765e-05
4.06447746237326e-05
4.05206562719126e-05
3.7312741310834e-05
4.18373008834803e-05
4.05991842023621e-05
3.71665413339694e-05
4.04057326586915e-05
4.0751651839077e-05
4.20501875116331e-05
3.93113953253043e-05
4.04526848280697e-05
4.02574288338724e-05
4.13066202342463e-05
4.01037574474654e-05
4.05440156719156e-05
4.04606599240111e-05
4.1420738143515e-05
3.95467603164613e-05
4.18688488443851e-05
4.03038840212038e-05
3.89776996560725e-05
4.03874699085752e-05
3.97994886224446e-05
3.82061275539044e-05
4.02318037567564e-05
4.00425087441219e-05
4.00604121971534e-05
4.18372109370842e-05
4.07765633189797e-05
4.08177851422297e-05
4.13487242638484e-05
4.00631796290834e-05
3.92741260655341e-05
4.06488435381035e-05
4.13970225138772e-05
4.03444164880854e-05
4.12905968274788e-05
3.99447683142675e-05
4.09884638435638e-05
3.98851127761259e-05
4.11032068239541e-05
4.17871180779823e-05
3.91720210014579e-05
4.03757599294049e-05
4.03052861827539e-05
4.08711122150768e-05
3.9199194750199e-05
4.06510412780376e-05
3.97672405317228e-05
3.98229272325933e-05
3.99728685262207e-05
4.38377169548737e-05
4.01954360854191e-05
4.25448793411925e-05
3.95440181118383e-05
4.08207527578858e-05
3.98841275646372e-05
3.88740272374424e-05
3.77764840614252e-05
3.86565766174487e-05
4.06279105608136e-05
4.18879340478704e-05
4.00826679721712e-05
4.07635114033241e-05
4.10837676673656e-05
4.04630948453946e-05
4.08658725520662e-05
4.12032278623273e-05
4.27740526372158e-05
4.05834532198397e-05
3.92331028277272e-05
3.85696412738263e-05
3.98770348285288e-05
3.79243473951486e-05
4.03915921097002e-05
3.83234845381337e-05
3.86802533887643e-05
3.99234227583992e-05
3.91574693924864e-05
3.9630671298968e-05
4.0381445308681e-05
4.07120119554865e-05
4.07628357397306e-05
3.94850665245003e-05
4.14202368240672e-05
4.06042594254983e-05
4.25282710004171e-05
3.91881373503585e-05
3.96782893829319e-05
3.92960792898868e-05
4.05772609991995e-05
3.87887686568334e-05
4.28659352734998e-05
4.18904873899064e-05
4.11132444881651e-05
4.15400476720761e-05
4.01783649445039e-05
3.91257744008512e-05
4.15867965171323e-05
3.9493096320862e-05
4.14021789935861e-05
4.23708981428532e-05
4.0281537583549e-05
3.98031292622874e-05
4.10736605558999e-05
3.92286771550969e-05
4.0642598577513e-05
4.15959629924493e-05
4.17391854530226e-05
4.0074669299419e-05
4.02805104568534e-05
3.89677606214326e-05
4.0694872586176e-05
3.89360748828557e-05
3.95778135805055e-05
3.97238299448742e-05
4.11357253148782e-05
4.08492229122592e-05
4.15673626769895e-05
3.94398075832874e-05
3.95819534277634e-05
3.94797718650738e-05
3.75722112004076e-05
4.01071999892965e-05
3.9207078626437e-05
3.94231544761073e-05
3.9127093787884e-05
4.05917775448004e-05
4.07528822116258e-05
3.92168807065414e-05
3.93336907002773e-05
4.05566687950112e-05
3.88872190196143e-05
4.09329723307809e-05
4.01558516370575e-05
3.92190936445835e-05
4.09975638228059e-05
4.00795678475543e-05
4.07337239354935e-05
4.05281020135227e-05
3.9560591828897e-05
4.08290025275776e-05
4.0690772631893e-05
4.04422362591661e-05
3.94996333416244e-05
4.13323550309085e-05
4.21102787305252e-05
4.00014940283947e-05
4.00495532422566e-05
3.89814874165532e-05
3.97316009181703e-05
4.14628869673002e-05
3.79406334624294e-05
3.9511548437811e-05
4.1939786592729e-05
3.89115236145151e-05
4.00220144259796e-05
4.01517336288041e-05
3.88658973173017e-05
3.97361976163991e-05
4.05165645833337e-05
4.20123622896991e-05
3.97020217594325e-05
4.0653130617976e-05
4.15957318067011e-05
4.06643691772658e-05
4.01955288612857e-05
3.95912108010264e-05
4.03880451800365e-05
4.17882290813284e-05
4.09487531144036e-05
3.96435812451694e-05
4.13516965722912e-05
4.02883645096735e-05
4.10239386326622e-05
4.02126612237803e-05
4.17244016195551e-05
4.02075359621764e-05
3.87971176478579e-05
4.1607928351503e-05
4.17700325890612e-05
3.91021979744243e-05
3.86162504402423e-05
4.01671203715597e-05
4.15651856092221e-05
4.04551918191521e-05
3.9226875516142e-05
3.9563139846032e-05
4.15361623921523e-05
3.99670070339591e-05
4.03541552494661e-05
4.15666307710527e-05
4.19540308260815e-05
3.88701498146707e-05
4.00393501762461e-05
3.96396411334857e-05
4.05623277166325e-05
4.10633208549818e-05
4.00498494208364e-05
4.07825172226968e-05
