2.44815926112301e-05
2.464125351519e-05
2.26881164267038e-05
2.42564213635472e-05
2.37470739536003e-05
2.36014273909188e-05
2.33892084951931e-05
2.27302981501658e-05
2.25898979584326e-05
2.45109860087071e-05
2.54354946322544e-05
2.38676933215954e-05
2.32406134943923e-05
2.34054159725597e-05
2.1524034293698e-05
2.3930993099408e-05
2.40221864827033e-05
2.30587797333704e-05
2.51112747211303e-05
2.52521724737854e-05
2.47341905927054e-05
2.5658649496778e-05
2.40869102504515e-05
2.31544446456485e-05
2.56138743394111e-05
2.40973214177352e-05
2.6132675998651e-05
2.41532144920813e-05
2.39502627738714e-05
2.87963699251505e-05
2.278986779909e-05
2.31133632865484e-05
2.46869485124044e-05
2.22120383876366e-05
2.29888343015066e-05
2.26423332261654e-05
2.36388280556197e-05
2.41950070985738e-05
2.55120928397037e-05
2.52399897339796e-05
2.56985421359868e-05
2.10959352954652e-05
2.61816430814649e-05
2.37716784327296e-05
2.40648020629153e-05
2.50078351802723e-05
2.45484226256226e-05
2.38599312812122e-05
2.36310504829372e-05
2.29773330414881e-05
2.48580362925322e-05
2.26553992565057e-05
2.3735217242642e-05
2.3152145332275e-05
2.39871371253171e-05
2.52806151926954e-05
2.25846235264137e-05
2.52921487544891e-05
2.22015802581499e-05
2.32547035899758e-05
2.39531124006652e-05
2.42595257515232e-05
2.3985050180874e-05
2.44192966468497e-05
2.31890555319072e-05
2.46120412548145e-05
2.41111993498564e-05
2.33809560229138e-05
2.31615383051511e-05
2.43866502338198e-05
2.43708190407974e-05
2.38397265852251e-05
2.56503843421635e-05
2.28845399895189e-05
2.10494152362205e-05
2.53549091030377e-05
2.60816235358792e-05
2.48110434661105e-05
2.2115349886042e-05
2.42907721201803e-05
2.3636972180224e-05
2.50761120703173e-05
2.62380176646272e-05
2.41791023712642e-05
2.31279653973291e-05
2.19360715990838e-05
2.47217574819669e-05
2.40346948387499e-05
2.15772706044357e-05
2.35326881486099e-05
2.33653958119466e-05
2.59500234984561e-05
2.22679969768531e-05
2.27232391751044e-05
2.15918182821207e-05
2.27504381124363e-05
2.32134150006259e-05
2.24291781412279e-05
2.50283911827663e-05
2.37197726101664e-05
2.40607100111508e-05
2.49161766388629e-05
2.52515015977379e-05
2.33012590809879e-05
2.16471117371149e-05
2.36947352419317e-05
2.81475707623946e-05
2.74205520488349e-05
2.13112178557155e-05
2.55692456103831e-05
2.48591710774263e-05
2.43810475835304e-05
2.56103558880999e-05
2.0757178140963e-05
2.3403321173056e-05
2.59102827437016e-05
2.49719033421008e-05
2.47974224432689e-05
2.35597647971131e-05
2.34631929721166e-05
2.29515604996508e-05
2.42864148664325e-05
2.25419528518666e-05
2.44494816994704e-05
2.63150733239281e-05
2.30517434477217e-05
2.26058363209111e-05
2.26564495356708e-05
2.58546865405921e-05
2.40478422615126e-05
2.38043866737315e-05
2.37263384246099e-05
2.64594484068185e-05
2.58464492903764e-05
2.50486603101482e-05
2.34026934281563e-05
2.47785810481592e-05
2.28218798037317e-05
2.44598058111407e-05
2.29937654126469e-05
2.22866365539132e-05
2.39419951739085e-05
2.36736780592187e-05
2.25506535241761e-05
2.37312767945082e-05
2.44120034971653e-05
2.6430744120674e-05
2.33318501949444e-05
2.29812590529184e-05
2.63288093133087e-05
2.39663364693893e-05
2.28485308686636e-05
2.42514456233284e-05
2.42440676413261e-05
2.35308623160021e-05
2.53226591162522e-05
2.6571291385243e-05
2.3187563218412e-05
2.43315522221239e-05
2.40728246730409e-05
2.44823277375059e-05
2.15092912676389e-05
2.46310643566855e-05
2.64879024058489e-05
2.1758230444394e-05
2.5201422017352e-05
2.30234563457458e-05
2.42974657545119e-05
2.34468008956016e-05
2.62438915732512e-05
2.48817363027062e-05
2.3440760584112e-05
2.58056329516369e-05
2.51442451229932e-05
2.37049514900375e-05
2.45791512966443e-05
2.26790757814577e-05
2.43895478514786e-05
2.4862155784662e-05
2.61579594491677e-05
2.43433504929209e-05
2.46968137092961e-05
2.49879891072918e-05
2.56842680828194e-05
2.48252260472241e-05
2.55832935869052e-05
2.29934459332373e-05
2.3667118605073e-05
2.34811897113296e-05
2.28131803341836e-05
2.40182893386082e-05
2.34392682151085e-05
2.26260142890781e-05
2.30498969059085e-05
2.51535788804252e-05
2.20932296166543e-05
2.58811146052985e-05
2.46035066872906e-05
2.42019549712582e-05
2.53378757284832e-05
2.28655693344219e-05
2.45724310320959e-05
2.36650134152351e-05
2.21178935389807e-05
2.45152603673102e-05
2.46993586328899e-05
2.45218289971703e-05
2.23794953569362e-05
2.3358617171438e-05
2.28775170298348e-05
2.2490229254863e-05
2.65221658894675e-05
2.20314451242311e-05
2.21078423508604e-05
2.35415055559628e-05
2.36646549897835e-05
2.40374317863463e-05
2.40974873917774e-05
2.18365406351179e-05
2.25134018317124e-05
2.3365278913313e-05
2.67912924906329e-05
2.34038558815533e-05
2.51142381739691e-05
2.31931612358313e-05
2.41051766866111e-05
2.58596258728398e-05
2.33965399683674e-05
2.55799605434893e-05
2.21861172636022e-05
2.38859617225705e-05
2.14589533386132e-05
2.52206228046653e-05
2.6595340072323e-05
2.57036502653334e-05
2.36144694623839e-05
2.36007422743116e-05
2.36965142416663e-05
2.34517000714824e-05
2.21633389591244e-05
2.476899762711e-05
2.41326765182801e-05
2.14415293171972e-05
2.33855250278041e-05
2.27239080231743e-05
2.7656451781755e-05
2.60632500463754e-05
2.40254757920188e-05
2.40077483058968e-05
2.61721972803647e-05
2.57594957643726e-05
2.5721929293239e-05
2.27259021880232e-05
2.39990484881775e-05
2.62869507292359e-05
2.46543690004083e-05
2.56454618723788e-05
2.25247428749177e-05
2.55759384163538e-05
2.41757884856155e-05
2.35637251136778e-05
2.22532979138002e-05
2.34997741199522e-05
2.55542374398575e-05
2.41418487514987e-05
2.20000475765988e-05
2.5344702314868e-05
2.30968499039702e-05
2.41868743292369e-05
2.41556231648779e-05
2.19534793818073e-05
2.6271189777043e-05
2.35048870200953e-05
2.2140749643439e-05
2.48343888931465e-05
2.28346166778074e-05
2.36932824753885e-05
2.23887002437873e-05
2.31762398159797e-05
2.49528500866129e-05
2.29807816878468e-05
2.28352560268686e-05
2.30752963201421e-05
2.67304793380731e-05
2.36733942132411e-05
2.11735866927346e-05
2.47598009663912e-05
2.46790816658435e-05
2.6071602838192e-05
2.30932880462553e-05
2.58327552169305e-05
2.22152838421963e-05
2.21168857858681e-05
2.16441748733638e-05
2.60395149098686e-05
2.26158084664975e-05
2.29080665055039e-05
2.31149808990261e-05
2.53431913220547e-05
2.26248443310197e-05
2.7061357065088e-05
2.37827892252074e-05
2.27651740703238e-05
2.46062994841409e-05
2.54085976180308e-05
2.52786018021102e-05
2.58377013232997e-05
2.20756826163938e-05
2.15404411439389e-05
2.28217224812393e-05
2.46737582129133e-05
2.32024093096896e-05
2.13383301724353e-05
2.44102954632141e-05
2.31991161966551e-05
2.30685798256422e-05
2.34387144428909e-05
2.21044520074903e-05
2.34608430154812e-05
2.26878181246106e-05
2.55272916415803e-05
2.47510453291881e-05
2.30357413613175e-05
2.46168526837043e-05
2.41519511433985e-05
2.26665526641457e-05
2.43735699296534e-05
2.44860212130356e-05
2.22391660812747e-05
2.49823959323549e-05
2.32671024380337e-05
2.2533255204265e-05
2.46564998921725e-05
2.29453609186946e-05
2.55044310221864e-05
2.49183524757531e-05
2.37194235784838e-05
2.38474955094675e-05
2.54969689330998e-05
2.24927627985025e-05
2.24867389689951e-05
2.49678917833441e-05
2.37719201077728e-05
2.44930198632667e-05
2.5284485390383e-05
2.27253992566777e-05
2.21218921735175e-05
2.4131606606679e-05
2.24976839008003e-05
2.43286547071725e-05
2.46430698352209e-05
2.35352611007622e-05
2.27897984446371e-05
2.32238297591537e-05
2.32786233961715e-05
2.31682209335025e-05
2.49485299995545e-05
2.36370639986693e-05
2.51099461263412e-05
2.40790027748541e-05
2.42145983085485e-05
2.11303838956767e-05
2.35220308132874e-05
2.70205603453225e-05
2.30116258100989e-05
2.29227567212491e-05
2.45898044900676e-05
2.342039202582e-05
2.37663686923365e-05
2.29132791171034e-05
2.38079475423164e-05
2.48650715575099e-05
2.64568264386945e-05
2.49967040424433e-05
2.31177071566462e-05
2.63990554533939e-05
2.33373111109943e-05
2.60117302893979e-05
2.51639712861207e-05
2.51010058876961e-05
2.21673918275993e-05
2.48966194356332e-05
2.57164720480373e-05
2.23633418922244e-05
2.20816155226142e-05
2.36370281279477e-05
2.56081564927087e-05
2.31572807928391e-05
2.31039906128566e-05
2.39593237664546e-05
2.31913456767324e-05
2.60090172149039e-05
2.2878031853248e-05
2.39990804466757e-05
2.24601383528568e-05
2.21481285098843e-05
2.32490104311323e-05
2.38455299469077e-05
2.36976362400477e-05
2.3754783534712e-05
2.48134629083534e-05
2.54097497291851e-05
2.44998839822814e-05
2.39768763782669e-05
2.21969431988096e-05
2.65406641537753e-05
2.43279382570749e-05
2.26596370534435e-05
2.62168101242716e-05
2.15762326332012e-05
2.26258975839386e-05
2.50335074087819e-05
2.56069676578702e-05
2.37683796351349e-05
2.37754787692299e-05
2.3741018396051e-05
2.34089715092989e-05
2.57671136442516e-05
2.27205682924332e-05
2.39561287593202e-05
2.48810491725436e-05
2.58145213431246e-05
2.48174660222641e-05
2.37613967869738e-05
2.31175117723067e-05
2.33868866243682e-05
2.4858536056755e-05
2.29355443950316e-05
2.35825451770003e-05
2.31819136370978e-05
2.42735409001862e-05
2.63288642649106e-05
2.46638114000562e-05
2.61982143485043e-05
2.54704619074251e-05
2.32834920313558e-05
2.53014067747197e-05
2.23460223480687e-05
2.48696474321648e-05
2.48091908323446e-05
2.57411620548338e-05
2.38948350464748e-05
2.26985296398511e-05
2.76459888410968e-05
2.19274965201188e-05
2.80204201026388e-05
2.48677492615886e-05
2.48137653384847e-05
2.17656775948489e-05
2.3634767185141e-05
2.4117174937905e-05
2.27317382140347e-05
2.31298695181768e-05
2.61524921909557e-05
2.38969070062837e-05
2.21197940363246e-05
2.59782490367774e-05
2.22093458561721e-05
2.4924569321369e-05
2.36861681574834e-05
2.2222900409224e-05
2.40044942185822e-05
2.37112301055053e-05
2.67381900681684e-05
2.37391537216797e-05
2.43851170081467e-05
2.62420282727142e-05
2.2847394005707e-05
2.3618618408189e-05
2.50176768418561e-05
2.30360904832862e-05
2.31864839904167e-05
2.46088707707783e-05
2.22927920275338e-05
2.31729480354721e-05
2.60425216197008e-05
2.46629361756404e-05
2.30145153614524e-05
2.56349918947667e-05
2.35205541729057e-05
2.34751477061354e-05
2.53826912887744e-05
2.25532782557384e-05
2.32495618722721e-05
2.45001046612781e-05
2.22890576597743e-05
2.4641247864838e-05
2.54446948472756e-05
2.40148284874113e-05
2.25613263563209e-05
2.33199707895527e-05
2.62983803534229e-05
2.27446556415108e-05
2.28620424661669e-05
2.29104245695268e-05
2.28737048346765e-05
2.42463313310537e-05
2.25795969379532e-05
2.35795707776779e-05
2.46546403481882e-05
2.50908717021836e-05
2.40241663566986e-05
2.40538909766094e-05
2.39205713788919e-05
2.36401100271717e-05
2.46867292889929e-05
2.58861827410461e-05
2.66412407307854e-05
2.39948761971248e-05
2.2636265808824e-05
2.12450660678077e-05
2.28997611232378e-05
2.26066609375375e-05
2.33811195420899e-05
2.35367097163557e-05
2.36195249370135e-05
2.44508300529979e-05
2.34888997478871e-05
2.44276399948591e-05
2.45077483553877e-05
2.37793904556001e-05
2.47175586855308e-05
2.33723796294427e-05
2.2628981483291e-05
2.14596911562645e-05
2.51605272328586e-05
2.43600193323593e-05
2.4216079502903e-05
2.29408822211077e-05
2.53340752556202e-05
2.39809478871881e-05
2.39024216644422e-05
2.26592572894121e-05
2.38229593276821e-05
2.35788850498219e-05
2.30170680262522e-05
2.49837276478396e-05
2.5403942517311e-05
2.66584233836574e-05
2.40827519761036e-05
2.2708251864472e-05
2.40857501068992e-05
2.32455947264428e-05
2.52220252276758e-05
2.24244368082704e-05
2.60683668480779e-05
2.53257827966523e-05
2.18278528242188e-05
2.24950011433177e-05
2.41881936513283e-05
2.4843445430549e-05
2.35391261125207e-05
2.26955313795143e-05
2.40960674199372e-05
2.32524255491507e-05
2.54961327858957e-05
2.29254707618666e-05
2.12721971887617e-05
2.40175607518633e-05
2.33143668146885e-05
2.31975241366438e-05
2.20090260146844e-05
2.61407309857042e-05
2.36347706810465e-05
2.51743738611699e-05
2.46260432871767e-05
2.27497098232115e-05
2.22250006611548e-05
2.45122855808811e-05
2.48894348619213e-05
2.43703573860763e-05
2.52231679207978e-05
2.18127567574348e-05
2.42600309782858e-05
2.3837308385592e-05
2.44664323058348e-05
2.41355794802928e-05
2.37128624242948e-05
2.63920728816412e-05
2.40439494575463e-05
2.28539542503989e-05
2.54357573670509e-05
2.24755760711551e-05
2.28394910040526e-05
2.57804758107369e-05
2.46081557085023e-05
2.49048165633229e-05
2.53903928371344e-05
2.43337217948994e-05
2.37623150077573e-05
2.22990899428123e-05
2.48363820941385e-05
2.54306668513025e-05
2.31443338212218e-05
2.53267242163366e-05
2.36769110549794e-05
2.49681107107283e-05
2.36583422405462e-05
2.33814747972154e-05
2.60892650072794e-05
2.45120255668938e-05
2.43675307312702e-05
2.26690619139621e-05
2.30045870564465e-05
2.48963199212173e-05
2.46042351276923e-05
2.46185641739024e-05
2.51666795692257e-05
2.42707954877384e-05
2.63230880124938e-05
2.6546141698756e-05
2.46414712709176e-05
2.50958958788528e-05
2.09408380783732e-05
2.42175167008893e-05
2.35997563940968e-05
2.25162291621307e-05
2.62852157600567e-05
2.26105844615322e-05
2.36067118154128e-05
2.38702513083113e-05
2.56100194296098e-05
2.63326334910096e-05
2.56293454804719e-05
2.42784060827777e-05
2.43111589005968e-05
2.47209820988415e-05
2.42665029085699e-05
2.39712049830865e-05
2.30966226845942e-05
2.3056920272665e-05
2.28938510748462e-05
2.30977135126712e-05
2.45241816892931e-05
2.18810203315877e-05
2.35946315685416e-05
2.35580519583888e-05
2.28217931083498e-05
2.38076014344697e-05
2.18763759788459e-05
2.48865895686666e-05
2.29616958412522e-05
2.36414527446225e-05
2.31748047039184e-05
2.41813284093367e-05
2.41660781940241e-05
2.31012537905468e-05
2.51257559929529e-05
2.28998898397032e-05
2.32250286835228e-05
2.27450171668914e-05
2.43005384821696e-05
2.36905178473562e-05
2.39378040213495e-05
2.27332301220997e-05
2.82350893404959e-05
2.32111212470377e-05
2.36655779721644e-05
2.56841916940808e-05
2.32263390605277e-05
2.47966687512496e-05
2.30117555424368e-05
2.41061145250623e-05
2.5391268228414e-05
2.40424616521536e-05
2.5906981925451e-05
2.22872851187858e-05
2.52903098586993e-05
2.31921251426836e-05
2.38444440417677e-05
2.32506610348942e-05
2.34440947928884e-05
2.39274556041927e-05
2.51675339689166e-05
2.3482998209591e-05
2.4354830675052e-05
2.40358033862085e-05
2.29370367177642e-05
2.42820068657126e-05
2.38590445256366e-05
2.4879845042292e-05
2.28032683128722e-05
2.32975810561217e-05
2.36915287333389e-05
2.43611804821576e-05
2.36720347208381e-05
2.56659748993562e-05
2.55842211568279e-05
2.22225129516703e-05
2.36581057597036e-05
2.35971478016799e-05
2.63446659861531e-05
2.3203109062358e-05
2.55445770518482e-05
2.37618217330233e-05
2.38551799665956e-05
2.36557032215448e-05
2.40428533646504e-05
2.22877495073401e-05
2.49203017480134e-05
2.27839550213854e-05
2.34940190641783e-05
2.43484239299306e-05
2.36546297178245e-05
2.2400317187598e-05
2.6061671271225e-05
2.36202707226525e-05
2.39947499360366e-05
2.22838198451038e-05
2.3460986508754e-05
2.19463696771747e-05
2.20917985621128e-05
2.5943560074519e-05
2.41949519971114e-05
2.31804664916509e-05
2.49137821265815e-05
2.24996751173731e-05
2.57104061286234e-05
2.52049110435595e-05
2.46739453988514e-05
2.39450454126169e-05
2.41188858105446e-05
2.30407272049233e-05
2.44336238589502e-05
2.42579123252616e-05
2.32622009756835e-05
2.44735451720677e-05
2.49991176672442e-05
2.48152178079365e-05
2.41937771327616e-05
2.32240696054787e-05
2.30623467213455e-05
2.41553513943092e-05
2.22186258744352e-05
2.41382169848603e-05
2.35408092201279e-05
2.14419444172525e-05
2.42202659179135e-05
2.49082513976912e-05
2.38631936508463e-05
2.16134770498076e-05
2.27169932287098e-05
2.23182664375709e-05
2.43433522344947e-05
2.1214496369388e-05
2.49671598579961e-05
2.53662853860567e-05
2.32586180260188e-05
2.41562382503071e-05
2.29835303542793e-05
2.4646142768446e-05
2.39147363636452e-05
2.55959239352584e-05
2.27330975554835e-05
2.27224159571357e-05
2.26908818547576e-05
2.69231387700895e-05
2.38946288808343e-05
2.37975275653181e-05
2.58852019032894e-05
2.53803811554184e-05
2.6030808901176e-05
2.38066861692075e-05
2.1518822611424e-05
2.43729482541355e-05
2.35863970957484e-05
2.33979457028876e-05
2.08313941178077e-05
2.55425769028287e-05
2.37497072295651e-05
2.39030830278153e-05
2.44455894891227e-05
2.48595964604796e-05
2.38788864409859e-05
2.49009516888541e-05
2.47446674739228e-05
2.33748177184263e-05
2.53764491696811e-05
2.57515814397575e-05
2.40406697068698e-05
2.54472401215222e-05
2.33758213149379e-05
2.32991561580243e-05
2.15617762953356e-05
2.17962222048273e-05
2.20647962106931e-05
2.19452764096797e-05
2.49562171742683e-05
2.35056220517755e-05
2.56759436402566e-05
2.20843708360132e-05
2.51539871684294e-05
2.30287256605962e-05
2.28304037675197e-05
2.40384997745234e-05
2.3991197044175e-05
2.35735940300685e-05
2.28175831177996e-05
2.12699619153748e-05
2.37491951835075e-05
2.41393200441791e-05
2.63016112291035e-05
2.38545038477941e-05
2.50581098675606e-05
2.45707987217427e-05
2.45748953881872e-05
2.48622346377559e-05
2.32349111965725e-05
2.49264126857903e-05
2.42107191382294e-05
2.45248393946724e-05
2.36915936098256e-05
2.4467048636658e-05
2.30920720844716e-05
2.24574751946074e-05
2.51280186543738e-05
2.51229367497428e-05
2.65055747726536e-05
2.17425082420744e-05
2.51824196126482e-05
2.58603176395446e-05
2.36637215167525e-05
2.48772514830553e-05
2.30001139484938e-05
2.22874804690862e-05
2.33860966219452e-05
2.16193312738751e-05
2.12988047524894e-05
2.26290167492658e-05
2.42309152646585e-05
2.38414175776338e-05
2.25294163974331e-05
2.30201751465873e-05
2.16700280783824e-05
2.56969235070041e-05
2.38849965168599e-05
2.43216438720688e-05
2.52285913231036e-05
2.62972972264945e-05
2.65688218037217e-05
2.4103736963513e-05
2.42986780081395e-05
2.3139567457902e-05
2.34075975368755e-05
2.35261031855218e-05
2.32422273187479e-05
2.63867605705382e-05
2.2894708144285e-05
2.35715606632875e-05
2.38349217441197e-05
2.52506515743349e-05
2.48662026593898e-05
2.46429255982094e-05
2.33262441531423e-05
2.46572268343591e-05
2.3055169496779e-05
2.60869590261736e-05
2.33621877075654e-05
2.3938982367632e-05
2.43699762332051e-05
2.32872493928601e-05
2.33743233652417e-05
2.50614259763344e-05
2.59191324394061e-05
2.36842202289869e-05
2.40657208221903e-05
2.41844800617005e-05
2.52640441962082e-05
2.27414364319304e-05
2.54420654922634e-05
2.37390944044209e-05
2.55136080748304e-05
2.64990741678842e-05
2.5855380477579e-05
2.37587041310658e-05
2.19950443356697e-05
2.34682549279179e-05
2.5547959588863e-05
2.36968987957701e-05
2.30870492246922e-05
2.35918849644241e-05
2.27225352262641e-05
2.40632916063983e-05
2.17570242026714e-05
2.54673764493939e-05
2.28144341479751e-05
2.41066325549852e-05
2.57634220816355e-05
2.30520504004904e-05
2.26413064929579e-05
2.45829195728477e-05
2.3243042404196e-05
2.36632825708054e-05
2.25662797098732e-05
2.2608644746128e-05
2.3863773831445e-05
2.50673575969199e-05
2.37580683852985e-05
2.17230773453611e-05
2.43083512606712e-05
2.37094449294824e-05
2.39088286507746e-05
2.49887033250282e-05
2.40957050300287e-05
2.49707281011464e-05
2.41780348796316e-05
2.42795424708255e-05
2.37211628740845e-05
2.2069155113333e-05
2.32454363873338e-05
2.46774108132354e-05
2.58838480004541e-05
2.42889986653256e-05
2.31098441766682e-05
2.57696059967221e-05
2.44890093372226e-05
2.56482858120264e-05
2.36819188648439e-05
2.74777447989152e-05
2.52572420198338e-05
2.35707528735047e-05
2.18724515764103e-05
2.32117586515154e-05
2.29081092442249e-05
2.48680795229992e-05
2.13927369670272e-05
2.30632797848266e-05
2.24723932896097e-05
2.87482603185492e-05
2.46486790387392e-05
2.40928188974109e-05
2.58162160604255e-05
2.49309800556542e-05
2.43481816337318e-05
2.58727399121736e-05
2.48029939815704e-05
2.2209693070651e-05
2.3400154726684e-05
2.38008260051696e-05
2.46787868425466e-05
2.41327795894284e-05
2.29416635367007e-05
2.36906126970355e-05
2.60421912309946e-05
2.32784898070728e-05
2.38664266171434e-05
2.42102460918329e-05
2.32624902331088e-05
2.30990487518426e-05
2.4831887455524e-05
2.3567726828859e-05
2.45430185378168e-05
2.35397351971145e-05
2.63886438216071e-05
2.69969185621522e-05
2.63134115259168e-05
2.34193121887858e-05
2.37915383318127e-05
2.21608435706783e-05
2.36727442212878e-05
2.55404087253367e-05
2.54601227891934e-05
2.39306246371878e-05
2.283782534882e-05
2.41175713739174e-05
2.27808458326228e-05
2.21275999387359e-05
2.24744967138164e-05
2.54842280585918e-05
2.37174917603084e-05
2.30957807403706e-05
2.46018676511959e-05
2.35666647162065e-05
2.2147682747041e-05
2.25174167503505e-05
2.29260654731244e-05
2.38134644388688e-05
2.22502669707519e-05
2.31621523863697e-05
2.51749431069819e-05
2.28697307621935e-05
2.45035071525446e-05
2.35096887712498e-05
2.53930003102356e-05
2.41061904034675e-05
2.51327463897519e-05
2.2602153656815e-05
2.22813449362698e-05
2.28576704296938e-05
2.6210716562842e-05
2.53867463081679e-05
2.46888554927238e-05
2.44294764459018e-05
2.3376701851291e-05
2.50693514022075e-05
2.38111488011599e-05
2.31436445511577e-05
2.45197636339484e-05
2.43419840862893e-05
2.26444205768424e-05
