7.17062367022718e-173
6.58196850588026e-171
3.26797212992755e-188
5.45969495789736e-180
2.22121712247528e-181
1.44503403133224e-179
1.14699898249266e-182
6.56002377629411e-186
1.68221100506877e-187
3.67168046030178e-169
4.24564022038641e-168
1.19108929189329e-173
3.98811056993006e-184
1.12436744720628e-178
2.82818341618675e-191
4.22206770701909e-193
6.41652522878879e-180
5.62988336703092e-191
5.24346278226193e-178
2.81574644243696e-171
1.05382274358949e-175
1.0130360151488e-165
1.26486005171883e-177
1.18260312294491e-189
5.22069442611625e-170
3.70386435784636e-176
2.19126993659844e-154
1.57347986365709e-176
1.07565533802234e-177
2.7511398182395e-148
3.16376108421626e-171
2.31977498592949e-179
8.40422831337832e-173
1.41537645368625e-191
1.18340468306675e-184
1.14151177764569e-194
9.3325781129402e-178
1.7413754209374e-178
2.14336120578333e-174
1.31714916168762e-166
1.15528640563867e-169
1.27413920787488e-197
1.05295586765157e-164
3.27180576386376e-177
3.4729118246971e-185
2.21933400973014e-169
2.62899750665993e-170
3.20567649484175e-180
1.30408415428989e-181
3.79094803063733e-183
8.72331661598983e-177
4.71338684999827e-187
8.34095286795961e-175
6.2470146934578e-192
2.61306666257152e-176
7.24894416428672e-174
1.92081844005063e-183
4.61563050290799e-164
1.7627680170919e-189
1.82605797764935e-183
7.81361660922988e-177
4.93186713754606e-182
3.50279490512601e-176
9.72802724656469e-170
1.37710919821323e-185
7.11127745386218e-172
1.07612610039267e-184
8.03727972390364e-190
4.59610578298225e-187
7.62956097960176e-170
1.46016893926318e-167
4.24540501106282e-167
1.34306301354086e-165
1.36776392995547e-185
1.47002503015215e-195
3.41776468901506e-166
1.75389922902075e-172
8.07060339806713e-178
1.80855584003567e-181
2.63839070742043e-184
1.89580609037226e-181
3.88465392003077e-163
2.49451414702834e-163
9.71698028564774e-181
6.5193371998136e-183
6.29374605214929e-179
2.41785712028917e-164
2.14609993833396e-175
1.48009334057673e-190
1.1459711532735e-177
1.00116308080184e-172
9.29151661253462e-152
4.04312440198797e-189
4.81455653427e-190
6.21324948643441e-195
9.57122724744392e-179
4.3461143014187e-181
2.35468306732947e-198
5.90830675872277e-173
8.42717293308116e-178
3.38066822257876e-183
7.38570698772203e-169
7.41720329644117e-170
1.33790781408342e-173
6.25938257024472e-188
7.88101704247903e-179
3.04746055252191e-158
3.74374891860214e-161
2.97414122444075e-191
5.36416459527759e-172
2.59421532699987e-168
3.57167541070281e-165
7.33097268956281e-172
5.37593680548545e-194
7.21604040008855e-183
7.10171671828788e-164
7.66554727005311e-161
5.9176562191856e-164
4.23888372690077e-180
1.36317634060328e-180
2.31630392190497e-176
1.55203105804649e-186
9.78352012636988e-189
8.66473608186015e-181
8.94787132029181e-158
2.47933666922409e-186
8.35654165861379e-185
1.88633109629616e-192
5.46032391434043e-164
2.14239815062331e-178
2.29691689785905e-168
3.65323984049058e-170
5.35411581906789e-157
4.07104910382595e-167
3.32217991210057e-173
7.48089688970243e-175
6.47679531322582e-161
1.02357527419093e-185
4.43636502732886e-171
1.77041053968518e-185
4.0377655506731e-181
4.64458083040544e-179
3.60550069565806e-175
3.17531195096687e-181
4.17147192366747e-174
5.78529180502663e-174
3.31242017502475e-157
3.33034623522148e-182
5.80499836146186e-194
7.27964299069762e-159
6.91450326378361e-181
3.98766072687388e-183
7.6033238328719e-170
9.4754163445765e-180
9.91023852910059e-181
9.94602586162978e-169
4.39707264126458e-167
1.42452138402254e-183
3.71128788996818e-173
8.28115050037409e-180
1.40725734582734e-174
1.41596132650665e-185
1.31512315619084e-169
1.97361729242017e-154
5.08013712825874e-196
1.99117339449277e-167
1.12423723441553e-186
2.31671329072271e-174
3.03398407265127e-186
7.14064733114068e-168
2.52485647531932e-179
4.48639842686236e-181
5.69592025272433e-165
6.56327539639902e-172
6.81794436708675e-178
1.77880130541242e-176
3.39241184096036e-184
1.67178471758627e-173
1.22262524217705e-177
1.85580622047493e-161
1.00240805586628e-164
2.10841644637058e-166
2.18184359065933e-172
1.05609309011161e-169
1.66389335409915e-167
6.61984314612266e-168
2.73290236837271e-173
3.6814118376855e-184
5.72499611500539e-191
8.75961444955917e-187
6.25706321637939e-175
1.5700029269155e-181
8.62806521263858e-186
1.82852381050061e-187
2.19597940310542e-165
3.48796739550077e-188
3.52660859718901e-161
4.44693408920559e-169
1.29621421765567e-171
8.8140692003599e-170
3.57180394752324e-179
3.06966643242708e-174
5.94944774604757e-171
1.65876282173316e-186
1.22604363781679e-168
2.76065463172386e-174
1.03899108466201e-162
7.00039729842237e-189
7.72015437285588e-178
2.22895205569343e-179
5.25601882352521e-191
2.41534542736948e-154
9.71881684070015e-194
1.65616466653803e-187
1.79335776086698e-173
3.65530624179829e-177
6.23400535461834e-175
1.39384098957048e-174
1.68704689197923e-195
7.9612718395803e-189
3.56387328349578e-181
3.31168426457623e-168
1.45462109989255e-182
1.26942365354369e-167
2.54857727877137e-185
6.1922417206715e-178
9.92564153732061e-170
7.75712688657135e-181
6.83665436859363e-164
8.35881492229697e-187
5.77820958090386e-178
5.17302898876402e-193
2.13698867555377e-171
1.51198821632376e-160
1.06310211248581e-170
6.36964930385813e-179
6.49547192776566e-175
5.32867294919317e-185
4.16337591245825e-175
3.87533912438149e-198
2.86847066190421e-171
2.95224444927391e-172
2.44631606058477e-200
1.14570006624642e-180
3.03958456289762e-189
4.48515235086472e-152
1.96115872763244e-167
1.41145856334901e-181
1.09362838569721e-174
1.4410906747247e-159
2.1357838738976e-164
5.31524306510377e-169
4.61115759300908e-185
6.24255652839918e-176
1.70128313235827e-154
8.78420968075758e-169
4.5431810212011e-167
1.23170920878344e-193
2.26354166529882e-170
3.77459461487908e-178
9.44771005903298e-181
9.67592647715877e-186
3.41892524816388e-181
7.77619444973241e-171
6.950859540247e-168
4.10718201522596e-188
2.11112489576026e-172
5.5513670604396e-185
9.68462058950264e-185
6.28858669974367e-178
1.08266121775823e-188
3.85803709497552e-159
5.61341908801504e-175
3.15662615689042e-188
1.65160615248074e-171
9.61752383979835e-179
4.26205257870601e-187
3.39652223593592e-182
7.36859013863448e-181
7.71082276500541e-172
5.77568980148403e-182
1.88001097597653e-191
1.7111163174648e-186
1.07147272904817e-166
4.52536080150347e-178
3.52354668507848e-198
9.74716649078578e-176
2.15106396503976e-170
1.55235208413811e-160
7.61560240557183e-182
3.41398443319211e-172
8.83730484305647e-192
1.52338251018074e-187
6.28957147055024e-183
1.2179302451189e-170
1.03083642219357e-180
4.90639747502897e-182
8.15453976176486e-182
1.21162250615212e-167
1.86470102659752e-188
8.50097555684189e-154
1.26950870784643e-180
2.24645434579308e-182
3.15999267414165e-167
2.74018059883172e-169
7.17078544907382e-166
1.8825165134063e-158
5.85456813902403e-183
2.99302901043238e-194
1.9920141739745e-178
1.60268328137685e-166
7.73852221673107e-185
1.53583764459277e-191
5.10861331585991e-163
4.67793365438693e-187
4.57110954471286e-182
1.3694257934102e-183
3.8641575331426e-188
6.92877713469612e-187
4.69083797431007e-184
6.65443857635279e-157
2.61241752183067e-172
2.54681686200326e-180
2.15683274703808e-169
4.26113644696562e-175
8.25902847509298e-193
2.04119267698295e-168
7.95395113525798e-173
2.39675519169127e-192
2.21453905285146e-169
1.40554569231692e-176
1.5913392265652e-182
6.49298728413082e-171
2.24599214309082e-182
1.69718096213785e-168
1.07983599790367e-168
1.41188937168325e-181
2.30503194381946e-174
3.80242073849563e-169
1.79461322545303e-187
1.87366089114188e-183
1.25063746564652e-179
1.70672137873569e-181
1.14710208980857e-173
7.32231653062512e-172
1.27367244051263e-188
2.5420362550406e-183
2.90590581609104e-179
3.02370857734691e-187
9.64235042412448e-172
2.16351813931259e-179
7.54880256032382e-166
1.10102178177583e-192
2.07042112329791e-180
3.82341654920565e-188
9.95430480421213e-182
1.25788748623997e-174
1.12535805749664e-179
2.29792469336323e-167
3.47511592376915e-171
7.77164611911698e-174
4.67927759032235e-189
7.17750672005446e-173
1.15472094336473e-152
2.9988163418689e-189
4.22219559806945e-185
8.36983691357228e-165
3.28195132947912e-186
2.21362756353093e-177
2.59516350675523e-189
9.85515483725989e-178
1.40603966235345e-161
6.17893343849426e-165
1.31854565645787e-169
4.44640822624321e-188
2.40017819377012e-165
5.90246861693255e-179
1.18070220899755e-166
6.31455952979389e-176
1.19752183454878e-166
1.02728592639982e-189
1.8241827423743e-169
3.81075394438221e-161
8.15623323679634e-197
2.86633367728537e-183
3.25351085695492e-176
2.94189145304398e-170
2.87538919070309e-187
4.34227038706162e-183
1.1468928552285e-169
5.17304632091021e-177
2.29306664182495e-165
1.3259736788238e-187
2.05642603041295e-182
6.28243203146529e-177
6.6654170300552e-196
3.62296636815018e-181
7.59705353479114e-181
1.81162128084097e-176
5.58868284652418e-178
2.20078734043198e-170
1.78124611525357e-165
1.70269607434021e-177
1.27474463273081e-176
1.35176237803347e-181
6.35824909877153e-159
1.41086494169596e-174
7.82461926247344e-179
1.32981920396487e-156
1.12308463353937e-185
1.31464873641394e-195
1.19531593481968e-169
3.25195184421711e-170
6.79466072526612e-174
8.95038912848979e-179
1.47079551333248e-173
4.68102831597241e-182
1.08790439122302e-164
3.10286399087778e-177
4.07497476195906e-178
3.57915854459854e-171
4.87867420011575e-159
2.39710756195331e-176
6.12803880487761e-176
6.72396968615138e-190
1.92601604663077e-183
1.56315486651564e-169
2.07487870094104e-186
4.11929409320984e-185
1.59728745355061e-181
4.5117058528901e-175
3.26350194720444e-160
3.62837479142011e-174
3.05481703284077e-164
2.33462229966233e-171
7.98280397769064e-176
2.52929116195978e-169
1.26909607360604e-188
4.14449931109288e-175
3.99881205944338e-163
2.75321381810201e-167
2.14654393891448e-177
7.07820372766955e-188
1.58600677847736e-153
2.44740638777637e-184
1.18534438496474e-155
2.83065878643365e-170
1.17609571443841e-170
5.89334959004552e-183
1.67094654913837e-175
2.63296683036724e-178
3.32762895304625e-178
1.09758001699143e-187
8.21596746371316e-169
1.60721770377154e-178
4.25737031040166e-187
1.74433085045593e-170
1.69257124028843e-189
3.47128634604368e-168
3.80400683556996e-174
1.04574687753582e-188
2.99699586527304e-178
2.10218342924697e-180
2.71831872593914e-158
1.09488485742756e-180
8.89309395736833e-175
1.83558272246643e-160
1.80481726841888e-186
1.82487920670983e-177
2.3941318223287e-177
3.0608239316434e-182
1.18308210498016e-178
2.41941945552349e-163
5.14355890311798e-199
5.4491582978474e-187
6.87567011850442e-155
1.18983921219018e-167
1.01959045694088e-181
6.8800927299069e-176
3.70779475484099e-179
5.40385768269545e-167
4.63854098478782e-174
7.53638394620104e-186
1.79453853630045e-176
1.0161961789524e-171
7.41055210758495e-192
8.73817343097112e-174
6.0298652797378e-158
3.02635980527822e-179
2.72056016832449e-185
1.26786248059422e-182
5.82333040046859e-165
9.68040028742311e-190
5.33625101789342e-182
6.85992609370542e-192
2.6422036491983e-185
1.85119155977149e-169
3.31969339708086e-190
6.79942807940293e-183
5.52778825778901e-179
6.23241902771481e-166
3.60071291115712e-168
1.81833355331227e-176
7.28892254459999e-183
5.6677249848929e-180
5.37860091863519e-177
1.33524503782894e-163
2.16701835104535e-158
4.25771636756904e-181
1.1501469098476e-175
3.62616591033093e-203
1.19772005288597e-186
6.99020482053007e-196
1.31704727938726e-184
1.63985257100007e-173
5.02129907534555e-186
2.1801363947193e-174
4.42930094305324e-179
1.96943133960655e-164
1.97363892598129e-173
1.91632488426551e-179
5.6999283274623e-170
6.0372849542223e-183
2.19893351681333e-194
3.34995393116581e-178
2.66392846840967e-166
7.03538835910981e-172
2.48490031046264e-165
2.79792402374192e-184
1.50043484996365e-162
1.13765367532408e-175
3.48399730827069e-177
1.25069545115467e-186
9.34262699091893e-173
7.54446531926972e-180
1.57040695843476e-177
4.96262472626434e-174
6.74516202915917e-162
1.54129267638773e-153
1.70997773004678e-179
1.68358486352648e-187
1.12081309114368e-176
6.9371587962015e-179
5.13819429566368e-172
3.54433885052616e-187
8.8664279941638e-168
1.3734629436599e-172
1.04615084698166e-194
3.96987941963087e-189
3.92520446996094e-168
1.60736775676497e-170
9.3064477259907e-191
8.92569700805789e-192
2.9629228225127e-176
8.83159507383683e-186
2.14151361788491e-163
8.44959433056317e-181
3.18075478720602e-199
6.48861833908034e-188
3.19948458779016e-174
4.25164748003224e-179
2.09605849560642e-195
8.40471689540551e-160
2.84896038597771e-184
6.52323012756171e-169
3.26294151326743e-176
5.97806357051845e-190
3.41983223841902e-190
2.09244109063121e-166
2.45086090295577e-173
3.96522477720759e-174
2.48658957542022e-158
1.25950911933293e-195
7.03727596215153e-175
2.97632352358679e-173
1.42279819192452e-184
3.09705985198493e-180
3.97287809213275e-174
5.43773522490343e-160
1.07755183424815e-162
3.69154366494862e-181
3.01168270725668e-164
1.30248403261194e-192
2.29309852262594e-187
5.74179373359535e-169
2.97206382032645e-173
2.37562919314735e-178
1.43045859619572e-170
3.39335833769211e-172
5.10714031529697e-182
2.02969218129509e-188
6.42531313534026e-177
2.6182072664239e-162
2.42269019419248e-184
1.90465571462899e-168
2.584763349101e-183
1.11326404787364e-172
9.50805271738048e-179
4.51397022015342e-184
3.78792673825681e-161
9.3729493453496e-174
6.73891744458777e-168
5.3957750018015e-180
5.34747817487576e-187
3.32534670925425e-169
1.16545109369061e-166
4.84775729426918e-170
1.28021357871258e-169
3.1841946387154e-176
3.62026142473071e-160
3.64807151975821e-163
3.78233842032969e-165
5.34193951792326e-170
2.60778565142321e-198
1.62338033582939e-174
2.27714898375041e-180
6.28345090835894e-188
4.18801259651808e-164
6.96295441928766e-179
8.5303870884254e-181
1.24558969310693e-181
5.06710295683192e-170
6.51950785228114e-167
3.08255460004717e-165
6.34981952623329e-178
1.46815202442642e-176
8.49051936014412e-173
2.46126390629754e-178
1.54559452064417e-182
3.1900280585784e-185
2.0303331519518e-181
5.28294305009906e-175
5.39506561471516e-186
4.92342261757493e-172
1.21670016045283e-198
2.84133973104641e-174
2.22054858659507e-177
2.71947269777813e-179
3.6691972318421e-176
8.80664872869567e-190
2.20104027461605e-170
4.36297669372233e-183
4.41422072610147e-175
1.1711167909468e-186
5.99323343005462e-179
5.094487014374e-174
4.31849144308922e-192
1.76087623582691e-175
2.21150838939973e-177
2.28819224275909e-181
4.80361860062532e-185
1.4799915365366e-172
7.03191631117142e-185
1.85370147071236e-180
8.44223376957709e-189
6.98524640243498e-147
5.60190428331346e-183
4.26823390634746e-179
6.2986799243796e-164
5.25436687988755e-173
3.0572888346061e-180
2.10226906869419e-181
2.55654147146666e-178
2.88404636897835e-173
8.75791665669242e-172
2.68657308327484e-172
4.40878659975758e-185
3.17405565032649e-167
3.686611374473e-181
2.56310746233481e-175
7.20771320660382e-186
5.57136227400631e-180
8.40438598439669e-178
1.23422036335347e-170
3.14232278849993e-177
4.68612231482321e-182
3.70850377086679e-178
1.38948747928862e-181
1.03771569933126e-178
5.2625895378409e-174
2.69267407739106e-172
8.25511349040525e-181
1.32646881282403e-179
2.11254103520547e-181
9.77579436862744e-174
4.88812708815447e-177
7.71924115812261e-159
7.89476604541538e-170
4.52858123747841e-190
4.20991780251245e-172
1.49846727453148e-182
8.9198133991835e-168
2.73602295961664e-187
1.06291033894007e-166
4.60474012516979e-180
4.00907717120711e-184
1.38696316476497e-181
4.89133858484548e-170
7.87565957419496e-184
7.24371983796659e-170
4.08575435089848e-187
1.21072412215472e-177
2.98978765985088e-176
6.73484813578504e-176
2.66188149350005e-182
1.0329462761907e-162
1.9217948272347e-180
2.29767447493584e-168
7.46038516428034e-189
2.99131196966517e-182
9.50267286228665e-196
1.14330188063803e-190
6.59191921153859e-167
2.69345224967337e-172
7.33219333989017e-182
2.21881254630863e-165
5.11924726606749e-177
1.75809958211582e-164
4.5570528977992e-171
9.58358849743788e-168
6.66479755279509e-185
1.89840862872729e-168
1.13085661388042e-182
1.85080178184627e-173
5.33251263755292e-179
1.28273765628306e-187
2.26693760333654e-173
3.80470543561196e-171
2.00820626678661e-165
1.73709751493096e-171
2.08564616458903e-184
2.09419156790133e-184
8.15162879487946e-177
2.86784569260546e-188
3.37516942309329e-173
2.7362857369827e-179
1.48076048283372e-186
1.72784024132366e-182
4.09761956223679e-170
1.6626321050548e-169
2.30074712979868e-198
7.44672991278622e-189
3.1548710004981e-189
1.3158798705819e-169
3.22735090240728e-201
1.1475854728472e-167
1.67451048012082e-167
7.34185098840728e-191
8.91478632617866e-186
4.27997413339404e-178
7.23926725845261e-173
5.69416350930447e-181
2.30963473535566e-169
1.21673441934023e-183
4.26254606244069e-182
5.50237829787499e-183
6.62444791570885e-158
1.11208669114473e-172
1.59909236390811e-178
6.56536866181447e-158
7.04934310863299e-168
4.98362327846598e-164
3.29997363810683e-174
7.14420654749774e-196
7.74439409479148e-172
3.60341370117012e-174
2.79281750835501e-179
1.39314494064708e-199
2.23970644292577e-169
8.95828831205605e-187
3.340943104545e-185
2.30306324333296e-172
5.18174286589525e-169
8.21553204008576e-180
5.28026856612908e-169
8.40002846103744e-175
1.53929118267871e-185
1.7335870276545e-167
9.97905431097042e-167
1.07817241003141e-173
7.00070694130024e-171
1.4837311080501e-181
6.7509122670228e-181
2.03336211339004e-193
3.17728514414354e-187
1.47594415131601e-189
5.93554587287666e-189
3.28776989886322e-162
4.29642339188189e-180
2.24854839688038e-170
6.12397720673071e-194
3.89504887813907e-164
1.66180934683384e-194
1.1282437027357e-183
5.04734771954415e-183
1.03746762135694e-172
3.84051627225816e-182
5.50282944677161e-185
1.5353747215783e-197
3.74580632722087e-177
6.63665479337963e-176
2.11647505870847e-156
4.22042172233532e-172
1.97055324119147e-166
1.41576920201025e-165
2.33655223691077e-171
6.78269399365793e-177
7.95162566486864e-185
1.79916335335983e-177
4.875122135615e-177
9.39715695174495e-172
1.53746920593698e-181
3.15592238326468e-170
1.21450474996477e-172
7.72796183664563e-204
7.5803083731763e-167
1.00741883354544e-168
5.78658742800857e-160
7.02993985381473e-191
6.31444855377785e-168
4.52916883834041e-171
2.07211314763945e-180
5.84049427255747e-169
2.93824157650875e-191
8.85350866389668e-188
9.23500831540736e-173
3.00393225197314e-194
1.59895281446691e-197
1.43225603391787e-186
3.79754515675979e-174
2.59499721620287e-170
1.01674942101124e-184
1.03920993262961e-178
1.98623637149733e-195
1.49396779982915e-168
2.79203771347408e-171
4.79630862874055e-176
2.45562664618754e-163
1.810612603158e-164
1.05776102096581e-165
1.12013880171901e-178
2.53966841551384e-175
9.96855248752957e-178
8.63281686998171e-184
2.47422522691262e-175
4.69226982175355e-181
2.45221265937461e-157
3.57331736459925e-188
3.34156644127547e-179
3.7793642912316e-177
3.95302904939366e-170
1.32352746645662e-178
4.66138522366871e-180
5.68008102785099e-175
5.26420227298772e-179
1.39420237140128e-188
3.70408698599611e-163
5.68095810777394e-179
9.96717427912169e-183
2.53753514942441e-173
6.30466176565735e-181
1.59687524167672e-179
2.7997393131897e-174
2.36276343689576e-169
1.44022029073945e-177
4.26092478946361e-181
1.49550803707999e-175
2.51640461597005e-178
3.25779094864058e-186
6.06769916854736e-164
1.43670678431064e-175
2.06739707400261e-164
9.2600355485506e-158
1.51357950057346e-161
9.9712939479298e-179
5.26632140908498e-187
1.38625081384039e-170
7.92863431002422e-169
3.17782995780726e-180
3.57921594905193e-186
4.24700035934274e-175
2.38873349618473e-184
5.40705507614802e-172
1.70095017056777e-187
1.24104264918197e-167
1.02899789119878e-183
7.98845074101592e-172
1.11644068745505e-159
8.30318841366032e-179
1.00511953706342e-197
8.33585027440402e-177
1.36496472792654e-180
5.25264302339332e-183
3.48332537754926e-191
1.57281436999297e-190
1.74634270722935e-176
5.17551344873368e-169
3.77041427913476e-167
1.99995593763467e-196
4.05086872842968e-174
5.49026437427179e-173
2.51696385677619e-184
8.7741998398259e-167
2.35542756438548e-177
5.41994615237231e-172
7.99169228481852e-173
4.41116746505263e-170
3.66948765769116e-185
4.39968809370405e-189
5.94068272912046e-180
7.35170570874009e-176
3.89092269069737e-160
1.1229355230497e-174
2.50804917154868e-175
8.59727402858621e-165
2.06862117902841e-179
6.03391371344297e-164
2.1248587480479e-181
5.25904783373419e-154
1.67319526872795e-169
1.34230901474626e-181
1.71383730070198e-193
5.20597450085998e-177
1.83362300165675e-177
1.44992890673521e-175
6.55628023698383e-204
2.71602311922493e-186
6.17773176677498e-182
8.06074349934239e-149
1.98207982762515e-162
1.36778036314663e-174
9.45396788552388e-168
9.27684043679269e-156
2.70118478876184e-171
2.41138557950107e-159
4.46681479922764e-164
9.29126924018562e-191
1.26681700534822e-185
6.7877593734377e-186
7.22085650582789e-170
4.27450285951593e-171
8.25328227904123e-178
1.48982152450985e-179
6.13861601602247e-162
1.63138700850846e-176
1.2491142167179e-183
9.49712882503658e-177
5.00560993362949e-177
9.8637805361283e-179
1.65469465370186e-174
2.3996827207789e-183
1.42483708066418e-177
1.1053191246784e-175
1.90751087506238e-164
7.1610171307063e-154
2.14500604132921e-156
3.78782088623054e-176
8.91870210659099e-183
7.45871339658223e-192
3.07744761524305e-180
4.02683059550718e-158
2.38282725427763e-166
9.86421757792953e-179
2.84158283525435e-189
5.08997527108447e-177
8.34956164610273e-187
1.80507700496162e-185
2.16195095610341e-189
7.00356204867373e-169
6.98801238437238e-185
2.89710478426261e-181
1.9094846201777e-180
1.83458153436491e-178
8.77477106216266e-186
5.47347990884617e-188
1.15677390050061e-173
1.73799057411555e-174
1.92191920061832e-190
2.83582070744504e-182
4.8012039656936e-168
1.51426321978324e-186
8.8974882632915e-175
8.54528862584252e-166
4.35088907250885e-164
4.05381554178927e-180
9.27578260133339e-165
7.29319895267846e-189
7.40357035409147e-193
1.00474896946053e-179
3.86915570143771e-162
3.17254504873804e-168
3.1647021465895e-174
4.03768987642284e-175
1.76445854249548e-172
1.18928990832452e-168
2.91168624916757e-179
4.11795460382625e-179
6.12973649782469e-165
6.76956743183349e-163
1.8845606804946e-188
