1.07938462796861e-06
1.15265369638453e-06
1.07775609132522e-06
1.19967346391697e-06
1.04408068938933e-06
1.09124350360573e-06
1.05100079409211e-06
1.19431209721882e-06
1.04706054842161e-06
1.23317940932134e-06
9.89776447075865e-07
1.14204315186982e-06
1.03042816024879e-06
1.01331930862011e-06
1.19481057606247e-06
1.17334413253443e-06
1.11943844677332e-06
1.19367789286183e-06
1.16763088618864e-06
1.23387927706862e-06
1.09690447645412e-06
1.20586024516563e-06
1.06396134381135e-06
1.02193816761047e-06
1.09904148710485e-06
1.09386864093436e-06
1.02992505163886e-06
9.80405868765352e-07
1.13504475003675e-06
1.10569783727987e-06
1.0777104780444e-06
1.10177438813711e-06
1.0192210101986e-06
1.11732060423253e-06
1.04357885919125e-06
1.07417620523514e-06
1.10799107153162e-06
1.1081938513402e-06
1.02227331859831e-06
1.06732415462396e-06
1.13143035876448e-06
1.16052959802006e-06
1.22554704816074e-06
1.05681518036556e-06
1.12215911064112e-06
1.02553169069827e-06
1.11882462784308e-06
1.04046559112447e-06
1.04139897093026e-06
1.00627689673903e-06
1.18827534212749e-06
1.07993573854609e-06
1.01690277722248e-06
1.3081794642326e-06
1.04204568103477e-06
1.04205388404497e-06
1.11876966566479e-06
1.13232367904419e-06
1.13646296060901e-06
1.09105813625929e-06
1.04526838609325e-06
1.07526983730967e-06
1.07604110976327e-06
1.28185693731984e-06
1.11532379405929e-06
1.11729769664668e-06
1.03041953833024e-06
1.06341880119811e-06
1.3243348070472e-06
1.08202309243805e-06
1.08089382346979e-06
1.06437208705635e-06
1.14470912512114e-06
1.25289113793109e-06
1.19240858532374e-06
1.07086625230317e-06
1.09546565771141e-06
1.1093484943661e-06
1.13029050516053e-06
1.01640974953446e-06
1.10994544570658e-06
9.92204384984211e-07
1.09089052258113e-06
1.23542858466665e-06
1.05787957341469e-06
1.12071076683575e-06
1.06504261086698e-06
1.08430754392712e-06
1.15555349538871e-06
1.25526869543284e-06
1.07851875321637e-06
1.11610897155654e-06
1.0920119636031e-06
1.05402931455818e-06
1.11963048789571e-06
1.05339129341296e-06
1.08260676141551e-06
1.19662561057356e-06
1.09439810621536e-06
1.09847868888093e-06
1.08410419413545e-06
1.11820949500578e-06
1.03664500560261e-06
1.00516863501634e-06
1.1701793586106e-06
1.06879662814327e-06
1.13128874912278e-06
1.07542473457638e-06
1.03484887538097e-06
1.02051960785949e-06
1.02891628762374e-06
1.07296909007711e-06
1.16745465497366e-06
1.12733627245471e-06
1.11522044988682e-06
1.09296039622294e-06
1.16535245618667e-06
1.11459478824185e-06
1.08838271009794e-06
1.06977084177906e-06
1.16605537336927e-06
1.22542319794117e-06
1.07470767644254e-06
1.00984086657996e-06
1.06352689703986e-06
1.06104737674327e-06
1.04124036807873e-06
1.03051237931847e-06
1.08206174889706e-06
1.07179629617545e-06
1.12047884657137e-06
1.09349757688388e-06
1.07236439949666e-06
1.1436006563274e-06
1.05628233973554e-06
9.90513515262256e-07
1.27549559878918e-06
1.10436070812199e-06
1.01663566304791e-06
1.18682361264621e-06
1.0201208391338e-06
1.04149141437288e-06
1.0809291833433e-06
1.02080559304611e-06
1.25146928170646e-06
1.27991664965152e-06
1.03874671534002e-06
1.12715542351493e-06
1.12866047248136e-06
1.09912924777489e-06
1.06190928268583e-06
1.21629704018644e-06
1.21173772267436e-06
1.03974218567674e-06
1.10135696867025e-06
1.07560762970957e-06
1.18618217911495e-06
1.25981421298865e-06
1.03253311129227e-06
1.14489471533758e-06
1.12700957070878e-06
1.12501508181183e-06
1.0827029905601e-06
1.10584903620014e-06
1.16537243225545e-06
1.14464423099672e-06
1.14722080570588e-06
1.19063430738228e-06
1.14624212315602e-06
1.24786201888067e-06
1.23605082189434e-06
1.08214828727512e-06
1.05594770028138e-06
1.07957262696432e-06
1.05533931855812e-06
1.17977651296752e-06
1.14536685025885e-06
1.07196561173243e-06
1.03611864226893e-06
1.15271868142433e-06
1.15600312228604e-06
1.1359412170464e-06
1.14137299109093e-06
1.16685741382169e-06
1.01574717130575e-06
1.06073953703042e-06
1.07778817349792e-06
1.18838989705177e-06
1.0546980905605e-06
1.06457092965649e-06
1.02340947945839e-06
1.17213664326791e-06
1.05167880038992e-06
1.12499102270782e-06
9.94549421160578e-07
1.20988652726489e-06
1.02056806292371e-06
1.12496271519392e-06
1.07137694102464e-06
1.12682568648225e-06
1.20885240023262e-06
1.20587109449697e-06
1.09970187337366e-06
1.13405531369994e-06
1.21128369218817e-06
1.12758527270825e-06
1.08921329050361e-06
1.0819821552665e-06
1.05486482394445e-06
1.12005991443335e-06
1.12391085097132e-06
1.13779780146975e-06
1.09302018113019e-06
1.08122453400535e-06
1.12289160296392e-06
1.05540924035961e-06
1.09801343683234e-06
1.11426355133138e-06
1.0522280254417e-06
1.16806576585046e-06
1.15585424129631e-06
1.07396430709154e-06
1.14834746287162e-06
1.00717798936756e-06
1.1207089027734e-06
1.02753913857186e-06
1.07860566210514e-06
1.09656206373131e-06
1.09069028867884e-06
1.00929045170845e-06
1.13591299603186e-06
1.08383751423394e-06
1.12120436803822e-06
1.13518383384284e-06
1.12895557592799e-06
1.07170963787575e-06
1.32435244290355e-06
1.25561964100398e-06
1.17772778743976e-06
1.01964337782855e-06
1.11361471954643e-06
1.11632995463131e-06
1.04246171701939e-06
1.15563505343347e-06
1.16799550999282e-06
1.04879255480518e-06
1.11953616444303e-06
1.10929200062044e-06
1.07319557893815e-06
1.13968437877021e-06
1.03471593436009e-06
1.16995520025521e-06
1.14100820948952e-06
1.08685651632263e-06
1.04812557693423e-06
1.14900086082915e-06
1.1643860268716e-06
1.22144864647633e-06
1.11519885551068e-06
1.07630938149531e-06
1.01810759462292e-06
1.07777293397256e-06
1.09011780780011e-06
1.01178554448539e-06
1.18589675960523e-06
1.22334438056162e-06
1.0843698087236e-06
1.0621069141247e-06
1.01397869592553e-06
1.08332062974078e-06
1.08012373986253e-06
1.11030420809958e-06
1.02903203062629e-06
1.15291102704295e-06
1.0417901199403e-06
1.04298086350779e-06
1.06595366612869e-06
1.09539427388235e-06
1.07141579832996e-06
1.06511286293262e-06
1.20274180026704e-06
1.23003152329519e-06
1.14554243367758e-06
1.26547526144676e-06
1.08869773013064e-06
1.07927159819802e-06
1.05214686512886e-06
1.07961370875646e-06
1.06761202817391e-06
1.08175073829091e-06
1.06561463857332e-06
1.14066905686986e-06
1.16551681078229e-06
1.24602550902951e-06
1.10131302455846e-06
1.03796349926478e-06
1.15547284677609e-06
1.08701060844447e-06
1.05357044377773e-06
1.29146995332435e-06
1.10408031627294e-06
1.10544967605456e-06
9.53773693070947e-07
1.1542247285692e-06
1.08544006341124e-06
1.12197789448074e-06
1.14787113594348e-06
1.0705711096363e-06
9.87060724558644e-07
1.12858218060823e-06
1.0754160344283e-06
1.01385824822168e-06
1.07120430593936e-06
1.1317345864126e-06
1.12407731295101e-06
1.05263396506907e-06
1.14336358058812e-06
1.170487629466e-06
1.05922686960917e-06
1.0628926773716e-06
1.16654217971752e-06
1.13169261543858e-06
1.03542767522164e-06
1.081017520814e-06
1.1230879921485e-06
1.20151543590242e-06
1.26156660247302e-06
9.86352583126719e-07
1.10531657004306e-06
1.05288039439826e-06
1.15011713597075e-06
1.01099848680001e-06
1.15427560881633e-06
1.0292927389461e-06
1.01004706018474e-06
1.1264900524978e-06
1.1078494506688e-06
1.11371824925764e-06
1.1855927189322e-06
1.08310090317339e-06
9.8132188567091e-07
1.13056569525399e-06
1.09956270574745e-06
1.16455028455903e-06
1.21532148778868e-06
1.10217446166357e-06
1.09630997760321e-06
1.05057897771363e-06
1.19711204154689e-06
1.07653339539507e-06
1.11123618051255e-06
1.27250864582576e-06
1.02077897536329e-06
1.09919549867113e-06
1.08531270804732e-06
1.19103274573117e-06
1.26768913470969e-06
1.08357937066646e-06
1.00702549373474e-06
1.05546236111457e-06
1.14622808570365e-06
1.09205392426684e-06
1.09386799721871e-06
1.07322925560376e-06
1.19775383218455e-06
1.06137711025167e-06
1.17065798640776e-06
1.01249625072004e-06
1.16053323224862e-06
1.02850191241924e-06
1.02734225174668e-06
1.09818125675474e-06
9.89455309050785e-07
1.08465630173332e-06
1.11907873119694e-06
1.07233564022548e-06
1.17756900177798e-06
1.07168843316234e-06
1.1059167658796e-06
1.04703997786595e-06
1.05528077577804e-06
1.07099619278562e-06
1.16836704662171e-06
1.2080082601087e-06
1.09330202331023e-06
1.15792432078256e-06
1.08180928307789e-06
1.18342475965697e-06
1.06969791776896e-06
1.18886609340791e-06
1.22710553214929e-06
1.13846133576224e-06
1.06581144517228e-06
1.0660571057122e-06
1.04975518447215e-06
1.10054825902388e-06
1.17096481280359e-06
1.32032373099468e-06
1.18884817269817e-06
1.09484347317143e-06
1.07465386748118e-06
1.0401410684939e-06
1.13145602366613e-06
1.02994291020623e-06
1.15488875607935e-06
1.14599387381074e-06
1.05405545277061e-06
1.03593048581693e-06
1.10722808449579e-06
1.0668552594465e-06
1.06495104343228e-06
1.0394958180066e-06
1.12302863731298e-06
1.03562995182446e-06
1.0673255018114e-06
1.21931121554615e-06
1.09044183840718e-06
1.2028735812214e-06
1.05695722634148e-06
1.0346492469641e-06
1.0274515957418e-06
1.22141331412276e-06
1.05712621206739e-06
1.1027162709414e-06
1.11342040140189e-06
1.15101293491741e-06
1.08826338060725e-06
1.0730942628656e-06
1.05385232104676e-06
1.1123651143536e-06
9.91635573726926e-07
1.04761714434964e-06
1.06837675273476e-06
1.11294111933729e-06
1.08989223296719e-06
1.08409981000627e-06
1.042418611372e-06
1.24468570788488e-06
1.10151396514124e-06
1.09910564528835e-06
1.21845976865259e-06
1.15532104405784e-06
1.01704412042269e-06
1.08047644803171e-06
1.08624148779541e-06
1.1266962765602e-06
1.09463598836683e-06
1.25904676421999e-06
1.14175722066406e-06
1.03813962770797e-06
1.06347846249592e-06
9.95707344647637e-07
1.17917038643717e-06
1.13474461894132e-06
1.13830925619806e-06
1.10210745798839e-06
1.29389483551157e-06
1.16230035830444e-06
1.25673583262809e-06
1.08919396684377e-06
1.05445867188692e-06
1.07850783512386e-06
1.00436622675491e-06
1.16672376287013e-06
1.11523693136278e-06
1.13264384022041e-06
1.10679808793641e-06
1.20079231108909e-06
1.10764439533022e-06
1.1561990453763e-06
9.89660528502035e-07
1.05245054985133e-06
1.07946522330344e-06
1.04922024244361e-06
1.06710204356347e-06
1.15979401597374e-06
1.05874316831388e-06
1.14356348355132e-06
1.13305044135716e-06
1.04693810217024e-06
1.13507102671715e-06
1.10582679319553e-06
1.17915958530815e-06
1.05830739614337e-06
1.02153245821851e-06
1.20496331410243e-06
1.00003292952293e-06
1.05654609168652e-06
1.06862229998387e-06
1.0262408154053e-06
1.01389805742953e-06
1.14310069575081e-06
1.07050292388018e-06
1.10657664053498e-06
1.25478584607998e-06
1.12794588688592e-06
1.08132505373899e-06
1.14968511629465e-06
1.09195271038931e-06
1.08772438469726e-06
1.03033578590114e-06
1.05784990723423e-06
1.14438765723838e-06
1.20738124286835e-06
1.03980230597495e-06
1.14907566230164e-06
1.0798241041319e-06
1.01660865499572e-06
1.21103075542889e-06
1.07681171178281e-06
1.09049057393115e-06
1.2914617026533e-06
1.10931451055176e-06
1.10626925152419e-06
1.00950922866078e-06
1.08379784400685e-06
1.0949272200829e-06
1.02607083596306e-06
1.07281803454189e-06
1.03324029382317e-06
1.08827224552955e-06
1.15177702894093e-06
1.07827140842567e-06
1.12068266057213e-06
1.08478161451163e-06
1.11596965035447e-06
1.10011511637802e-06
1.12953978779287e-06
1.12502709953494e-06
1.11705071478204e-06
1.03736687444175e-06
1.12888672289105e-06
9.93763811324201e-07
1.06075245649419e-06
1.10502094682723e-06
1.09819280058668e-06
1.03455196720857e-06
1.04809058041201e-06
1.10025972476795e-06
1.09430426596665e-06
1.17200815819123e-06
1.17487695948129e-06
1.1139661190523e-06
1.13539537100559e-06
1.00863676870031e-06
1.09537012842508e-06
1.0829142475836e-06
1.08450476458602e-06
1.12646016758005e-06
1.12923500342632e-06
1.14874979450689e-06
1.06339636082841e-06
1.26259126815378e-06
1.00543798678255e-06
1.03820829201682e-06
1.04972317055974e-06
1.06870841232445e-06
1.12253226104312e-06
1.07640017408482e-06
1.07106866402669e-06
1.28620241271439e-06
1.18109169670505e-06
1.06322027085686e-06
1.07830635024917e-06
1.11822080763246e-06
1.10371234163482e-06
1.08402676104652e-06
1.09952136077974e-06
1.07097918029329e-06
1.14788942170493e-06
1.20010352138922e-06
1.28073884118329e-06
1.14592728829963e-06
1.07334891310993e-06
1.04960956552093e-06
1.09211351482729e-06
1.27980693287837e-06
1.10793957416457e-06
1.10591937298183e-06
1.24662065374267e-06
1.14097440851554e-06
1.11259867676478e-06
1.13364382475267e-06
1.18462453390561e-06
1.08282891420243e-06
1.07825508921882e-06
1.33484143009727e-06
1.0486103790838e-06
1.09750946247922e-06
1.22305419956554e-06
1.15739287869744e-06
1.19857036930085e-06
1.21477458926642e-06
1.14542506296322e-06
1.07624837488164e-06
1.09614710537035e-06
1.30545808759743e-06
1.27220568843802e-06
1.00515218991611e-06
1.13351358099646e-06
1.01805003361703e-06
1.11766509955089e-06
1.05815458659423e-06
1.07156909956104e-06
1.27946168013729e-06
1.0975163010588e-06
1.05325662558665e-06
1.05912723474026e-06
1.14142147898864e-06
1.04624062882353e-06
1.08320500061141e-06
1.12888760381295e-06
1.24474637287725e-06
1.08826113556854e-06
1.18068525656814e-06
1.05250854733082e-06
1.03993293029331e-06
1.10179020891092e-06
1.04970605443351e-06
1.23253687670677e-06
1.10979412323369e-06
1.07163057276346e-06
1.14764773556922e-06
1.08024050173032e-06
1.06135694490077e-06
1.21205054817604e-06
1.15143874034869e-06
9.98495219348098e-07
1.23602722934143e-06
1.01145554395169e-06
1.13564554836409e-06
1.11997856039142e-06
1.0651901814807e-06
1.09212575316363e-06
1.23939304034176e-06
1.1167651832088e-06
1.21542489096969e-06
1.14935978532235e-06
1.19284598511038e-06
1.04388670837539e-06
1.06948796475895e-06
1.04343751520366e-06
1.2706814394482e-06
1.08001588549789e-06
1.08730940034081e-06
1.02665573398639e-06
1.13789305958844e-06
1.21361522661894e-06
9.86025985346531e-07
1.0946678111116e-06
1.13179971716367e-06
1.21896615311219e-06
1.0847429752241e-06
1.08104738230761e-06
9.7687937354451e-07
1.08450704378575e-06
1.14404795422543e-06
1.2192920232104e-06
1.03366491296504e-06
1.02622162461975e-06
1.03343658703757e-06
1.04231651884501e-06
1.02867188298954e-06
1.3218872408624e-06
1.09831115877765e-06
1.11030773844435e-06
1.08737504120552e-06
1.12866792318747e-06
1.27855733087541e-06
1.16869561502543e-06
1.04902649833838e-06
1.05554789228664e-06
1.27730711487577e-06
1.17275448769526e-06
1.10119305317261e-06
1.15914439112828e-06
1.07538901754183e-06
1.12461045479643e-06
1.0809379523094e-06
1.19988299186018e-06
1.06106235813054e-06
1.11688444983145e-06
1.0761617633255e-06
1.07562350699602e-06
1.25566759219206e-06
1.08049917657892e-06
1.07061418123741e-06
1.361080911491e-06
1.10794716515141e-06
1.06555961765058e-06
1.14400296959928e-06
1.19930541786782e-06
1.13735517647046e-06
1.09491883768627e-06
1.03056540322308e-06
1.10865740023341e-06
1.18766463915381e-06
1.20991283123883e-06
1.21962004670007e-06
1.11904829309935e-06
1.10725752404084e-06
1.07129148448268e-06
1.07713360831462e-06
1.12629528041899e-06
1.12289938990835e-06
1.33736417464408e-06
1.20392935627059e-06
1.15340328369232e-06
1.12848462673294e-06
1.12115678994533e-06
1.12694482842536e-06
1.07012132613515e-06
1.15588332169497e-06
1.0649679440666e-06
1.29220842962153e-06
1.09810573256293e-06
1.06389870043815e-06
1.1122913600069e-06
1.03308205963976e-06
1.06261204044564e-06
1.09724552670252e-06
1.0792748985091e-06
1.11512176840054e-06
1.14908852768643e-06
1.05506484213121e-06
1.06868017766848e-06
1.13872533016068e-06
1.13721953934622e-06
1.13062002806017e-06
1.04567105320595e-06
1.03657160733484e-06
1.11261136662e-06
1.05484152388166e-06
9.99335400938601e-07
1.08657426433191e-06
1.23363899283125e-06
1.09552490114234e-06
1.07852024569912e-06
1.08417554187668e-06
1.09418285960587e-06
1.1386645477641e-06
1.0302339559822e-06
1.26106869205927e-06
1.13900698985689e-06
1.03082884974465e-06
1.06105683197246e-06
1.04383831951908e-06
1.15573592024358e-06
1.20648300139025e-06
1.12632876217764e-06
1.15679237616704e-06
1.09287386170368e-06
1.03233631823122e-06
1.11976355837121e-06
1.14255342958551e-06
1.10541995340319e-06
1.10296655389934e-06
1.13390124619666e-06
1.25371665014252e-06
1.06293270186975e-06
1.07274858362871e-06
1.021951910784e-06
1.06927316922124e-06
1.0772821341295e-06
1.03044423136274e-06
1.13647013382753e-06
1.06890718629161e-06
1.1172028865636e-06
1.04434638315026e-06
1.10570860398345e-06
1.13779953230303e-06
1.07702811431746e-06
1.08375341530011e-06
1.10520881806202e-06
1.24464101413725e-06
1.2072646936739e-06
1.05294730321502e-06
1.07526262525625e-06
1.08416771291979e-06
1.09220463329331e-06
1.12596102859046e-06
1.13337387540908e-06
1.24976619211375e-06
1.15535613506631e-06
1.08818527566553e-06
1.10571691133951e-06
1.11946033572735e-06
1.22363184021983e-06
1.1085541688324e-06
1.20685621813078e-06
1.157188599544e-06
1.07522800112399e-06
1.13728613088324e-06
1.16797555934462e-06
1.0928169936517e-06
1.05010698081117e-06
1.09463416290538e-06
1.03834545048832e-06
1.12872734438297e-06
1.06185233653209e-06
1.11780387711038e-06
1.08211853704811e-06
1.05219962722765e-06
1.02699232191321e-06
1.11516725167626e-06
1.09854381468601e-06
1.01444987195317e-06
1.05902132608578e-06
1.17190626365721e-06
1.0641932836678e-06
1.08544092493318e-06
1.03804811981094e-06
1.3852196985386e-06
1.02635275440026e-06
1.10816449985779e-06
1.08042464391977e-06
1.0960598755494e-06
1.14715848515031e-06
1.02908752972613e-06
1.05861285642798e-06
1.06833693842366e-06
1.11040803392423e-06
1.08417840198431e-06
1.25328455903039e-06
1.05960004704831e-06
1.16270644769776e-06
1.06891562293301e-06
1.05673201694449e-06
1.13135528741084e-06
1.13465480047633e-06
1.24075104204079e-06
1.09089543213759e-06
1.15574328108181e-06
1.11077313536037e-06
1.10602931921187e-06
1.14159503168027e-06
1.01271122002335e-06
1.07702728338419e-06
1.15083106841939e-06
1.14032963189446e-06
1.17210913330604e-06
1.09998647685358e-06
1.13983461816871e-06
1.19671788672525e-06
1.0657668433096e-06
1.08542020771583e-06
1.19776851873375e-06
1.22432664002216e-06
1.03986441019212e-06
1.2507803950183e-06
1.04779930912249e-06
1.10424224770447e-06
1.0238784097351e-06
1.11245826691541e-06
1.09943464231671e-06
1.13547674213786e-06
1.18062740282973e-06
1.13426632511407e-06
1.23796535854482e-06
1.06421198159319e-06
1.13956893297745e-06
1.16176090602066e-06
1.25670420138819e-06
1.15542494123907e-06
1.07000238352054e-06
9.86208502159213e-07
1.14192676934949e-06
1.08123501249891e-06
1.14133834090755e-06
1.07728617267318e-06
1.05173202662966e-06
1.07153562979246e-06
1.11488250186929e-06
1.22307194705107e-06
1.11792805932012e-06
1.03110520441683e-06
1.20330688342589e-06
1.10093164721534e-06
1.20754222705627e-06
1.14728543641185e-06
1.0910509620909e-06
1.17642889441006e-06
1.10588780531044e-06
1.21698815363945e-06
1.08036171703226e-06
1.09111557807743e-06
1.1945780263339e-06
1.18467222286238e-06
1.0522348256763e-06
1.07824205725211e-06
1.14595129705198e-06
1.26921858200003e-06
1.11220553859126e-06
1.17295887893658e-06
1.11162480276001e-06
1.12547330809828e-06
1.09574307101687e-06
1.03303386909812e-06
1.02787416507857e-06
1.05103766537415e-06
1.04598937080129e-06
1.03024685464164e-06
1.13951297614483e-06
1.07121668352282e-06
1.04867811396031e-06
1.09249726510514e-06
1.07562908631838e-06
1.07556980264084e-06
1.0652160454147e-06
1.06284235573003e-06
1.15361733777456e-06
1.18358778671835e-06
1.20638054726056e-06
1.00977628963308e-06
1.01210655330655e-06
1.19164855033805e-06
1.02922709520569e-06
1.08802726308549e-06
1.05124165325553e-06
1.1047897064378e-06
1.12120261020916e-06
1.1175779349368e-06
1.13584123313426e-06
1.02245573395673e-06
1.25369689025336e-06
1.1187076411684e-06
1.03357443005326e-06
1.25278802420248e-06
1.0726168558044e-06
1.15315823133049e-06
1.28170873324205e-06
1.04974615647461e-06
1.21576651642467e-06
1.08500452081087e-06
1.0934629276621e-06
1.13406911510557e-06
1.04319193273942e-06
1.33712486545839e-06
1.04253861323715e-06
1.03409088937218e-06
1.06745263350157e-06
1.06977245912465e-06
1.19765979758143e-06
1.08440036832629e-06
1.10077676808627e-06
1.190538362926e-06
1.09862947861219e-06
1.0716015640791e-06
1.0610820864478e-06
1.26430977211454e-06
1.24698445295071e-06
1.15367052553536e-06
1.16027663170932e-06
1.12765017078636e-06
1.06364423464186e-06
1.03177544471065e-06
9.67818298831489e-07
1.04418052547782e-06
1.04435948829426e-06
1.14911378286475e-06
1.1432078434791e-06
1.04948851717687e-06
1.08588824948167e-06
1.05318968253792e-06
1.18061244895668e-06
1.14853839038654e-06
1.027781508247e-06
1.14373300128676e-06
1.04551086064845e-06
1.06525854983611e-06
1.0375493714785e-06
1.04760112639245e-06
1.08616586965841e-06
1.08102101029696e-06
1.09328155690725e-06
1.07375570174572e-06
1.08946029381995e-06
1.14097295827944e-06
1.1249883837098e-06
1.17319448330726e-06
1.03633642335783e-06
1.40861067487704e-06
1.08481002535899e-06
1.16152649586551e-06
1.10325758218756e-06
1.09709105533748e-06
1.24743521358211e-06
1.15962929921093e-06
1.09500739620576e-06
1.18203243964566e-06
1.04987167718409e-06
1.06264821678214e-06
9.94942816393245e-07
1.10517162107948e-06
1.09901411909781e-06
1.14195917217944e-06
1.1366381162786e-06
1.15781584095138e-06
1.03194544713236e-06
1.2108577115988e-06
