9.428997871441e-05
9.18283995165416e-05
9.11237326996403e-05
8.86935418771506e-05
8.07914119337803e-05
9.93749755474472e-05
7.98584382926218e-05
9.62121621717734e-05
8.22245033632439e-05
9.12346832478075e-05
8.65023175800116e-05
7.83158773382373e-05
8.71469770895209e-05
7.80504941300042e-05
0.000100446976871804
9.53082477238366e-05
9.45762299159103e-05
9.71347685302544e-05
9.23534761567449e-05
0.000100915420623533
8.08886218034916e-05
9.55478061209536e-05
9.3959890861995e-05
8.5687320059181e-05
9.05817840208591e-05
8.62347419975458e-05
8.30275878513487e-05
8.65265889174415e-05
0.000100404394195791
9.6179884527026e-05
8.37533100332328e-05
8.74878859767335e-05
8.96947139686502e-05
9.16523342016472e-05
9.85528176335626e-05
8.32881555148408e-05
9.62844763197646e-05
8.85204119093443e-05
9.06996078690815e-05
8.62474566826942e-05
9.15814538250642e-05
9.86371233444349e-05
9.45772976589093e-05
8.80086364574737e-05
9.28127510133913e-05
9.45041903746145e-05
9.08274964720357e-05
8.51677897682997e-05
7.93807035469078e-05
8.46211665549587e-05
9.37337770480152e-05
9.89862730173764e-05
9.18470644225058e-05
9.87111666801642e-05
8.66386405902652e-05
8.57240313592735e-05
8.77202767330229e-05
9.12239449034359e-05
9.59512342714466e-05
8.82025050594541e-05
8.8475306546503e-05
8.58614092640925e-05
8.75709317446325e-05
0.00010384585359873
9.65795637935214e-05
0.000101511079907771
8.2466212243969e-05
9.47646598748718e-05
0.000101332640650189
8.27087241834083e-05
9.09832309636526e-05
9.03370508050169e-05
9.46636235490838e-05
0.00010457098594825
9.22103322463946e-05
8.81047882653907e-05
9.33227450439737e-05
8.99124391672134e-05
8.6852540120521e-05
8.26470733390779e-05
8.58524347217992e-05
9.43167329485158e-05
8.09096640064686e-05
8.52405327822777e-05
8.72328294314882e-05
8.60502050890514e-05
9.20385717998759e-05
9.23319220242757e-05
8.41298667240303e-05
8.86030670412699e-05
0.000102597561346841
9.44258794557088e-05
9.26499423197891e-05
9.11282654282458e-05
9.81062239034934e-05
8.39264752806973e-05
9.17429088299613e-05
9.16805045852837e-05
8.81688683183456e-05
7.97439496832547e-05
9.62725459240248e-05
8.60818515306461e-05
8.17549719212562e-05
8.98960756588816e-05
9.06011353822858e-05
9.30977126683895e-05
8.1239967053866e-05
8.70824902563793e-05
7.51564027438804e-05
8.28438250908024e-05
8.05908892298922e-05
8.92089619288629e-05
8.91136039183968e-05
9.83366530976735e-05
9.22592902806374e-05
9.25978845948259e-05
9.38999798432181e-05
8.26739552839851e-05
9.3597575742566e-05
9.33761055785468e-05
9.20560908561428e-05
8.76889391542288e-05
9.20177294299438e-05
8.88935888087348e-05
8.54767742757598e-05
8.98334217631732e-05
8.8835880006759e-05
8.62701981040439e-05
7.3385055446721e-05
8.19445619308309e-05
7.80176519637197e-05
9.04083338793974e-05
8.67246034585518e-05
9.74256524296397e-05
8.57593048437502e-05
8.37767642727631e-05
0.000116375018324672
0.000105447249615079
8.74656669070575e-05
8.92454132715105e-05
8.75511854389906e-05
9.44849223910309e-05
8.21951354991801e-05
8.24075116603751e-05
9.99724227356692e-05
9.50173297518271e-05
9.71715845766152e-05
9.98179591504302e-05
9.66137833475252e-05
8.80039203926638e-05
8.02363731245636e-05
0.000101102398441001
0.000105949432102616
8.94407714910577e-05
9.34069182947725e-05
7.95986331034324e-05
8.60970288410197e-05
8.91154869988002e-05
8.16868194177595e-05
9.87752840806174e-05
9.1198477694074e-05
8.92488120626643e-05
9.04973120907018e-05
9.76133874946485e-05
8.47822170178723e-05
9.73172716066939e-05
9.74684757759854e-05
8.21756769951009e-05
9.97400567115719e-05
9.24268443085515e-05
9.14427406370874e-05
9.6393807403605e-05
9.04790411881834e-05
7.88850415084864e-05
8.93767824719971e-05
0.000105649986751543
9.50549281183342e-05
9.54919913854876e-05
8.70171238206888e-05
9.26284291689187e-05
0.00010058775335385
8.88019431336334e-05
0.000105599538310333
9.96181650125948e-05
8.70994670472405e-05
8.45048563200395e-05
7.89937149347996e-05
9.55350629521392e-05
8.31144128130076e-05
9.58070592849284e-05
8.60799226507203e-05
8.45349291687784e-05
8.43591025204548e-05
9.56587285247849e-05
8.00444682467195e-05
9.61152569241637e-05
8.72948059149363e-05
9.16731043195896e-05
8.03557054348153e-05
8.86178195751497e-05
9.8139673516632e-05
9.83560262481102e-05
8.37179243485523e-05
9.8122016750326e-05
9.73523048138046e-05
9.29147378496074e-05
8.19998964982993e-05
8.86136102267162e-05
9.04114023644258e-05
8.1249850790024e-05
0.000106033453342818
8.19453463425508e-05
8.08063956737377e-05
8.81765987977873e-05
9.17054372859539e-05
8.71529222583052e-05
8.36778093923584e-05
9.31655497564091e-05
9.20201772836718e-05
8.58823195208455e-05
9.8582523885928e-05
9.63801373418721e-05
9.91274062957331e-05
7.7973424963018e-05
8.95203365881422e-05
8.1628934781014e-05
8.57863293049266e-05
8.27791473060746e-05
8.32386028078578e-05
7.39676651046849e-05
0.000110357242641392
9.16228591974605e-05
9.81623680835742e-05
9.05093933927429e-05
9.61210037492533e-05
9.11222046647238e-05
0.000107958282068383
9.55847407721188e-05
8.71243910403937e-05
8.38677388457781e-05
0.000109184988638081
9.94652119824487e-05
8.70096891333166e-05
8.6588902120939e-05
8.80679655532842e-05
8.5555620119807e-05
8.83048850951225e-05
9.92227717344707e-05
8.16930915492297e-05
8.64930264604757e-05
8.48075110389704e-05
8.37507525932006e-05
9.17794126697634e-05
9.10538139861086e-05
8.73517437552539e-05
9.50898223385909e-05
9.79696858380512e-05
9.41757374876936e-05
9.22798972995866e-05
8.6281561790513e-05
9.21711031716153e-05
9.97441303415105e-05
8.91732065861579e-05
8.71231314199855e-05
0.000101675201819066
8.98006551021838e-05
8.28677146183912e-05
8.24972666979997e-05
8.83980969251711e-05
9.19043402712528e-05
9.70709934012061e-05
9.39222030438094e-05
9.3633575142961e-05
9.35121836069191e-05
8.67397733762182e-05
9.5697614686205e-05
9.53362741757249e-05
8.55354701447274e-05
8.66386284101306e-05
8.69802125731716e-05
0.000105100067758574
9.63769671067571e-05
7.76758488528268e-05
8.76734259537324e-05
8.19063522766106e-05
8.570081259256e-05
8.58614793165357e-05
8.77717164650895e-05
9.07327256057984e-05
9.11322283666049e-05
8.90542851525035e-05
9.55928255713426e-05
9.59079751359359e-05
0.000100593497444518
7.94143340761646e-05
9.43586692703694e-05
8.9410882761543e-05
8.75998981166212e-05
7.98502573214433e-05
0.000108623825299898
9.05351882346662e-05
8.94483076180929e-05
7.66204515471893e-05
9.19707131902027e-05
8.94061238887971e-05
9.71606545973423e-05
8.29906420067761e-05
8.51612831149649e-05
9.13407573648999e-05
9.84068947410773e-05
9.0495096127915e-05
0.000101488208282972
9.41012002334272e-05
9.83040673891135e-05
8.86160295355922e-05
9.91436155575651e-05
9.02184225857355e-05
8.46650974342005e-05
7.90782118956316e-05
8.14544240035848e-05
8.50912050068083e-05
9.32872774264996e-05
7.88044061368539e-05
9.82641594110057e-05
8.90883477687158e-05
9.92442734768918e-05
9.22543914847777e-05
8.47059764888788e-05
8.64276170672528e-05
8.74224079360061e-05
8.97234327191907e-05
8.99748656663906e-05
9.43992246215997e-05
9.36639864266643e-05
8.89896340722312e-05
8.54720665419346e-05
9.72491570382627e-05
8.63530393114808e-05
9.18350102680782e-05
8.26550784976911e-05
8.60690066622191e-05
8.91820772119378e-05
8.48209870161767e-05
9.03062484370605e-05
9.09168469508663e-05
9.25947085252355e-05
9.96978876019043e-05
7.75292349409059e-05
9.79371355255723e-05
9.96531163716185e-05
9.88415539541874e-05
0.000111254404679709
8.24178611880979e-05
7.58673844548298e-05
8.56952338932334e-05
9.42032318411827e-05
0.000104788830182134
9.30653111833288e-05
8.73186330403259e-05
8.6222196543783e-05
8.40202172044465e-05
9.34511728430768e-05
9.02301124982625e-05
8.66523334639117e-05
8.8549806552809e-05
8.44462208218385e-05
9.24404919605064e-05
8.4140887394994e-05
9.15738708354262e-05
8.24538566116468e-05
8.21915580252327e-05
9.14937585977931e-05
7.95613237796782e-05
9.98691621787724e-05
8.85184036103873e-05
8.93997180978985e-05
0.000104355149096587
8.60071072063312e-05
9.26756121726851e-05
8.44152079150522e-05
9.18357863392144e-05
8.7620668121684e-05
8.6200688567554e-05
0.000100858648628257
9.65167779625128e-05
8.15020493112726e-05
9.2337125018799e-05
0.00010596534034464
8.13336268842081e-05
9.40539735649551e-05
9.87635215563334e-05
8.17175446698915e-05
7.64462160997299e-05
9.38285580607409e-05
8.45887408097515e-05
9.28866583201858e-05
9.50933538222385e-05
0.000107059381770728
9.24925356738775e-05
8.69449641013986e-05
9.02375411393813e-05
9.05182902313778e-05
9.79626184011208e-05
8.03446879056357e-05
9.5113603070753e-05
8.69298049720758e-05
8.52414307840869e-05
8.045360626156e-05
0.000100712197186465
8.79285512492814e-05
7.81883427132105e-05
7.44642870328824e-05
8.72512357682647e-05
8.04595527036301e-05
9.12994296658957e-05
9.34303595791506e-05
8.34592431705159e-05
9.98466407631554e-05
9.73722686266051e-05
8.33505059434705e-05
8.49869349916317e-05
9.40153272706395e-05
8.58933188906508e-05
9.09843774998129e-05
8.65626318914972e-05
9.30805914963572e-05
9.15261531120057e-05
8.47534355323993e-05
9.58439863965456e-05
8.29354042198188e-05
8.08133706668266e-05
9.53160077694822e-05
8.56409403716593e-05
9.48125229254501e-05
9.38567720231357e-05
9.01976970997309e-05
8.72302425396797e-05
9.43316580031818e-05
8.33739463309865e-05
8.9599089939879e-05
8.65915152434479e-05
9.98666459349061e-05
8.18351984447451e-05
8.89444804440359e-05
9.56125011513983e-05
9.02725550887712e-05
9.30577111015647e-05
9.18344017966526e-05
9.42724157885219e-05
9.36518527342858e-05
8.92743266223106e-05
8.60396494138969e-05
9.09012183506596e-05
8.90749866090458e-05
9.25671121329798e-05
8.19023108751376e-05
0.00010539900366223
9.20690578072009e-05
9.49867422612224e-05
9.27206978989207e-05
9.78074822625346e-05
8.45237094812632e-05
8.13768240227656e-05
9.80118143855583e-05
8.88202792436851e-05
9.71486615377309e-05
8.621838326345e-05
8.75415339018252e-05
9.14307660962033e-05
9.70983469001471e-05
8.75717077751996e-05
8.92214120798056e-05
9.72094391503286e-05
9.45171853805371e-05
8.81090420491924e-05
9.36040202363562e-05
8.6433592800885e-05
0.000105402911999553
9.94304130957166e-05
9.31595890519507e-05
9.50057847338058e-05
8.79901390872832e-05
9.47840374662129e-05
9.33298032399926e-05
8.84679191437103e-05
0.000102101505296114
7.65237911082679e-05
9.70825421749508e-05
8.48588142383654e-05
9.10349330729984e-05
9.82005574795423e-05
8.85049460665057e-05
8.81939601091006e-05
8.54636330217894e-05
0.000100401943404303
9.72941226492873e-05
8.81065685286389e-05
8.76285255538453e-05
8.58688144156169e-05
8.57691013313932e-05
9.18012078758421e-05
8.41205858067897e-05
9.50200395092798e-05
0.0001035223639764
8.90372447903818e-05
8.7515673618102e-05
9.45203451329511e-05
9.05254510700356e-05
9.65935859090406e-05
8.74156572475417e-05
8.80566897518561e-05
9.76119523291254e-05
9.00259701772621e-05
8.63340473141865e-05
9.03847235142556e-05
9.41358454350929e-05
9.57217320608921e-05
8.54610978069843e-05
8.55017210282845e-05
8.56793776415919e-05
9.11895785653972e-05
8.21743553550113e-05
8.90787512757025e-05
8.34391484833421e-05
9.01070985249914e-05
9.12935714913885e-05
8.00747791277419e-05
9.34243275254554e-05
8.94628290611936e-05
9.5161900471484e-05
8.58878438184202e-05
9.69484804562342e-05
8.03608571399202e-05
9.16268562148824e-05
8.72787071588426e-05
9.31014255378553e-05
8.48404750262328e-05
8.72493017417781e-05
8.89179943013306e-05
0.000102015250972295
9.44100265793514e-05
8.78445543169954e-05
9.32215761555843e-05
8.88446286127248e-05
7.88590424524801e-05
0.000103570865359878
8.78025218261623e-05
8.45404889550633e-05
9.56782520594858e-05
8.30796560595279e-05
8.7885509898338e-05
9.5811638901838e-05
0.000119255547595187
9.19582893171804e-05
8.42640534273413e-05
9.32187947827081e-05
9.03089620886349e-05
9.29680669862881e-05
9.78573577505287e-05
8.05529894138655e-05
0.000113751164343413
9.10400024697598e-05
8.61593393573256e-05
9.85517273408319e-05
9.38448820935147e-05
8.99046258598125e-05
9.42169974895115e-05
9.13428860883051e-05
8.01195294815831e-05
9.72464712393779e-05
9.33462915179312e-05
9.58761355719832e-05
8.77805078622983e-05
9.66587818850957e-05
8.85484756064802e-05
8.88428868498451e-05
0.000101449033041525
8.37661027942909e-05
9.64026350955456e-05
9.31463669265521e-05
9.26868931420648e-05
8.61733161184043e-05
9.50291128257146e-05
9.49076213282958e-05
8.83583839623748e-05
8.61502116576524e-05
0.000106002309763348
8.67487295266764e-05
8.40092973602866e-05
9.54759956258612e-05
9.33725292860386e-05
8.71206655456426e-05
0.000103519697728021
9.24470778589304e-05
8.84600531506952e-05
9.36134549785606e-05
0.000107435912443467
0.000107828643613115
9.61947355169153e-05
9.11855665967635e-05
7.87135992361097e-05
9.44669620253572e-05
7.99162964446919e-05
9.01517857285818e-05
9.95245239915948e-05
9.96894634378723e-05
9.87010006347043e-05
8.85191813170833e-05
9.64347292486836e-05
8.11253754531003e-05
8.52518357107433e-05
9.09580399010729e-05
0.000102094982607661
9.46653554726875e-05
9.3921402176616e-05
9.16270127423261e-05
8.65161594588262e-05
8.60645839275562e-05
8.49707769859065e-05
9.33890118939916e-05
9.07273585368769e-05
8.25239854595139e-05
9.19004075040648e-05
9.21156129090168e-05
8.52243980228065e-05
9.60700249826099e-05
9.090899452654e-05
9.2601814039619e-05
9.86426977588552e-05
7.90727410956934e-05
9.21511443200963e-05
8.4810545035207e-05
8.75624415984996e-05
9.408450146751e-05
9.93442093457799e-05
9.81667102270119e-05
9.4600298574299e-05
9.24029532575484e-05
9.89958208071365e-05
8.29568531069323e-05
8.18268729911166e-05
8.7485733738698e-05
9.367923821816e-05
8.77333608095314e-05
9.40823111922085e-05
8.21874950742092e-05
0.000100999168374907
0.000100474872204076
8.63340005748538e-05
9.36752598149436e-05
8.13322088684814e-05
0.000110308575169969
7.86230157265435e-05
9.8308442653089e-05
7.38895262624697e-05
8.80201802190058e-05
0.000101991430068515
9.23676886709978e-05
8.73052590765374e-05
8.9581292430684e-05
9.4161631016537e-05
7.95947271014684e-05
8.05966891217023e-05
0.000108867013429772
8.77914945128975e-05
9.55588223909372e-05
8.58254371369322e-05
9.10656128950286e-05
9.52439970543344e-05
9.72782633521319e-05
9.14846351193336e-05
9.345636054979e-05
9.68488030867386e-05
9.36123667522399e-05
8.78540633319691e-05
9.60032503655728e-05
9.17012750760224e-05
9.50193955412613e-05
8.52821678034843e-05
8.53208256195304e-05
9.15877206995278e-05
9.64703632182773e-05
8.64781665554695e-05
8.67768883360065e-05
0.0001048127222871
9.30479744231204e-05
9.12573065408829e-05
0.000114923446043442
8.96747784692603e-05
9.55769594683963e-05
8.31836857064395e-05
0.00011394032846793
9.06688911232853e-05
0.000103217048362581
8.23321598272758e-05
8.32421096039755e-05
8.16880252942168e-05
9.87143881971215e-05
9.41558637025933e-05
8.31485881037238e-05
8.67777240967052e-05
8.88165022374574e-05
8.21308532735445e-05
9.37316239963007e-05
9.16236389269611e-05
0.000114703550450961
9.88954995292072e-05
9.39922565980854e-05
0.000102724931648198
0.000105942403808369
9.59382718006602e-05
8.50533825643351e-05
9.97466045992755e-05
8.32104606602201e-05
9.47794144337304e-05
8.68459080291731e-05
9.41395274576754e-05
9.56413864703944e-05
8.77544350892975e-05
9.13177319993896e-05
8.96346896498858e-05
9.57496390703791e-05
8.31749533082481e-05
9.91243583443476e-05
8.60336927113229e-05
9.10257502981045e-05
9.27789739089322e-05
8.76695815243646e-05
0.000109439240153462
8.43143720614248e-05
8.98799407145625e-05
8.10711283673794e-05
8.23619093103204e-05
7.56999083052269e-05
9.11013409650665e-05
9.50729649808622e-05
8.53403310170579e-05
9.48217047223265e-05
7.88665903666137e-05
9.13719255139045e-05
8.27347135133766e-05
9.0407492413408e-05
9.97739313306614e-05
9.06308953138641e-05
9.40892279086986e-05
7.72575433286926e-05
8.51696769160728e-05
9.73372345518518e-05
9.78974962202461e-05
9.22457876992153e-05
8.84333631256332e-05
9.88582012364904e-05
9.93321362683122e-05
8.86215664308763e-05
8.99341693101539e-05
9.27290651870676e-05
0.000105667175037795
0.000100155689732112
0.000101268127258814
9.22671169737865e-05
8.5891103216015e-05
7.28543815864265e-05
9.34042901738233e-05
8.44816003546219e-05
8.89722052886222e-05
9.30773696349656e-05
9.05788619380007e-05
9.11575151450091e-05
8.20554814288549e-05
9.21815942585122e-05
9.17582475606861e-05
9.48054282060988e-05
8.5626384342909e-05
9.18504911550625e-05
0.00010517164357915
8.85856214178019e-05
9.39452054538402e-05
8.90382067798879e-05
9.92705189613888e-05
8.98075686287924e-05
9.8400537680979e-05
8.92433029054019e-05
9.48270209679121e-05
0.000117089307695818
8.7824719317759e-05
0.000103597654390512
8.36575807384715e-05
9.9834003304114e-05
8.4243125040467e-05
0.000100818875518458
9.90104294273588e-05
8.9673476962448e-05
0.000101779265438567
9.01770041757428e-05
9.64074467238799e-05
8.28678755155736e-05
8.63990165574437e-05
9.11590708257902e-05
8.92805554998531e-05
8.25863785286801e-05
8.49617019910658e-05
8.81524695578327e-05
0.000104410710191307
8.73176081477338e-05
9.14500861162265e-05
0.000104824474001072
8.83020306443048e-05
8.18957224374128e-05
8.7841379301916e-05
9.57203057344115e-05
9.02473633802131e-05
9.02637710757404e-05
9.81870313475305e-05
8.49684776753574e-05
8.68969713521756e-05
9.18405211724255e-05
8.97695727335035e-05
9.25716260704125e-05
7.87494193083045e-05
9.47898757521583e-05
9.19579121419653e-05
9.30775839925126e-05
9.68347579999827e-05
0.000104832028096654
9.12254783778353e-05
9.79497898275967e-05
9.89442039132958e-05
7.70051959718189e-05
9.12997639998731e-05
9.19668611235046e-05
8.59373491009387e-05
8.99573583742737e-05
0.000105618174885984
8.6210486591565e-05
8.55355200617523e-05
8.84828937572885e-05
8.49325481553128e-05
9.29041803354771e-05
8.09075093316639e-05
9.0786103364921e-05
9.86788378446986e-05
8.81399906275008e-05
0.000104240999776782
9.34895806678217e-05
8.73017268044031e-05
8.68264699387091e-05
9.48635611714857e-05
8.95690535931244e-05
9.15351225446347e-05
9.74343520961318e-05
9.48196131656231e-05
7.94608893760357e-05
8.53872558667397e-05
8.16938626512291e-05
9.14352964645245e-05
9.14002935129157e-05
9.28106974344643e-05
9.61524470957071e-05
0.000102221684623185
9.81391321327389e-05
8.53664122871391e-05
8.54247095489922e-05
9.76140936330907e-05
9.23541723198215e-05
9.18281767885946e-05
7.92797969500009e-05
9.61352143291501e-05
8.76771472753218e-05
8.45370759678689e-05
8.84528529262501e-05
9.23585366495381e-05
0.00010184102768719
9.42928408656073e-05
0.000108610765452938
8.91060807607024e-05
9.44856087971131e-05
0.000102202020350873
9.168056360341e-05
9.96639529069615e-05
9.55709845432216e-05
8.82502686947073e-05
8.96336788991525e-05
8.31542731552596e-05
0.000106731119553875
8.2484744275539e-05
8.83612204840855e-05
8.39878830317604e-05
0.000101271662737521
8.84243495894235e-05
9.6305891983315e-05
9.02052369490282e-05
0.000103973406390295
8.39458600524881e-05
7.96398667563106e-05
8.91358015128067e-05
8.52534945773359e-05
9.05406392743175e-05
9.39714467875323e-05
7.73720983014416e-05
8.9057242985033e-05
8.66161371968211e-05
7.79965834554651e-05
8.98141940704133e-05
8.99541199543258e-05
8.24805831845072e-05
9.56379199945035e-05
8.73211625214416e-05
8.19616570018771e-05
8.07553627572164e-05
8.70360134133774e-05
0.000101173804258968
0.00010042245168165
9.829038996893e-05
8.85868476859635e-05
8.76363567053018e-05
9.33527422554601e-05
7.90629506631999e-05
9.36909116969826e-05
8.52444025998183e-05
9.73880773617679e-05
9.30500079338679e-05
9.47652597241531e-05
0.00010649338068667
9.00065056319482e-05
9.76611973613579e-05
9.04907103359564e-05
8.99679130001741e-05
9.85942518393163e-05
8.78289332517328e-05
9.76068621760828e-05
0.000102076319271234
8.90055995867883e-05
0.000101738375903481
8.74947245487298e-05
9.04157110812536e-05
9.42945958239065e-05
8.44927135493587e-05
0.000105859074556523
8.23277728015149e-05
9.18495130753611e-05
8.91089884640236e-05
8.57165497643363e-05
8.72020236300027e-05
9.17225190130272e-05
9.60366211089257e-05
8.75380045284499e-05
8.14519001968371e-05
9.23163720013587e-05
9.06466231386352e-05
0.000103627803867583
0.000100886903833671
8.94827022055013e-05
0.000108338258063238
9.55778414083293e-05
7.89189343028945e-05
9.03919582680315e-05
8.34651673634759e-05
8.99974440716794e-05
8.60216669887757e-05
9.38662582433447e-05
9.47502641121357e-05
8.40763798594429e-05
8.75005461427965e-05
8.97438334391759e-05
8.36811768305689e-05
8.62543389614288e-05
8.69287931138549e-05
9.858222444234e-05
8.75695836156524e-05
8.30898640330982e-05
8.6189797705349e-05
9.30423156226496e-05
8.37992759079421e-05
9.14871791014195e-05
8.75833497542171e-05
8.42841118416787e-05
8.24575077265969e-05
8.88068083223853e-05
9.34307600370362e-05
8.96010885003097e-05
7.93425129810214e-05
0.000110828618142772
9.52046522715313e-05
9.67858636679068e-05
8.45998136988338e-05
9.51763944836876e-05
9.3116115403295e-05
8.91684891251095e-05
8.69137910560233e-05
9.599431630847e-05
8.9601951422636e-05
8.75849261382646e-05
7.4068339606805e-05
9.34265733610775e-05
9.5330822801834e-05
0.000104495315847204
9.27062877479353e-05
9.30963700470431e-05
8.80572687185131e-05
8.96755187197375e-05
