1.33263570281471e-06
1.31101395757279e-06
1.27295674585738e-06
1.27942523278804e-06
1.29407393244872e-06
1.31084478691498e-06
1.30076871415772e-06
1.28830734913438e-06
1.32169783558082e-06
1.30775693123677e-06
1.30737011380911e-06
1.33633964289754e-06
1.27087810565974e-06
1.27525114853781e-06
1.29005188708668e-06
1.2865906732494e-06
1.27546736655901e-06
1.31602241246509e-06
1.33106062832272e-06
1.32297340297128e-06
1.27193852703419e-06
1.35881490857849e-06
1.29180461960158e-06
1.25611772236805e-06
1.35710200905239e-06
1.33845899748086e-06
1.3249265851741e-06
1.30880564002077e-06
1.30990505065937e-06
1.40379940472158e-06
1.32701063755738e-06
1.28029227080027e-06
1.29024370259245e-06
1.26273076470143e-06
1.28637205961256e-06
1.27933344041114e-06
1.3767500573278e-06
1.30895110519794e-06
1.37100208333288e-06
1.33623939336556e-06
1.36504574863534e-06
1.22767197675188e-06
1.33872476958182e-06
1.31597640293145e-06
1.32421329428205e-06
1.3471382887187e-06
1.36827719202966e-06
1.28300300644267e-06
1.27451554987716e-06
1.29718550666538e-06
1.32068637205994e-06
1.27250202429558e-06
1.24390585732319e-06
1.27801889736825e-06
1.30113386474654e-06
1.3183325798421e-06
1.29393527637749e-06
1.36453106130809e-06
1.2544852203648e-06
1.27771395488909e-06
1.34860585875222e-06
1.30752627783921e-06
1.32800106108028e-06
1.32665290441809e-06
1.28331933776851e-06
1.36550104973899e-06
1.3141062323082e-06
1.25815074491397e-06
1.27282985257474e-06
1.30340933437282e-06
1.31158587130062e-06
1.35121323514537e-06
1.32463300649537e-06
1.28386222779731e-06
1.18814817871435e-06
1.33897999810282e-06
1.33905790410541e-06
1.38274807929945e-06
1.29556424023229e-06
1.33030769797667e-06
1.29232829050081e-06
1.33436428659336e-06
1.4060682729921e-06
1.3098546688718e-06
1.30892745450457e-06
1.28152185397706e-06
1.34929593027665e-06
1.34794690832254e-06
1.25808965243628e-06
1.32074658052863e-06
1.26185313323115e-06
1.36691449541863e-06
1.29508115769102e-06
1.28413212398773e-06
1.22563367287905e-06
1.24718666365715e-06
1.28789281717758e-06
1.22406057272204e-06
1.33871346238062e-06
1.25265975165969e-06
1.30339900595867e-06
1.34825307810348e-06
1.35122295090591e-06
1.29020275185977e-06
1.27378575117782e-06
1.32706696787388e-06
1.44847160930858e-06
1.38972044505237e-06
1.24698870728868e-06
1.31423967977311e-06
1.37289334550445e-06
1.35777571922352e-06
1.38729467907686e-06
1.28393057778078e-06
1.30559704085295e-06
1.39696640650623e-06
1.37634733453327e-06
1.33068515727316e-06
1.30323739233098e-06
1.28513157949612e-06
1.26930152670976e-06
1.31792314217491e-06
1.29307204894716e-06
1.29580210100542e-06
1.38500820450765e-06
1.30889014736997e-06
1.25146226173485e-06
1.25176340617291e-06
1.36041822986762e-06
1.34579338877774e-06
1.29209280752991e-06
1.3296506606036e-06
1.38347941690826e-06
1.3630829818862e-06
1.33799334429971e-06
1.29144129893773e-06
1.35055906910374e-06
1.26482362072082e-06
1.31785249067276e-06
1.33432966616057e-06
1.30522555075846e-06
1.3225768335438e-06
1.33939886386268e-06
1.28888910402164e-06
1.33224999405643e-06
1.32596004779226e-06
1.4108109483919e-06
1.29896396061331e-06
1.29471365666816e-06
1.35308750474324e-06
1.3233689405711e-06
1.29751082598786e-06
1.34332971703408e-06
1.30436424525189e-06
1.30381466310402e-06
1.32896923115561e-06
1.33361659676355e-06
1.30048242116815e-06
1.32374024631861e-06
1.31292060735574e-06
1.3036619476553e-06
1.26012566312319e-06
1.34641739100859e-06
1.38262713070616e-06
1.26796970202757e-06
1.37383105710426e-06
1.31883761300998e-06
1.28172616389847e-06
1.27050958497486e-06
1.36475244954237e-06
1.33501585550659e-06
1.31872038460614e-06
1.33694777463917e-06
1.35334122577275e-06
1.29228958759264e-06
1.35350982776749e-06
1.27287708293791e-06
1.32173707931182e-06
1.33421425112299e-06
1.32640848798114e-06
1.36401095377972e-06
1.3628585796301e-06
1.34534502817144e-06
1.35714850428236e-06
1.33597742650438e-06
1.37846934693555e-06
1.33442552222774e-06
1.27435491435516e-06
1.29693720162886e-06
1.32781281038112e-06
1.31700935127841e-06
1.32560484127848e-06
1.25266726662592e-06
1.29251534689868e-06
1.32354498205267e-06
1.29642824508022e-06
1.36000950594514e-06
1.30722695487993e-06
1.35420940551511e-06
1.31730159840925e-06
1.30141968244184e-06
1.30201817504793e-06
1.29472459762434e-06
1.28705735153973e-06
1.34635804696157e-06
1.32587654821808e-06
1.33437401710465e-06
1.2247736148073e-06
1.33056425193295e-06
1.30244918110837e-06
1.25817008146892e-06
1.37143074081774e-06
1.25700567343236e-06
1.28418829874598e-06
1.28845519486235e-06
1.32186890567853e-06
1.30959115042758e-06
1.282802373548e-06
1.22022237712605e-06
1.29262341527435e-06
1.28661218186235e-06
1.37849232690508e-06
1.2599904036598e-06
1.33845494747131e-06
1.29982167174621e-06
1.29684687665204e-06
1.36711042667895e-06
1.29474747297318e-06
1.30048702219444e-06
1.23831767846007e-06
1.30912995655656e-06
1.26187046419291e-06
1.34924464289669e-06
1.40613065702302e-06
1.3332335493199e-06
1.31307096035633e-06
1.27116168539248e-06
1.33246490471878e-06
1.2951529465604e-06
1.26112256581172e-06
1.34644981709055e-06
1.32376723036639e-06
1.25893370062319e-06
1.30268354174569e-06
1.31317447845438e-06
1.3756249150969e-06
1.3565229842213e-06
1.32098984184004e-06
1.32142034437055e-06
1.37868293737552e-06
1.36452006073763e-06
1.3034691417655e-06
1.27120841587247e-06
1.29508946890473e-06
1.38726700343866e-06
1.32024731590118e-06
1.35286179382597e-06
1.27463381547869e-06
1.31976486679121e-06
1.30961618869457e-06
1.29191887065808e-06
1.26860581934597e-06
1.33415248367091e-06
1.34257532274992e-06
1.30869020576316e-06
1.29313990096338e-06
1.35093954612175e-06
1.25936204356704e-06
1.33007806949608e-06
1.30799889712837e-06
1.25730942051015e-06
1.37929732238423e-06
1.31321569522315e-06
1.29951379571013e-06
1.30792583933036e-06
1.34155043607771e-06
1.29471942655973e-06
1.24618520858567e-06
1.32162428018258e-06
1.33964463282966e-06
1.28258635251247e-06
1.29887995984573e-06
1.2973916831355e-06
1.40148353380444e-06
1.27901484028611e-06
1.25858311231684e-06
1.35019995441009e-06
1.3490119326799e-06
1.34389845474645e-06
1.28171192060039e-06
1.41237893319749e-06
1.2473457757627e-06
1.23630616579992e-06
1.25319764181534e-06
1.38258260128614e-06
1.27324655869305e-06
1.27724765424302e-06
1.27865583524345e-06
1.37277460898777e-06
1.24680548025625e-06
1.44695799069168e-06
1.29000481101715e-06
1.28339962072428e-06
1.33774981719686e-06
1.302116628292e-06
1.32082003967576e-06
1.3355304043663e-06
1.26610540878471e-06
1.22783237724433e-06
1.28075946446811e-06
1.31582359082584e-06
1.27677089987947e-06
1.26844684564479e-06
1.30482286474383e-06
1.27505215138257e-06
1.33313802265048e-06
1.28617697272236e-06
1.23515825802447e-06
1.29704229793821e-06
1.25756296289015e-06
1.34680151522479e-06
1.36313040159038e-06
1.29495177294379e-06
1.35754170290695e-06
1.33908072506971e-06
1.29752324044144e-06
1.31317421802966e-06
1.31783437579336e-06
1.2634376659777e-06
1.33124187051241e-06
1.2821998727316e-06
1.2429366256408e-06
1.32630492934962e-06
1.24608906385937e-06
1.37377301343953e-06
1.32744459836384e-06
1.29958644820844e-06
1.34402636987087e-06
1.33652175980868e-06
1.2685459136425e-06
1.24747879137708e-06
1.31209558833858e-06
1.29690787520116e-06
1.31305500067308e-06
1.33992230322763e-06
1.30819586684391e-06
1.27537467890038e-06
1.30643195665685e-06
1.28814814066154e-06
1.32686744052505e-06
1.3015503112396e-06
1.34722220938446e-06
1.27636302646583e-06
1.27417141983967e-06
1.2938307540298e-06
1.34930201348586e-06
1.35680169811291e-06
1.2513491815841e-06
1.34125840772142e-06
1.30887943839875e-06
1.3328350999939e-06
1.21611895214933e-06
1.30412824062447e-06
1.42396092217336e-06
1.28289280015478e-06
1.3101050371766e-06
1.34528494927856e-06
1.28738749347511e-06
1.30042253861857e-06
1.24583326064732e-06
1.29831899441775e-06
1.3071938624996e-06
1.38524072832734e-06
1.30270704550286e-06
1.30469579949449e-06
1.38500497560647e-06
1.29885999362567e-06
1.36825237828655e-06
1.3373617210986e-06
1.3367797647617e-06
1.25166547469202e-06
1.306657787165e-06
1.32068210473105e-06
1.32205603554864e-06
1.26202711594213e-06
1.29114223180249e-06
1.3955422171181e-06
1.31236994423506e-06
1.30191886100476e-06
1.30482434862052e-06
1.30039123904504e-06
1.38150379017079e-06
1.26839316685536e-06
1.33084916194252e-06
1.29257382689792e-06
1.24539437072161e-06
1.299213200597e-06
1.29088541281388e-06
1.29349761677385e-06
1.32206942708213e-06
1.33938647180343e-06
1.34062332748618e-06
1.3157652579242e-06
1.30073189167897e-06
1.31139445268543e-06
1.35409020491543e-06
1.29121236172871e-06
1.26177055060113e-06
1.37938867771286e-06
1.22187696651149e-06
1.28143162743214e-06
1.32884894106756e-06
1.3774806829063e-06
1.32446090858685e-06
1.2809896950429e-06
1.33739113094114e-06
1.3033051744295e-06
1.38087395761452e-06
1.2681136797726e-06
1.3057195012924e-06
1.3253546326592e-06
1.34873205451733e-06
1.32589373242596e-06
1.30719367401155e-06
1.2758676464019e-06
1.27331858945927e-06
1.35454254823583e-06
1.29063406497873e-06
1.27831276058373e-06
1.2930331595091e-06
1.32977561623768e-06
1.37410532829246e-06
1.33240214753721e-06
1.37332067934221e-06
1.37370659410297e-06
1.2992005593808e-06
1.36028586694517e-06
1.25895154402135e-06
1.33400815087709e-06
1.32182280604208e-06
1.338244940001e-06
1.32006873699242e-06
1.28375074405263e-06
1.44892766442875e-06
1.28334712874191e-06
1.38004712737384e-06
1.33670286936332e-06
1.32329717726034e-06
1.2704294634626e-06
1.3257586336312e-06
1.32294867777655e-06
1.29849546649315e-06
1.28081040294552e-06
1.29372529076152e-06
1.34536839750844e-06
1.27596748945547e-06
1.36980863345083e-06
1.24700567337324e-06
1.33329343542977e-06
1.33627872920546e-06
1.31521397866853e-06
1.32133927394073e-06
1.29549509675874e-06
1.4139620831814e-06
1.30409636448254e-06
1.31996373901211e-06
1.39998432768084e-06
1.26223131805704e-06
1.33251169456222e-06
1.31693076388492e-06
1.27342204872016e-06
1.28790541889181e-06
1.33819965735553e-06
1.26504034561254e-06
1.31482534786996e-06
1.33056872614177e-06
1.32514797700658e-06
1.28442046250756e-06
1.37007190476835e-06
1.31255057804626e-06
1.34808786897816e-06
1.3427040164939e-06
1.2884814952238e-06
1.27938708677426e-06
1.2805643770372e-06
1.31100629570251e-06
1.34756346250878e-06
1.38149499556363e-06
1.30576949072626e-06
1.26911876459985e-06
1.29476958182489e-06
1.34561573707611e-06
1.30006868518165e-06
1.29088780153259e-06
1.27884460343137e-06
1.25714838444973e-06
1.2746833744535e-06
1.24387641409582e-06
1.3108037690803e-06
1.31367463035295e-06
1.33157758110773e-06
1.29427705922312e-06
1.31874463495533e-06
1.3315728879928e-06
1.29882043890086e-06
1.33133614276401e-06
1.34094710209821e-06
1.33760236597949e-06
1.30460274639317e-06
1.28473095314576e-06
1.23903437303671e-06
1.31020921498974e-06
1.28802172257871e-06
1.26300886316488e-06
1.32635600348114e-06
1.32331879123581e-06
1.3271764852731e-06
1.31743849329848e-06
1.35547827811827e-06
1.33475643539773e-06
1.32464232300048e-06
1.3334138815419e-06
1.27414465324362e-06
1.27884912984719e-06
1.28230399329068e-06
1.33762572297586e-06
1.32111899787454e-06
1.28890903753724e-06
1.31501549408804e-06
1.31054988132393e-06
1.34616200425494e-06
1.31988919091007e-06
1.25117982675263e-06
1.32739423905015e-06
1.31412949957437e-06
1.36039186529296e-06
1.32936920010861e-06
1.32955647203735e-06
1.36526137227658e-06
1.34847458672657e-06
1.27268334868304e-06
1.30401177547429e-06
1.33072729777915e-06
1.30912236954383e-06
1.29761313410499e-06
1.36313400131297e-06
1.32359474567541e-06
1.25660279053971e-06
1.27149203226369e-06
1.3193044655551e-06
1.34729275255163e-06
1.26073218933265e-06
1.23799083658328e-06
1.3148336990275e-06
1.27798604131865e-06
1.33488610089171e-06
1.31152889148593e-06
1.22964547368275e-06
1.33377165818333e-06
1.30163852099708e-06
1.25717903513001e-06
1.28598263033012e-06
1.36174613714948e-06
1.27970896054632e-06
1.34307217414382e-06
1.35208265033891e-06
1.26545541677096e-06
1.2789158873209e-06
1.30304897912999e-06
1.34564289692346e-06
1.33148946520013e-06
1.37073594734909e-06
1.26084422442975e-06
1.33814820236718e-06
1.34429111140874e-06
1.30705932674097e-06
1.3347089890839e-06
1.34397993778842e-06
1.4093810289263e-06
1.32373944158434e-06
1.29667104531439e-06
1.31935615874811e-06
1.2256155635375e-06
1.26238089948858e-06
1.33139093220295e-06
1.32836866973308e-06
1.31643617909022e-06
1.31296467243662e-06
1.33102689968823e-06
1.2756111847183e-06
1.26522993906158e-06
1.36517742603894e-06
1.32445883642881e-06
1.26144441854627e-06
1.33596205398609e-06
1.27040350562924e-06
1.31128651957157e-06
1.29881841260465e-06
1.28499919822202e-06
1.32124420917279e-06
1.29614891836325e-06
1.30975571501273e-06
1.28343387568809e-06
1.30212402694376e-06
1.35127294371096e-06
1.34394356669203e-06
1.30646601983602e-06
1.3402745887685e-06
1.30703058431488e-06
1.38966099615595e-06
1.35616852943739e-06
1.3345589821091e-06
1.34373238513335e-06
1.25897278025137e-06
1.29588362725424e-06
1.28383418508359e-06
1.28426267856644e-06
1.34766690119367e-06
1.30223167603988e-06
1.29255837786614e-06
1.2752688316196e-06
1.34779701821808e-06
1.36690075446885e-06
1.37823645416654e-06
1.30850335099637e-06
1.32535609905244e-06
1.32556690130595e-06
1.31482275300483e-06
1.33890201774929e-06
1.2631569728586e-06
1.28353744249062e-06
1.29843633126289e-06
1.2996200027295e-06
1.3152308326963e-06
1.28136846483024e-06
1.31057259324207e-06
1.29126799590948e-06
1.27388628226075e-06
1.32729507441832e-06
1.24205504864434e-06
1.32027714026332e-06
1.28526735410459e-06
1.29050057742532e-06
1.31485860647846e-06
1.31299174718084e-06
1.31709918385301e-06
1.28897776876244e-06
1.33534814544715e-06
1.27666096893922e-06
1.29661937561244e-06
1.30204874635258e-06
1.31053383434455e-06
1.29640853760667e-06
1.3057184811143e-06
1.20959303563018e-06
1.4310572681849e-06
1.28085765946782e-06
1.3235916645431e-06
1.36173331604608e-06
1.25081260912309e-06
1.35030626451543e-06
1.326827744729e-06
1.31220741358482e-06
1.34440056548033e-06
1.32702552592399e-06
1.31279025921844e-06
1.30384848711035e-06
1.37889462389238e-06
1.3199535372486e-06
1.29574478132761e-06
1.29164000549728e-06
1.24169054529763e-06
1.31713920177058e-06
1.31420939208774e-06
1.27518748023313e-06
1.30410145979214e-06
1.31267935400311e-06
1.28929037540345e-06
1.28371897540165e-06
1.3190998063212e-06
1.31760537555528e-06
1.30728700962174e-06
1.32091244363295e-06
1.27339056163034e-06
1.31840845132683e-06
1.29365624177663e-06
1.34393213658813e-06
1.40064036603479e-06
1.26030044995665e-06
1.28754350441641e-06
1.26891023878814e-06
1.31378895513018e-06
1.28474568177651e-06
1.37279764121296e-06
1.30340108465838e-06
1.31595947058785e-06
1.31509513193147e-06
1.29523279499493e-06
1.25886889299117e-06
1.32359305209126e-06
1.30065618937035e-06
1.29234757314636e-06
1.33259106831702e-06
1.31941042141858e-06
1.33552060781558e-06
1.37016140336182e-06
1.29084639182548e-06
1.34609482424665e-06
1.25580609442572e-06
1.32531725664109e-06
1.27642671158362e-06
1.24593278303372e-06
1.31301833059152e-06
1.32256532716859e-06
1.31874454747858e-06
1.29153462472563e-06
1.26322105601346e-06
1.42054207985254e-06
1.36040160283719e-06
1.33234070484105e-06
1.33847248206026e-06
1.37137329987166e-06
1.26439673133878e-06
1.34348464245934e-06
1.31243138033574e-06
1.29467887772369e-06
1.3158086728684e-06
1.33607226942296e-06
1.32659097493732e-06
1.27548748800345e-06
1.32161390261217e-06
1.27033468610454e-06
1.33643857338867e-06
1.23506079034413e-06
1.3512719105942e-06
1.29484902908945e-06
1.26151877491435e-06
1.30356506628645e-06
1.31699836822389e-06
1.30142512066235e-06
1.22422409338714e-06
1.30357947164574e-06
1.27116079667471e-06
1.35767499481612e-06
1.23224028380732e-06
1.36360405784357e-06
1.36592630131136e-06
1.32133778731908e-06
1.32917046106754e-06
1.30179175433082e-06
1.32534449224785e-06
1.31943215455524e-06
1.34116361990168e-06
1.27243414054797e-06
1.28503231140559e-06
1.26591061810864e-06
1.38536502587104e-06
1.30483374898555e-06
1.28044905203329e-06
1.39563016400928e-06
1.3506268401413e-06
1.36211168163965e-06
1.28105056526215e-06
1.27291805934473e-06
1.29541117624613e-06
1.32363948912042e-06
1.26733015090835e-06
1.24147533772753e-06
1.36609327791635e-06
1.26689102760781e-06
1.32928256297838e-06
1.32535858792855e-06
1.34771699014535e-06
1.3290153243544e-06
1.40379791855443e-06
1.40920854929417e-06
1.33463942523669e-06
1.32013173302367e-06
1.37912620943734e-06
1.32147433353027e-06
1.35809530017006e-06
1.25411843047966e-06
1.27659067203694e-06
1.28428552381337e-06
1.24945604213555e-06
1.255309744672e-06
1.26268369699936e-06
1.34760700713276e-06
1.29819048814337e-06
1.38931609950398e-06
1.23888346461887e-06
1.3578976540936e-06
1.30937804929514e-06
1.30148346174386e-06
1.28119831481861e-06
1.34349988488995e-06
1.29773591475819e-06
1.27758755964738e-06
1.2423226515434e-06
1.33855339366677e-06
1.33801220396087e-06
1.36551900180226e-06
1.28578011691284e-06
1.39186168242442e-06
1.33740115336164e-06
1.34463592409454e-06
1.38923285033429e-06
1.2711548034063e-06
1.33179455146236e-06
1.2991850664086e-06
1.34079370471451e-06
1.29003415337112e-06
1.33851511925901e-06
1.27222508875386e-06
1.26551160090909e-06
1.37429127724765e-06
1.36042460288017e-06
1.39003214456003e-06
1.29447992437554e-06
1.34254088141151e-06
1.33745603987911e-06
1.29752058329858e-06
1.35903033005987e-06
1.30318168861707e-06
1.23739116131305e-06
1.28662327366768e-06
1.221374655065e-06
1.2456393912878e-06
1.2936095800724e-06
1.30802263292794e-06
1.28710211101105e-06
1.2592454600446e-06
1.29231460688827e-06
1.28668886042565e-06
1.40245714256785e-06
1.34408745647757e-06
1.35215538439134e-06
1.35180122485813e-06
1.39964280864411e-06
1.41488131018394e-06
1.29232886648473e-06
1.35205109282932e-06
1.30581199990741e-06
1.28083597092903e-06
1.31202990995932e-06
1.29334234894624e-06
1.38673910507588e-06
1.30431403028275e-06
1.28944907848164e-06
1.28611482930473e-06
1.35969271897496e-06
1.29489581476977e-06
1.36298509645302e-06
1.28941290377662e-06
1.32293848690383e-06
1.2398996306385e-06
1.38283175441805e-06
1.2816887992883e-06
1.30941859817985e-06
1.33408928341337e-06
1.28628618911227e-06
1.31034059078116e-06
1.32712454145521e-06
1.34044149590324e-06
1.31561741336096e-06
1.29404426509644e-06
1.30615110752155e-06
1.39686315213059e-06
1.26094840665337e-06
1.34337231395773e-06
1.30649523353448e-06
1.34091234278397e-06
1.36542059275346e-06
1.39304639398893e-06
1.29612293050425e-06
1.28829239147545e-06
1.29566462888923e-06
1.33395708436193e-06
1.3274539853868e-06
1.25391808935734e-06
1.29399416725841e-06
1.28492602201005e-06
1.32450522406873e-06
1.26139695372749e-06
1.3381707980905e-06
1.27457694649157e-06
1.3085458207788e-06
1.35476736777669e-06
1.27906889031395e-06
1.26964016052269e-06
1.34247440459337e-06
1.28954693539309e-06
1.29960971904689e-06
1.24232453814994e-06
1.31220466670322e-06
1.31706301258534e-06
1.34852422906301e-06
1.31171521448015e-06
1.23500925998378e-06
1.35496250527447e-06
1.29976800405282e-06
1.28877847831409e-06
1.34286524588072e-06
1.31500454446213e-06
1.33966703810434e-06
1.31529210395277e-06
1.33288085098475e-06
1.30459162441439e-06
1.30023646498787e-06
1.26554315392644e-06
1.32478860915967e-06
1.33666766172757e-06
1.32711351848744e-06
1.30552846514562e-06
1.32355826049967e-06
1.33583772671219e-06
1.36644933350285e-06
1.3085725822958e-06
1.39468369369481e-06
1.34414772268469e-06
1.27669172115481e-06
1.27172515908649e-06
1.30896918179506e-06
1.27948384797147e-06
1.34749581571901e-06
1.24328368038784e-06
1.33480337464443e-06
1.2340947134814e-06
1.40882466645915e-06
1.34954248644026e-06
1.31037543187714e-06
1.35508742544018e-06
1.32703565227649e-06
1.30926818744557e-06
1.36807708648561e-06
1.30988947510946e-06
1.29195307813693e-06
1.29783375264228e-06
1.28586492707006e-06
1.32944603258965e-06
1.34150010537174e-06
1.27605495545712e-06
1.30819759275383e-06
1.38875004208534e-06
1.29613781752382e-06
1.28981156111476e-06
1.31683430645318e-06
1.34635184740414e-06
1.30828351337018e-06
1.31879537452249e-06
1.30093204381597e-06
1.32215864996132e-06
1.30625279763974e-06
1.33891193230628e-06
1.42296034166456e-06
1.34467153183607e-06
1.29096820183815e-06
1.30231199661423e-06
1.24160709418548e-06
1.30855923987456e-06
1.37642685767512e-06
1.38753987032142e-06
1.34974675816484e-06
1.28936486118906e-06
1.32465519866521e-06
1.30998008648294e-06
1.22754022707216e-06
1.25541666682424e-06
1.36134500743299e-06
1.31327637214079e-06
1.27435410403109e-06
1.29957054496563e-06
1.29383669874748e-06
1.31218064414251e-06
1.30974814783548e-06
1.2830255672411e-06
1.32116492449456e-06
1.29706239150551e-06
1.28476367425269e-06
1.34106639814375e-06
1.25954123604717e-06
1.3184039714081e-06
1.31207793733049e-06
1.33062907374907e-06
1.3392855147498e-06
1.32844704770088e-06
1.27816183040337e-06
1.28315056288117e-06
1.30913641493902e-06
1.34797178459519e-06
1.33673420574072e-06
1.33141686839003e-06
1.36830787879255e-06
1.30024659088851e-06
1.37317693626256e-06
1.27783671665272e-06
1.31261116477287e-06
1.36468997146961e-06
1.30672349385657e-06
1.26689797581188e-06
