3.11567692023308e-09
3.89767386298573e-09
3.21559333410209e-09
3.94333756545723e-09
2.80181797828493e-09
3.33320002877448e-09
3.10911302543322e-09
3.72385018466989e-09
2.99337866613827e-09
4.09531832002837e-09
2.71337095574152e-09
3.7319547282433e-09
2.93742865326282e-09
2.85098097129277e-09
3.60358691272576e-09
3.68189709112577e-09
3.18890789812957e-09
3.91294900926654e-09
3.79217309215565e-09
3.79634533481526e-09
3.1520666194228e-09
4.10483457233341e-09
3.15427231510402e-09
2.98768082604007e-09
3.31687097515045e-09
3.29944395752013e-09
2.95822392668225e-09
2.7690457333741e-09
3.61323252657891e-09
3.2848803049405e-09
3.25518921584017e-09
3.2888728276715e-09
2.85495563090893e-09
3.20287233604176e-09
3.13940852549754e-09
3.25091978383578e-09
3.29042001820551e-09
3.37583217937181e-09
2.81211818396289e-09
3.10259559550714e-09
3.58699105055385e-09
3.9162681225423e-09
3.85681549217619e-09
3.11893275995168e-09
3.42608690237832e-09
3.15456881932795e-09
3.39071181587757e-09
2.89118076725636e-09
3.07924920496254e-09
2.87995348047299e-09
3.61726830766651e-09
3.08486380623662e-09
2.79948895600118e-09
4.53350257169444e-09
3.04007856065173e-09
2.94251466942119e-09
3.04454813060987e-09
3.33730348507181e-09
3.51107053394246e-09
3.12832593434908e-09
3.01788830238225e-09
3.11442697537861e-09
2.97891458705305e-09
4.12642415922983e-09
3.50690896371194e-09
3.54579935246861e-09
3.08833162112371e-09
3.04613760300464e-09
4.65447073567428e-09
3.25577059063887e-09
3.04902599753975e-09
3.18573606461258e-09
3.54637439804921e-09
4.1329404969562e-09
3.95700679659519e-09
3.05616893807122e-09
3.27183804138911e-09
3.2673536907159e-09
3.30178886436056e-09
2.85987775473052e-09
3.26982104304214e-09
2.85255604486765e-09
3.1822177675434e-09
4.0242349612108e-09
2.89035667381704e-09
3.25741768336593e-09
2.93851028029746e-09
3.05548866650595e-09
3.61303773720918e-09
4.36213302992499e-09
3.2527344741913e-09
3.36603552147695e-09
3.31354247084986e-09
3.16170226897326e-09
3.40006004788043e-09
2.99549457883495e-09
3.18822205955306e-09
4.16725016437641e-09
3.05341997573718e-09
3.47310631411028e-09
3.14382121634732e-09
3.32840334883801e-09
2.9983095347069e-09
2.70718211261461e-09
3.64563007101961e-09
3.18035343663857e-09
3.36960328849278e-09
2.94859456640938e-09
3.04625817352479e-09
2.69778454826388e-09
3.03660052779991e-09
3.09499522200908e-09
3.6872511904982e-09
3.3709852265716e-09
3.23278417992693e-09
3.08739051165658e-09
3.45116295715375e-09
3.23116417821587e-09
3.25701830334665e-09
3.06774166771393e-09
3.78595919905329e-09
4.12276535495057e-09
3.19509883799282e-09
2.80609087699255e-09
3.07783493708653e-09
3.43041158785382e-09
3.14450655501361e-09
3.0547476415699e-09
3.003264212171e-09
3.11612156419443e-09
3.38294666336395e-09
3.36344885426224e-09
3.33688672469397e-09
3.90109238184063e-09
3.01153396238393e-09
2.79515744024282e-09
4.14740798223157e-09
3.48495098772243e-09
2.89207512492929e-09
3.59886040582934e-09
2.83172839556617e-09
2.97329944118758e-09
3.18594848607401e-09
2.80501851830847e-09
4.30743046909208e-09
4.13947921735279e-09
2.9983185759897e-09
3.31228809775279e-09
3.57485506864833e-09
3.26039152454723e-09
3.09151471835116e-09
4.17418616549508e-09
3.85277445427323e-09
2.95593533497563e-09
3.30704093392374e-09
3.1751607693466e-09
3.7291112983113e-09
4.3685007621515e-09
3.01362160959189e-09
3.40696972784398e-09
3.31261779995789e-09
3.38049703364713e-09
3.34525526340077e-09
3.44365302419064e-09
3.65562162056493e-09
3.50639820124506e-09
3.4808820381146e-09
3.66656880967137e-09
3.45311770232075e-09
4.20560041233762e-09
3.97455680213778e-09
3.31551931025108e-09
2.99761894595834e-09
3.09430858160752e-09
3.02909404082223e-09
3.89087846499964e-09
3.3810166142443e-09
3.00020942860653e-09
2.86458062217488e-09
3.51175402871296e-09
3.4029013321404e-09
3.58448437216494e-09
3.58485016969127e-09
3.65984783580089e-09
2.93264382767862e-09
3.2009982123558e-09
3.18370560572441e-09
3.97961612658681e-09
3.00993739724229e-09
3.01046044672028e-09
2.90025091147215e-09
3.85525673062086e-09
3.13517980459161e-09
3.50806397565485e-09
2.78102047994825e-09
4.0150265803364e-09
2.82127031971269e-09
3.45677362869231e-09
3.04139778526967e-09
3.38042133935063e-09
3.93454770068957e-09
3.7331229544364e-09
3.2645320126123e-09
3.31528881529825e-09
3.97981114148093e-09
3.29182492902803e-09
3.26569408560477e-09
3.23339351531889e-09
3.16190029932623e-09
3.47498340033519e-09
3.36583338833415e-09
3.45145474393879e-09
3.31765851399652e-09
3.19679241364598e-09
3.20652349214457e-09
3.06177440127596e-09
3.2374189092351e-09
3.38725252284076e-09
2.9415333695888e-09
3.48442079137204e-09
3.4391251372739e-09
3.09102431818249e-09
3.47642790095122e-09
2.9559382442594e-09
3.55231002866094e-09
2.97459856961928e-09
3.20706627729392e-09
3.11328622616135e-09
3.07947811034499e-09
2.86374314984355e-09
3.46828246705403e-09
3.1530687231159e-09
3.30040580024874e-09
3.41322844144486e-09
3.64933392490187e-09
3.02828208257916e-09
4.43453841244506e-09
4.12369985577491e-09
3.58945900910186e-09
2.77666048270114e-09
3.43203475459705e-09
3.38471385475083e-09
2.92179977724463e-09
3.56606785787208e-09
3.67253660584601e-09
2.88164129407322e-09
3.38672508914162e-09
3.11025144644469e-09
3.26288722150347e-09
3.48594399379643e-09
3.01497720372122e-09
3.50640798743547e-09
3.38121135110485e-09
3.45237123345794e-09
2.99303344518327e-09
3.68861802320432e-09
3.93327291993019e-09
4.18374929359101e-09
3.36032148449133e-09
3.15790996118732e-09
2.73024525826512e-09
3.13145716332323e-09
3.53460196421827e-09
2.96654951050771e-09
3.66725608799175e-09
4.1590600357545e-09
3.01930054617399e-09
3.01410315167836e-09
2.86945669833427e-09
3.01249738008004e-09
2.9711545610395e-09
3.29913571040099e-09
2.6471522115333e-09
3.68381693436713e-09
2.93447370242897e-09
3.08696389734181e-09
3.22070682097937e-09
3.30039619614193e-09
3.17393765005715e-09
3.05715601511104e-09
3.66602515504196e-09
4.02743990724782e-09
3.39931935080211e-09
4.3062706031356e-09
3.19770340955656e-09
3.14474094676826e-09
3.07875943034148e-09
3.26358154594551e-09
3.12463478768844e-09
3.26062142354615e-09
3.19354230449584e-09
3.354835549623e-09
3.6113493022115e-09
4.11336399649598e-09
3.10724386178855e-09
2.88662644494616e-09
3.50523143069151e-09
3.12699138517494e-09
3.23638564196155e-09
4.11945663053547e-09
3.46638650539083e-09
3.18628270876252e-09
2.69174481920975e-09
3.67644627190985e-09
3.31072941454979e-09
3.59933416741293e-09
3.34793976938622e-09
3.25200419929204e-09
2.78742228769091e-09
3.32679259277469e-09
3.08548094450784e-09
2.81536606837856e-09
3.02028317943677e-09
3.6538644173283e-09
3.45613161610268e-09
2.96445563147089e-09
3.33724757530817e-09
3.7232549844329e-09
3.1046333212974e-09
3.34122845380782e-09
3.59262462948579e-09
3.45207131411325e-09
2.97480076193223e-09
3.31935243496173e-09
3.31737731276673e-09
3.71781664327566e-09
4.42933852623454e-09
2.7341078274057e-09
3.27013452766898e-09
2.97676867978764e-09
3.85343657954481e-09
2.8537659075708e-09
3.70133928528647e-09
2.9416373712402e-09
2.97489977491369e-09
3.43425988112394e-09
3.04039926917002e-09
3.38377148967713e-09
3.6698584221692e-09
3.17529942702581e-09
2.4880944862568e-09
3.4190977890225e-09
3.18401232533102e-09
3.56422953123756e-09
4.01401971727849e-09
3.28078073819923e-09
3.18880311249865e-09
2.97916877172388e-09
4.10270558146071e-09
3.07033580314034e-09
3.05440253441944e-09
4.26347683503515e-09
2.75772239579567e-09
3.32497919448998e-09
3.19040987783966e-09
4.04098339983049e-09
4.07661751063674e-09
3.00419431364692e-09
2.86853895711061e-09
3.04302157301914e-09
3.51879252107297e-09
3.19712039252269e-09
3.3583739897877e-09
3.24508291510465e-09
3.94178072851698e-09
3.08599615050612e-09
3.71278305617396e-09
3.00728485044129e-09
3.63377292431032e-09
2.92119674354832e-09
2.90644931299763e-09
3.50820105761428e-09
2.80929172931444e-09
3.16072322218252e-09
3.30815609305013e-09
3.23091125006106e-09
3.38440854184908e-09
3.22997264661338e-09
3.38449808175024e-09
2.95243447484162e-09
3.06695356434306e-09
3.42961550313544e-09
3.92053423859063e-09
4.03221878047027e-09
3.1639823778444e-09
3.64733754119831e-09
3.15990211232448e-09
3.77829232749592e-09
3.20492489646076e-09
3.96970028737084e-09
4.03021263212403e-09
3.46867503249986e-09
3.063907859799e-09
3.17507830357012e-09
3.12485581867562e-09
3.39083098167987e-09
3.91214378552204e-09
4.69910941156847e-09
3.82269347679164e-09
3.28977640228708e-09
3.14405232744913e-09
2.94683505394123e-09
3.68948346875383e-09
2.80683947960909e-09
3.74526924145039e-09
3.35780428114819e-09
2.90608844371275e-09
2.94849445785911e-09
3.26821408295394e-09
3.16568720091157e-09
3.19332999789768e-09
3.01925469538462e-09
3.60384211065587e-09
3.01417901236434e-09
3.27103389195667e-09
4.12555186290245e-09
3.42333284635338e-09
3.82152462540242e-09
3.09357801935718e-09
3.08193369928787e-09
3.21026428570955e-09
4.08140670683546e-09
3.1509043112638e-09
3.42938806984782e-09
3.36138644196699e-09
3.67027571721856e-09
3.3377946962778e-09
3.07974883516464e-09
2.90638709040142e-09
3.2919606640203e-09
2.74570096887128e-09
3.00761072144771e-09
3.15281872276792e-09
3.18238725617321e-09
3.21974226682368e-09
3.07070006035308e-09
3.13620763872135e-09
4.32973138008975e-09
3.09186181866576e-09
3.22600133976691e-09
3.72641280105487e-09
3.56214872582283e-09
2.96755383536479e-09
3.27672419502956e-09
3.20990690970893e-09
3.28011912274355e-09
3.14301017453315e-09
4.07118910775465e-09
3.36181446171444e-09
2.94159596779381e-09
3.26167518283597e-09
2.90343165076337e-09
3.93384133977684e-09
3.46964034830831e-09
3.59890951131873e-09
3.27541658734188e-09
4.46212775560121e-09
3.59334432665496e-09
3.94946134896093e-09
3.21055770201605e-09
3.05269759551891e-09
3.09574807698475e-09
2.85578219162107e-09
3.61079628138409e-09
3.58928323469449e-09
3.56937857993639e-09
3.23066034936061e-09
3.98612997313685e-09
3.32864490103706e-09
3.73361053430338e-09
2.96085696295796e-09
2.89776651212926e-09
3.33927317823642e-09
3.05078875633951e-09
2.99745331001975e-09
3.58778685990585e-09
3.01353166765481e-09
3.64657392374138e-09
3.6122295988904e-09
3.15188137874986e-09
3.16910052010606e-09
3.34064049772995e-09
3.76601143074156e-09
2.99420811783002e-09
2.78435929208584e-09
3.59716600189052e-09
2.95686231947196e-09
2.88016998565666e-09
3.01391128722686e-09
2.9997666594152e-09
2.82220313488979e-09
3.73484527976509e-09
3.13813120806479e-09
3.36438241578933e-09
4.01442809737422e-09
3.30130702424085e-09
3.02764892595113e-09
3.60891953300227e-09
3.24009525713826e-09
3.19655778812715e-09
3.02188702162617e-09
3.00540276154515e-09
3.4012668077593e-09
3.6713852264339e-09
3.04620822728005e-09
3.60659610253155e-09
3.15783915388931e-09
2.86399409668766e-09
4.1597837820783e-09
2.85280794244686e-09
3.23960761627464e-09
4.39058098580617e-09
3.33230387123407e-09
3.35410353730876e-09
2.7049989068914e-09
3.1477956576276e-09
3.12351509464769e-09
3.15303851244804e-09
3.26284207660603e-09
3.00876841117195e-09
3.33746393492093e-09
3.90256615659356e-09
3.09623758384216e-09
3.58664441973688e-09
3.17933982711546e-09
3.14257647044603e-09
3.13463504150911e-09
3.28196620290404e-09
3.39106859816312e-09
3.41081465880858e-09
2.9181763696388e-09
3.40648031483172e-09
2.79314579517021e-09
3.13519632914e-09
3.49097662173299e-09
3.29301898626753e-09
3.15377771355984e-09
2.93403193972264e-09
3.2670636735038e-09
2.90354015926653e-09
3.87342572751528e-09
3.58545671882815e-09
3.53607686957152e-09
3.48738240601331e-09
2.89246779550705e-09
3.28045426747093e-09
3.11240875064477e-09
3.32051192201958e-09
3.5694106241223e-09
3.54796804790731e-09
3.47562728377316e-09
3.24787693199784e-09
4.08310632370302e-09
2.92246067703225e-09
2.93818879134431e-09
3.0167431114337e-09
2.93607319920051e-09
3.38758700515481e-09
3.03217029677762e-09
3.06378563264413e-09
4.33038719700316e-09
3.56575401377879e-09
3.15737458765253e-09
3.03831996847657e-09
3.24793327876653e-09
3.33891090849077e-09
3.32033529988386e-09
3.40394291045792e-09
3.28827996815253e-09
3.553589273549e-09
4.0731124498637e-09
4.56081327961695e-09
3.43796544447231e-09
3.37324016661783e-09
3.01521795777661e-09
3.13227608857713e-09
4.52230285888842e-09
3.379272367967e-09
3.31316517048696e-09
4.15417775483129e-09
3.84440211600114e-09
3.53236838293472e-09
3.31558163967598e-09
3.82661289078526e-09
3.21035159061668e-09
3.19065067279767e-09
4.88866761333338e-09
3.08105513001795e-09
3.38231095726194e-09
4.00321911831023e-09
3.65596775037237e-09
3.69035665534755e-09
3.82057374561067e-09
3.54214855161657e-09
3.03088320929071e-09
3.27113582811195e-09
4.57728489002992e-09
4.4308464217885e-09
2.83291315618568e-09
3.66068638110995e-09
2.86866069168147e-09
3.24587759878396e-09
3.21075481818119e-09
3.10527682433266e-09
4.03699231791789e-09
3.23720049611015e-09
3.05039671966594e-09
3.2911402400611e-09
3.65459172317669e-09
3.01757595515384e-09
3.29164338499753e-09
3.44411079639326e-09
4.08425550953694e-09
3.11136221081289e-09
3.82562779861605e-09
3.00040895760617e-09
2.79389655216578e-09
3.21549712703792e-09
3.07266601003765e-09
3.89453149375724e-09
3.36562073333165e-09
3.06665803638795e-09
3.48852866252654e-09
3.20757851124648e-09
3.05356383450582e-09
3.91767401097116e-09
3.59842677053538e-09
2.93499424586018e-09
3.97282565637647e-09
2.84762860245484e-09
3.35212331628536e-09
3.48534038625963e-09
3.06436163095768e-09
3.14411115656647e-09
4.13217460355579e-09
3.24165472377668e-09
4.30153567948434e-09
3.45618141795987e-09
3.86527860581252e-09
2.88528397580951e-09
3.04058325637926e-09
2.81682275404505e-09
4.25944992380112e-09
3.31053401588499e-09
3.19999676849654e-09
2.83810979555045e-09
3.40739106533148e-09
3.66075907779242e-09
2.74593549969775e-09
3.13709877051978e-09
3.67189279897023e-09
3.8680791955043e-09
3.069945754949e-09
2.93477926691876e-09
2.75454398141422e-09
3.15736608002116e-09
3.29089728238736e-09
4.21435199419513e-09
3.07382482161109e-09
2.98239815784504e-09
2.95012447637684e-09
2.89816888847363e-09
2.9079746206962e-09
4.68594367670023e-09
3.37457851014928e-09
3.3968094100579e-09
3.14539379570295e-09
3.44683329410327e-09
4.56094110080325e-09
3.55144754659139e-09
3.03998055228514e-09
3.20112973008764e-09
4.45301356697913e-09
3.71937078664282e-09
3.31051837616249e-09
3.46375104453577e-09
3.11795028066552e-09
3.53715427449092e-09
3.07618746482085e-09
3.83818728000686e-09
3.17519617965115e-09
3.29025019961667e-09
3.33447902171085e-09
3.21706304333426e-09
4.34840909059105e-09
3.18286359994021e-09
3.06054898736721e-09
5.00751207907144e-09
3.55983133457255e-09
2.83324957001207e-09
3.71209405456903e-09
4.01083642040304e-09
3.53630881193526e-09
3.22840675304892e-09
2.95887400205126e-09
3.53761375430256e-09
3.69954560653854e-09
3.86407656139762e-09
3.9053710469386e-09
3.46748895880965e-09
3.33514163000029e-09
3.11581284460671e-09
3.01788936486418e-09
3.42327421893247e-09
3.37719769432514e-09
4.58816349604799e-09
3.64092815081918e-09
3.57171739651073e-09
3.39384215689379e-09
3.37894972505362e-09
3.49344610388788e-09
3.25571119728426e-09
3.74339298197491e-09
3.22818164052042e-09
4.66650501894699e-09
3.2817547366168e-09
2.96834589764761e-09
3.15980165306696e-09
3.0663167413375e-09
3.17686019080125e-09
3.20343610842031e-09
3.03728008768462e-09
3.52126536333315e-09
3.98361188637636e-09
3.05174557927319e-09
2.98623743346507e-09
3.40733735946194e-09
3.49629246588459e-09
3.23602409237186e-09
2.93307588907485e-09
2.79980182188783e-09
3.6510599368978e-09
3.08910303911254e-09
2.72440060437057e-09
3.14171978256427e-09
4.00830187972598e-09
3.16295673541497e-09
3.17587510691103e-09
3.19056504848354e-09
3.0327977447582e-09
3.35636661262664e-09
2.89028123343162e-09
4.23933145093103e-09
3.16682134993114e-09
2.84073848323014e-09
3.31308272860815e-09
2.93043362453086e-09
3.47542211171796e-09
3.97824868265755e-09
3.40961029897926e-09
3.72725493766589e-09
3.15496168269228e-09
2.90427470934697e-09
3.44475666606707e-09
3.79147197548115e-09
3.31374729974125e-09
3.11319043005142e-09
3.31103397948559e-09
3.97620751030922e-09
2.99045436040807e-09
3.26006935492213e-09
2.78842381974445e-09
3.32388652417872e-09
3.04611891210165e-09
2.85036162920026e-09
3.61117305332188e-09
3.0945568646286e-09
3.39732862094135e-09
3.02513990716066e-09
3.36499679589384e-09
3.67326471396059e-09
3.24667022399513e-09
3.24556968915546e-09
3.42866993586238e-09
4.30115339541062e-09
4.02735629581855e-09
3.03089036391801e-09
3.12352543745497e-09
3.29820343298039e-09
3.15406319394761e-09
3.44627686089467e-09
3.50457130691727e-09
4.70132702818161e-09
3.34282333737009e-09
3.28101000719722e-09
3.07196341719127e-09
3.29939302257768e-09
3.99538075936687e-09
3.47268858117738e-09
3.80231813253123e-09
3.67156554886179e-09
2.92632321268764e-09
3.39635505432079e-09
3.66506919904882e-09
3.17585828754661e-09
3.15360331118506e-09
3.18211673666527e-09
2.84061792855927e-09
3.32985331959115e-09
3.19224700616702e-09
3.2951677619163e-09
3.13412079479388e-09
2.85976759889812e-09
2.88936513058688e-09
3.51405952469793e-09
3.13949864260941e-09
2.79667227615233e-09
3.03955566557728e-09
3.55872484229242e-09
2.95444238531564e-09
3.19176476592832e-09
2.76724861492401e-09
5.00283762889454e-09
2.85750219475581e-09
3.1928115926761e-09
3.16538437163409e-09
3.09713396460045e-09
3.66922739475691e-09
2.93752477774824e-09
2.97025371375413e-09
3.04848992648682e-09
3.1363590890429e-09
3.17392106623381e-09
4.32313838725422e-09
3.09134950348317e-09
3.52165012349597e-09
3.02488808853196e-09
3.03269375236326e-09
3.32617114022128e-09
3.5951244287078e-09
4.1284785382581e-09
3.23739793244951e-09
3.44139761056868e-09
3.41488787033352e-09
3.473946285556e-09
3.537370417207e-09
2.81848686956865e-09
3.0347303025916e-09
3.60117508673111e-09
3.59177491546568e-09
3.5113680939517e-09
3.25032416680088e-09
3.39319538692708e-09
3.53242147181969e-09
3.40230794268529e-09
3.13711936235987e-09
4.03203270167316e-09
4.0150373926907e-09
2.85682049382298e-09
4.22944965612979e-09
3.11271778880438e-09
3.51012048977406e-09
3.03608847646842e-09
3.38009403144597e-09
3.26669177350899e-09
3.39541478745016e-09
3.92820579201936e-09
3.48823384300543e-09
4.23432669818566e-09
3.08604290876544e-09
3.59808917054818e-09
3.77346102400501e-09
4.47490970207442e-09
3.65456835159366e-09
3.15531776682006e-09
2.8947892070798e-09
3.31329620804124e-09
3.22471723069344e-09
3.76243864004526e-09
3.20590107706598e-09
2.98980863470931e-09
3.03220013900887e-09
3.31941905243968e-09
3.95995605285579e-09
3.30844672019485e-09
3.05080751323145e-09
3.74671780001435e-09
3.23049981216018e-09
3.91286610660962e-09
3.47574237146895e-09
3.44338037304094e-09
3.94805712345445e-09
3.44911565412767e-09
3.94319549512317e-09
2.99569097413998e-09
3.32793099060298e-09
3.81138776176437e-09
3.70356098902162e-09
3.08740658981396e-09
3.11547100992309e-09
3.56233143650231e-09
4.42697608895027e-09
3.25866740844204e-09
3.86078886018459e-09
3.256707823603e-09
3.52104251062898e-09
3.12452570863394e-09
2.86753701437455e-09
2.92205156561209e-09
2.8655355300461e-09
3.17234991040127e-09
3.00714090009196e-09
3.53423094832818e-09
3.24096769579143e-09
3.05655684918806e-09
2.90203533070317e-09
3.19856673340531e-09
3.24765142203337e-09
3.22839561455633e-09
2.83796273961365e-09
3.60629119744565e-09
3.70013305802961e-09
3.89281249079268e-09
2.86148670137398e-09
2.77842026152625e-09
3.88448416436661e-09
2.92915425998793e-09
2.98014775892306e-09
3.02491877707857e-09
3.0826123145395e-09
3.31422236382445e-09
3.57219747008403e-09
3.65523087207694e-09
3.06265725395243e-09
4.50562464061157e-09
3.37288204626827e-09
3.05176399582014e-09
4.28378322580944e-09
3.15440733108776e-09
3.46733844520119e-09
4.29948755675615e-09
2.99244329772362e-09
4.5118988350223e-09
3.16846133597347e-09
3.09847859747241e-09
3.28402870439801e-09
2.93222133699614e-09
4.79714565919778e-09
2.88509729358124e-09
2.92085794874527e-09
3.23500510514544e-09
3.21307587523852e-09
4.0274900302378e-09
3.2951456897657e-09
3.36946213977815e-09
3.98074160193012e-09
3.5266147810826e-09
2.89563570821715e-09
3.04680427031537e-09
4.10321492439753e-09
3.9843821772143e-09
3.77414490492252e-09
3.70569790832021e-09
3.39451340913662e-09
3.24523000065822e-09
2.96242053057998e-09
2.58749185911023e-09
2.83469754158617e-09
3.08859270690042e-09
3.57884054984332e-09
3.13081058532071e-09
2.85444598130237e-09
3.11118283220189e-09
2.8674006142626e-09
3.87798345387114e-09
3.46985147693848e-09
2.81205068439104e-09
3.27453635119197e-09
3.05504096132212e-09
2.99137182681259e-09
2.97339637509573e-09
2.88297872589926e-09
3.30852237324869e-09
3.31993530974168e-09
3.1587670241816e-09
3.05063277282103e-09
3.08074658407436e-09
3.63723290234121e-09
3.42254920620376e-09
3.69651905666318e-09
2.8026537022102e-09
5.25187074865934e-09
3.03984570805931e-09
3.70793904073073e-09
3.34929941235489e-09
3.20783716996251e-09
4.38758885490146e-09
3.99048861843363e-09
3.36735089460826e-09
3.86614502974987e-09
3.06821933985837e-09
3.08778781737946e-09
2.7889653536211e-09
3.32086285048205e-09
3.23221067334163e-09
3.25585456114805e-09
3.37549408960314e-09
3.68538891843324e-09
2.87914742452804e-09
4.01281737974384e-09
