0.0185356606616789
0.0274529965906388
0.0264103966808589
0.017778786389213
0.0236205945378164
0.0144629307424115
0.0089273923463381
0.0263239395664424
0.0460642688955082
0.0273925083231454
0.0202689205107921
0.0157367174313813
0.0191863645469253
0.0186257494526172
0.0187599251569777
0.0362153182303061
0.0277645521121569
0.0154274723345234
0.0159658799490361
0.0107710970316435
0.012235851700541
0.0113675196341788
0.0159905631865244
0.00510545554489372
0.0111637255278247
0.0354094018698415
0.0120028616620407
0.0176149463097505
0.0170940388530266
0.045787203880539
0.0154048475664077
0.0141772463906515
0.0184323076933021
0.00876837312315082
0.0233897714230911
0.010137217764047
0.0143112165978643
0.0122725012355391
0.0450382126872526
0.029403214867289
0.0165588927276847
0.0186713072853167
0.0183345651289309
0.00875498536245911
0.0143927925212922
0.00951038186808095
0.014229185477392
0.0186180729742976
0.0131457490479182
0.0137915066844615
0.0140424019817775
0.0321150094285726
0.0314571424255324
0.012383419808638
0.0179322089610645
0.026808990031075
0.0258982815640924
0.0386596138084713
0.0228362175692429
0.0255314015850475
0.0258002053223519
0.0138234207193233
0.0139559358831316
0.0243438700521192
0.0319125368676118
0.0238309109886788
0.0131017583954953
0.0234233528168581
0.0243597374438155
0.0187390668370242
0.0234051183351954
0.035596559977969
0.0231326586887927
0.0119052777633256
0.0272059376230472
0.019437132117162
0.0137560390509858
0.013586322928311
0.0239400708145184
0.0200549960099966
0.0153652575931534
0.0294859642844785
0.0249105076698949
0.00978766613020898
0.0189455912454459
0.0102743596855497
0.039632258864657
0.00982749771400293
0.012731925577752
0.0180043756627666
0.0103861003417306
0.0177552033007345
0.0104995387534408
0.0164368657208964
0.0281602776194545
0.0187283097151348
0.0176384569528705
0.0396208422364484
0.0133880844983535
0.0172376955516998
