4485
4550
4541
4513
4548
4537
4533
4547
4497
4515
4463
4530
4509
4554
4508
4560
4508
4524
4496
4549
4524
4554
4556
4514
4545
4556
4536
4512
4552
4536
4541
4509
4533
4552
4497
4507
4513
4496
4555
4503
4547
4486
4519
4477
4493
4549
4470
4567
4551
4525
4530
4539
4510
4500
4523
4530
4514
4516
4544
4544
4545
4489
4516
4515
4540
4473
4533
4497
4559
4531
4553
4473
4540
4504
4553
4531
4522
4529
4524
4553
4506
4514
4546
4509
4498
4524
4545
4531
4545
4509
4460
4499
4529
4531
4558
4530
4503
4529
4536
4510
