7.59916177843538e-05
7.32589320650988e-05
7.35755023842799e-05
7.59601789221468e-05
7.57005442522419e-05
7.57840383402986e-05
7.37679360415818e-05
7.5691294354382e-05
7.35055421422561e-05
7.29574557527194e-05
7.43669363888098e-05
7.66089511874126e-05
7.5778376183301e-05
7.45344406960902e-05
7.60738060452854e-05
7.42665501599068e-05
7.32329938291751e-05
7.39924579649389e-05
7.27969668379109e-05
7.51368882096459e-05
7.46358995730167e-05
7.40117684135668e-05
7.4202451769248e-05
7.49654405151032e-05
7.56359534698326e-05
7.30290218582874e-05
7.27375788079016e-05
7.36725046297417e-05
7.64510856808995e-05
7.43956338250873e-05
7.42797718932391e-05
7.36062793411033e-05
7.28937938052384e-05
7.62257031029064e-05
7.59907849324099e-05
7.30744896473447e-05
7.5330700985801e-05
7.61573029969199e-05
7.21089946781727e-05
7.3951938905082e-05
7.4813847787444e-05
7.58558689028669e-05
7.53494199419597e-05
7.53309165111215e-05
7.43397230620244e-05
7.4984874016235e-05
7.45013927685849e-05
7.50530748027243e-05
7.28092062457876e-05
7.33602098545574e-05
7.43167697931973e-05
7.28928351454552e-05
7.45060964691195e-05
7.615618396032e-05
7.41446281686109e-05
7.39572512330371e-05
7.46813105964906e-05
7.60140454863698e-05
7.54778579038871e-05
7.23511975845301e-05
7.57760450130192e-05
7.58906294414099e-05
7.53666592494094e-05
7.52317761915348e-05
7.70114065710358e-05
7.43786356608072e-05
7.65398013711159e-05
7.42907973106714e-05
7.55927537166772e-05
7.48684635484278e-05
7.4787017657363e-05
7.48037967712386e-05
7.41418757232806e-05
7.50701312479172e-05
7.50956264008503e-05
7.56434440104969e-05
7.58877638779467e-05
7.39392037935548e-05
7.61266821367293e-05
7.5596145879303e-05
7.54688754785432e-05
7.50374789954519e-05
7.66952535104931e-05
7.38590857130734e-05
7.27903769817933e-05
7.47902287322712e-05
7.71885016504321e-05
7.51875625939596e-05
7.36788968230594e-05
7.72706671836197e-05
7.60245869074192e-05
7.21559742079931e-05
7.39427374267917e-05
7.34899376947528e-05
7.62956494862502e-05
7.50738078356036e-05
7.32458848794598e-05
7.35176567784245e-05
7.54071268109191e-05
7.52968163387891e-05
