0.000541315830467954
0.0011739780060396
0.000162121930475079
0.000382547261692742
0.000707625435535131
0.000513900797986621
0.000916095475341767
0.00133881713176089
0.00122063202950718
0.00147661663979158
0.000861726630474472
0.000731496612587075
0.00201246264131096
0.000193922835315956
0.00111625691135761
0.00136889718532878
0.000824533859368255
0.00105549457015522
0.000318931659514104
0.000900676904058641
0.00171767601890942
0.000811923636999881
0.00197680902756477
0.000465858502892338
0.00138716711872293
0.00035115353198718
0.0022443104865637
0.000853380477636279
0.000728168619331498
0.000536565501314517
0.00110125331214903
0.000515724105288677
0.000765496898610895
0.00132770546876618
0.000843952039659194
0.00122690252484125
0.00176749205235501
0.00105506498673813
0.0027930921936243
0.001248598138221
0.000589399731548332
0.00141244043398167
0.00115656684126947
0.00122839339118418
0.000733286362437604
0.000659892552108415
0.00142985734836745
0.00115970231216309
0.00151621767540135
0.00092027751242922
0.00157855431332653
0.00111521965508841
0.00101461505237955
0.00136762536751181
0.00120850404709902
0.000944269553484752
0.000540582989525299
0.00126439458061569
0.00124282336569495
0.00195145004378806
0.000653923131739436
0.00106222393918743
0.00119564874981772
0.000607568030784376
0.00103710813049805
0.00072200642402161
0.00230887647657422
0.00184556040123231
0.000931142291921336
0.00176802309892639
0.00106939507657701
0.000864069398031071
0.000864385848759173
0.00202948315135743
0.00213831861844287
0.00124277333802033
0.000501158515455229
0.000601203061043727
0.00163055631221894
0.00108141577338571
0.00104467582612251
0.00144934670052575
0.000336088612516574
0.00108154313457329
0.00109558426988621
0.000935109770386248
0.000705413965686633
0.000817718477758976
0.00060195190841008
0.00164756684898548
0.000802287213837175
0.00110573742215132
0.000767878517125523
0.00142349789861592
0.00112436949977015
0.000863778617503113
0.000651152137043875
0.00115034107843769
0.000817653664313561
0.00150247411002979
