-0.0320786823141644
-0.0227244119611605
-0.0224953526582038
-0.0218549534764022
-0.0229521237486729
-0.0359123438955144
-0.0295363141601637
-0.0197903682739212
-0.0168093573685788
-0.020570762437096
-0.0158205215880856
-0.0158306965187174
-0.0241899711954979
0.000400275456790557
-0.0274192542886704
-0.0266137127722213
-0.0163620785970376
-0.0188235001800478
-0.0197879430617972
-0.0210015542153679
-0.023619379336576
-0.0271344211285929
-0.0196070627194334
-0.0176751827935451
-0.0205867365107988
-0.0341806061101825
-0.0257199071115258
-0.0164645812807373
-0.0195035069263306
-0.0245275698635748
-0.0171689299544935
-0.0202575165911135
-0.0246273186184427
-0.0188093148900272
-0.0163794147749105
-0.0196347715820574
-0.0176521848820028
-0.0275470242648435
-0.0299068418490444
-0.0104113826178748
-0.0232663625126174
-0.0304818959894298
-0.0170423942505807
-0.0258219900867344
-0.0168526420364831
-0.0261935313042173
-0.0358951060961255
-0.0171192682381114
-0.0106953463996785
-0.0263776998572445
-0.0258724405633597
-0.028279353447572
-0.0180313524285739
-0.0200158287325911
-0.0150728860990795
-0.019175892702123
-0.0163776263151307
-0.0129483550231439
-0.0213420009427865
-0.0165847341103733
-0.00927528347994127
-0.0252206047598281
-0.0126548403181659
-0.0173258558420489
-0.0143574914632575
-0.0207798049765917
-0.0168358403683505
-0.0266629464478052
-0.0152646181623342
-0.0270802346594126
-0.0218508146626432
-0.0132441644766746
-0.021367256108009
-0.0240782916908102
-0.038148336304855
-0.0201658194668339
-0.0179080707733944
-0.0262608933797046
-0.0136274052681665
-0.0175800497295776
-0.0223346738205078
-0.0123819436097786
-0.0240930595168123
-0.0144109563521336
-0.0183238396396891
-0.0128516113692116
-0.0267380653732419
-0.0144498644494372
-0.0285876109268378
-0.0135093949815724
-0.0149719531716732
-0.0242243746740193
-0.0171320019722389
-0.0148963415250592
-0.0254173330792563
-0.0268951505765238
-0.0201787818644058
-0.020818242648595
-0.0168558745914956
-0.0359415700693675
