1.58798199110157e-05
1.12878016805857e-05
1.11356956559765e-05
1.08188870829893e-05
1.13620687006297e-05
1.77774022392645e-05
1.46214235078288e-05
9.7968012612641e-06
8.31947410340465e-06
1.01825082311658e-05
7.87344477352095e-06
7.83675588128682e-06
1.19747030512191e-05
-1.98156102582163e-07
1.35733626305005e-05
1.31744816584243e-05
8.0998089062057e-06
9.31812332159776e-06
9.79567775632131e-06
1.03965137648455e-05
1.16921926697585e-05
1.34324092952782e-05
9.70574467473657e-06
8.78992073461282e-06
1.0233247403941e-05
1.69204284298553e-05
1.27644130821381e-05
8.1824404840989e-06
9.65473243671798e-06
1.21773284874005e-05
8.49903347969578e-06
1.00281887596308e-05
1.22292700723208e-05
9.33926826854839e-06
8.14286700132912e-06
9.71891519260164e-06
8.73825629006775e-06
1.3636495172472e-05
1.48049066848054e-05
5.20021841977454e-06
1.15174557996575e-05
1.50893332043725e-05
8.43639522372228e-06
1.27823508057019e-05
8.34242947066382e-06
1.29665857470998e-05
1.78180854077733e-05
8.52056542563731e-06
5.29414683057033e-06
1.30578080997354e-05
1.28431176363922e-05
1.39988467959418e-05
8.96477969913728e-06
9.96287795147854e-06
7.46151195059216e-06
9.49296481439285e-06
8.14622738401448e-06
6.40934470399427e-06
1.05956115172189e-05
8.20965591063692e-06
4.59148601258726e-06
1.24849581741149e-05
6.29640719507093e-06
8.60839920370337e-06
7.10714035794139e-06
1.03259946259603e-05
8.37124245015513e-06
1.31988535592586e-05
7.59522051947157e-06
1.34053300208558e-05
1.08170007595695e-05
6.59373371062084e-06
1.06177042388169e-05
1.19509750122175e-05
1.88844210448266e-05
9.98058674180541e-06
8.86484681465301e-06
1.29996138249906e-05
6.74592852648114e-06
8.74146976159276e-06
1.10561561318702e-05
6.17116661885909e-06
1.19268564314266e-05
7.17664351264223e-06
9.07091946713069e-06
6.36185691752137e-06
1.32360792469393e-05
7.15323369253755e-06
1.41869236637506e-05
6.69839316052531e-06
7.43071475058042e-06
1.20289116773497e-05
8.48072602723049e-06
7.42520189918325e-06
1.25824807760271e-05
1.33134361330959e-05
9.98905477840593e-06
1.03054891902804e-05
8.38557219163383e-06
1.77903692323131e-05
