0.00952010165493923
0.116185974385131
1.30634354445014
0.0432619022509531
0.226688784745167
0.252832219815623
0.237858335182418
0.224269721539771
0.0188019962027424
0.104641683463165
0.0557002216372353
0.235064426169969
0.0766102562903962
0.903047663796948
0.0441634719965145
0.219388258904868
0.248021011974838
0.238349979380337
0.00511050400397027
0.207311376705337
0.0720716600468349
1.40147834774448
0.301304425092177
0.0969627682783464
0.0940781625024283
1.27818466787416
0.0841778805376284
0.120442666802573
0.0419418403103924
0.0378256349019336
0.227314522541177
0.217589992303737
0.068978935616815
0.0999274585641896
0.073902586394834
0.0276757233249222
0.251512146438353
0.23354789682399
0.266016438336577
0.0828341745867798
1.44979887393717
0.286509354067841
0.242964581907459
1.31274982294943
0.240614711676413
1.22180944568784
0.139006985825457
0.0897427662766162
0.0962293503461649
0.236198804034416
0.0978672532963036
0.220277157904405
0.0909722192512357
0.085719231932344
0.24423298476777
1.08959360321995
0.0977760857545382
0.0696419793874426
0.0973631031631006
-0.00205576984756822
0.0254869269074798
1.34861502213884
0.0707998679793981
0.0615789701767527
0.236067850423256
0.00736733052193436
0.123380337176491
1.4961254079042
0.100675156685471
-0.0298149452315374
1.57087553734605
0.0902826832331487
0.0854225635749609
0.0946631369838724
0.24137921053749
-0.03281230963303
0.00183998450162772
0.0201978278590166
0.149839519133574
0.066739392940319
0.214810253251975
0.110606394494379
-0.00239404798560022
0.0863058189218014
-0.00363896213399865
0.258131302704296
0.0494169722851872
1.44117704364972
0.0791447827681903
0.0772509191371518
0.0449607644579264
0.0855658455568502
0.103223489742542
0.0430904593011227
0.284332239867327
0.149265384849944
0.166053449444685
1.28941861842226
0.136894840419636
-0.0239698632203056
