2.48182658611611e-06
2.61181338898829e-06
2.87528754323529e-06
1.55591808118117e-06
3.26805135180366e-06
3.92148478105513e-06
2.46444189660827e-06
3.03325987675015e-06
2.18920720799737e-06
2.57527437252373e-06
2.27785911750138e-06
3.03132710823741e-06
2.27785911750138e-06
2.51468936401931e-06
1.55806257021892e-06
2.12979590887141e-06
2.27871303129795e-06
5.04334571198287e-06
2.12819314910107e-06
3.05130121644619e-06
4.90395373378069e-06
3.44208664018883e-06
2.975816387555e-06
3.97879906641094e-06
3.45629802569599e-06
4.90395373378069e-06
2.34054930000003e-06
5.51664524868096e-06
1.57252672823121e-06
1.55806257021892e-06
2.26994550720139e-06
2.28852868226555e-06
1.70992837983856e-06
2.60232220801383e-06
2.34054930000003e-06
2.40437032038853e-06
3.08037418901149e-06
2.26747574305181e-06
1.75303126033422e-06
1.53292157137886e-06
2.93239031411198e-06
2.02633445463143e-06
1.74461807088147e-06
2.30820975195652e-06
2.51480025836121e-06
1.63982835869477e-06
1.42087341598121e-06
1.67221606689325e-06
3.3815162663297e-06
4.28605627381059e-06
2.38278368042527e-06
2.93473055445648e-06
2.2257151711526e-06
2.80058539826269e-06
2.41049420950154e-06
1.36329166826997e-06
1.6464424933585e-06
3.30633146546874e-06
3.93909599313866e-06
2.55645953644545e-06
2.69425404833974e-06
2.15472141257259e-06
1.74681268015841e-06
3.03716096206321e-06
3.28614192135577e-06
2.55645953644545e-06
2.09652386575102e-06
5.21610312297466e-06
2.55645953644545e-06
2.23324389454713e-06
2.8155671781008e-06
2.29472437003829e-06
1.67221606689325e-06
3.12837937756693e-06
5.04334571198287e-06
4.1977140286451e-06
3.87547738316519e-06
3.90454543735042e-06
2.63633127586189e-06
4.27660398440787e-06
3.27803715390835e-06
1.76329756242292e-06
4.28605627381059e-06
2.29081268411539e-06
3.26065574102042e-06
1.41277323896377e-06
2.36053920109359e-06
3.86330717120157e-06
2.58041310160456e-06
2.85494371924872e-06
3.86330717120157e-06
2.67166733748399e-06
2.40838088195448e-06
2.50925087983358e-06
1.66931849047633e-06
3.59436956502773e-06
2.86660033475543e-06
2.83101639753311e-06
2.34046540295959e-06
1.66828400601687e-06
4.28824887894066e-06
1.90207308619176e-06
4.28605627381059e-06
2.73988623221472e-06
2.02633445463143e-06
4.53375628215828e-06
4.35883739494546e-06
4.1977140286451e-06
2.52814862713243e-06
2.21704453364225e-06
2.58445837651702e-06
2.30241174138398e-06
2.1046234564635e-06
1.55806257021892e-06
2.03695112924993e-06
2.975816387555e-06
3.98217407895569e-06
2.28623869482505e-06
2.46876956864103e-06
2.0890348464024e-06
2.59766631603997e-06
3.44208664018883e-06
2.59766631603997e-06
1.73753864931956e-06
2.14021097979007e-06
2.87971119010849e-06
2.88555358643218e-06
4.65301387781945e-06
3.87547738316519e-06
1.91415188054127e-06
2.28806890410658e-06
3.71939530285636e-06
2.97417742133697e-06
4.00501695927515e-06
1.73473817138417e-06
1.54077222566321e-06
3.71939530285636e-06
2.65507490924856e-06
2.19269415935138e-06
4.68822209804779e-06
1.72938026286374e-06
2.22067490548715e-06
2.13526554710513e-06
2.20049025150363e-06
1.53205414308736e-06
3.44208664018883e-06
2.17380080529205e-06
1.54881983924575e-06
1.64763952309627e-06
2.12949582040131e-06
2.65232886331339e-06
1.63482151288456e-06
4.75725877172381e-06
2.5138943507528e-06
1.55271946331955e-06
2.11905258091065e-06
2.5060409145934e-06
4.52928472701517e-06
3.12661766029948e-06
3.76383780837257e-06
2.47380017023059e-06
4.90168119305746e-06
1.5216325272291e-06
2.61693953189704e-06
2.32307748742513e-06
2.59973906343858e-06
2.36088106889436e-06
2.11242407118511e-06
1.5591259750622e-06
2.46876956864103e-06
3.71939530285636e-06
3.84707351331325e-06
3.3206458090112e-06
1.75479885501222e-06
2.78737545847323e-06
2.17413448202112e-06
1.94486193888146e-06
2.29081268411539e-06
2.20206088515526e-06
2.50749323635236e-06
2.62396603246606e-06
2.48182658611611e-06
2.73988623221472e-06
1.90831828758983e-06
2.41049420950154e-06
3.12183264125816e-06
1.5299575486053e-06
3.90931476855033e-06
2.41579784954686e-06
3.26141385016331e-06
2.82466990419507e-06
2.20667858863384e-06
2.73988623221472e-06
4.82349277696388e-06
1.63482151288456e-06
1.99522715202484e-06
2.18662878282847e-06
2.30241174138398e-06
1.62687364379017e-06
3.90454543735042e-06
1.56171039911433e-06
2.52814862713243e-06
2.18858152401888e-06
2.28623869482505e-06
2.16958374097482e-06
1.65020858157393e-06
2.13220343263161e-06
2.92168872170333e-06
3.29692116175418e-06
2.38278368042527e-06
4.65575384665164e-06
1.57519403693322e-06
2.5013372514547e-06
3.11226669232856e-06
1.65396741363326e-06
1.51584072444477e-06
2.49407940205888e-06
1.41759771236748e-06
2.51468936401931e-06
2.4282029502184e-06
2.02341801471205e-06
1.73980915997217e-06
1.59751184951166e-06
2.19514187173549e-06
2.78737545847323e-06
2.19028919309883e-06
4.1977140286451e-06
1.67753314798674e-06
1.58580822911711e-06
2.93239031411198e-06
2.47455050421961e-06
3.26141385016331e-06
3.90931476855033e-06
2.53129830232209e-06
3.9069580918452e-06
2.87971119010849e-06
2.53524493591493e-06
2.90888958624093e-06
2.71760820012273e-06
2.15650780983321e-06
3.92148478105513e-06
2.70366091294176e-06
1.58294149596199e-06
3.86330717120157e-06
4.9814731743569e-06
2.28451860622062e-06
2.54054262279783e-06
1.51596503303148e-06
2.81176692707032e-06
1.54402780407833e-06
5.80546732592097e-06
2.59133574950869e-06
2.84775418886316e-06
2.4282029502184e-06
3.76383780837257e-06
1.57404791728001e-06
2.90610414803853e-06
1.36329166826997e-06
4.97124298850193e-06
1.65009844127707e-06
4.48357528122406e-06
3.88220581200603e-06
2.28871194596773e-06
5.20180830819348e-06
2.18920720799737e-06
2.66072234549095e-06
2.84028554569661e-06
2.69155381131312e-06
1.6464424933585e-06
2.50181661691252e-06
2.59133574950869e-06
1.86832717341198e-06
3.32679814865646e-06
1.73473817138417e-06
2.27785911750138e-06
3.83395293927356e-06
4.23033619054379e-06
2.09342741663176e-06
2.24974984062914e-06
1.53845085095409e-06
2.28871194596773e-06
2.18920720799737e-06
4.28605627381059e-06
3.89152329014207e-06
3.00032953991623e-06
1.51478411323981e-06
2.15650780983321e-06
2.26873742332909e-06
2.1680606957885e-06
2.82466990419507e-06
2.13084131731503e-06
3.08037418901149e-06
1.41418076333413e-06
2.63575949388111e-06
2.07197447244436e-06
2.32307748742513e-06
3.86330717120157e-06
2.93239031411198e-06
4.51597211476886e-06
3.9069580918452e-06
1.6221638159705e-06
2.30565052406675e-06
3.08037418901149e-06
1.7091131180721e-06
2.5013372514547e-06
2.27946615742335e-06
1.66830612671693e-06
1.67861341066773e-06
2.63628517382983e-06
3.03325987675015e-06
1.74461807088147e-06
1.93566283146203e-06
2.13220343263161e-06
1.55107380095612e-06
1.52546960237064e-06
1.84453457073517e-06
2.2023936049628e-06
1.72938026286374e-06
3.88220581200603e-06
2.20932489323646e-06
2.23105255892335e-06
2.50950932474977e-06
2.15357272555852e-06
4.31507324172111e-06
2.29870131945582e-06
1.72441329353222e-06
4.29041390494143e-06
2.32247146955923e-06
2.0573753323068e-06
3.3206458090112e-06
2.22704051392478e-06
1.86293894887652e-06
4.91130785626448e-06
1.63982835869477e-06
3.89152329014207e-06
1.59128039808991e-06
2.11662071164337e-06
1.55115552589348e-06
4.90395373378069e-06
3.15232337211788e-06
2.69567856286099e-06
3.61527867186167e-06
2.36053920109359e-06
2.37073341301917e-06
2.9349728319341e-06
1.53216742649201e-06
4.20487777256423e-06
5.00829635623823e-06
2.61693953189704e-06
2.41049420950154e-06
2.28181430500269e-06
1.92505249690868e-06
1.56726381631088e-06
2.24073775774533e-06
2.92168872170333e-06
1.41418076333413e-06
3.22085124651907e-06
2.92290352234926e-06
1.55507800845933e-06
2.11216386594124e-06
4.42082074289604e-06
1.67861341066773e-06
2.53129830232209e-06
2.93473055445648e-06
1.81599601286749e-06
5.03264678565955e-06
4.72777895934785e-06
1.55099902855825e-06
3.13595079430689e-06
2.73233103885481e-06
1.72538157110943e-06
4.44634921729621e-06
2.71913950152399e-06
2.34054930000003e-06
3.03132710823741e-06
2.29500330420209e-06
3.40173531941057e-06
3.89152329014207e-06
2.33837972168606e-06
2.73523047444221e-06
1.63982835869477e-06
2.38117183600824e-06
2.57527437252373e-06
2.24698060433001e-06
2.84028554569661e-06
2.18662878282847e-06
3.12661766029948e-06
2.8001001119707e-06
4.29589642978146e-06
2.53364294018177e-06
2.53524493591493e-06
5.27532205610008e-06
4.95821100845317e-06
2.11662071164337e-06
2.62980059160386e-06
2.29500330420209e-06
4.27660398440787e-06
2.53364294018177e-06
1.63482151288456e-06
2.2257151711526e-06
1.5306973504239e-06
3.09385094498795e-06
2.36809712614162e-06
2.48970945494356e-06
2.46264334860566e-06
2.12979590887141e-06
2.24966315375611e-06
2.60232220801383e-06
1.56067898901025e-06
2.5785952605615e-06
2.26909536619946e-06
3.22085124651907e-06
3.51538020897027e-06
4.23428797014608e-06
2.12819314910107e-06
2.81741724103832e-06
3.88220581200603e-06
2.82899706157253e-06
2.55645953644545e-06
2.686646756105e-06
2.03675371221324e-06
1.74058820637302e-06
2.19269415935138e-06
2.17708316156217e-06
1.87550342946466e-06
2.69567856286099e-06
2.83860289135226e-06
1.91494667807669e-06
1.77819396954453e-06
4.14260380274073e-06
3.12269371790026e-06
1.54077222566321e-06
2.23105255892335e-06
3.22228188531147e-06
2.30627417442958e-06
1.55095114166368e-06
2.32745260468384e-06
2.5013372514547e-06
2.3815199948248e-06
1.61737672653308e-06
2.21704453364225e-06
3.90454543735042e-06
2.47663458434055e-06
2.50573978123469e-06
2.36088106889436e-06
2.55546350715866e-06
2.07545719571382e-06
1.55964765137812e-06
2.43536492224276e-06
2.3825955352974e-06
2.50927234096093e-06
2.69567856286099e-06
2.15357272555852e-06
2.65854703521775e-06
4.61262107313251e-06
2.73444564286668e-06
3.32992226613772e-06
3.07459944097423e-06
2.86145275401737e-06
1.86293894887652e-06
1.56624780045465e-06
2.07197447244436e-06
2.2023936049628e-06
3.02193458273114e-06
1.65396741363326e-06
2.0890348464024e-06
5.20180830819348e-06
3.03325987675015e-06
2.19514187173549e-06
5.08870031265017e-06
2.10579818517114e-06
2.19075505384753e-06
2.30565052406675e-06
3.62872472105868e-06
3.02162431455351e-06
2.47663458434055e-06
2.51412670937028e-06
4.91341889866301e-06
2.5354030741474e-06
2.24966315375611e-06
2.5785952605615e-06
1.66830612671693e-06
4.93527038025265e-06
2.37073341301917e-06
2.71792990906921e-06
3.98217407895569e-06
2.29472437003829e-06
4.85244333037309e-06
1.90831828758983e-06
2.14305875159373e-06
2.15357272555852e-06
1.75479885501222e-06
2.32454578789839e-06
1.72441329353222e-06
3.3815162663297e-06
2.60625050283182e-06
2.49324214015783e-06
2.20667858863384e-06
2.24073775774533e-06
1.73189853090824e-06
3.8812127677995e-06
2.32516724443493e-06
3.87547738316519e-06
2.65507490924856e-06
2.03695112924993e-06
1.8805422561693e-06
2.2568662132328e-06
2.28623869482505e-06
2.99270886076143e-06
2.29470364781683e-06
3.22085124651907e-06
2.69567856286099e-06
2.48182658611611e-06
3.71939530285636e-06
4.28605627381059e-06
1.72441329353222e-06
2.32454578789839e-06
2.22326431573293e-06
2.27871303129795e-06
1.62762725526562e-06
2.50950932474977e-06
2.93239031411198e-06
2.34054930000003e-06
2.67854362118655e-06
2.72291174628296e-06
2.90006897686839e-06
3.90454543735042e-06
4.01371262526297e-06
4.31507324172111e-06
2.28872232878714e-06
1.71935895420904e-06
2.47132232474707e-06
4.31507324172111e-06
2.18858152401888e-06
3.03325987675015e-06
4.75725877172381e-06
1.73473817138417e-06
1.84478411601241e-06
2.63575949388111e-06
4.20487777256423e-06
3.05130121644619e-06
1.63482151288456e-06
1.75153417396361e-06
4.02911855201692e-06
1.84501886733743e-06
2.975816387555e-06
4.20487777256423e-06
1.86886997712078e-06
2.15556981377025e-06
4.00501695927515e-06
1.56895313339388e-06
2.66552248480419e-06
5.24555769797703e-06
4.90395373378069e-06
2.3825955352974e-06
1.59751184951166e-06
2.13220343263161e-06
2.9699222224099e-06
2.33035964282241e-06
1.56726381631088e-06
1.7091131180721e-06
3.30521465376773e-06
3.01073568065302e-06
2.13220343263161e-06
1.41418076333413e-06
2.51480025836121e-06
2.51417957067344e-06
2.2257151711526e-06
4.1977140286451e-06
2.21202495628085e-06
2.0729206974772e-06
2.50573978123469e-06
2.26909536619946e-06
5.10615141283447e-06
2.56275138340333e-06
2.91765099784081e-06
3.84707351331325e-06
3.44208664018883e-06
2.69425404833974e-06
2.26909536619946e-06
3.42101118426223e-06
2.27871303129795e-06
3.84707351331325e-06
3.71939530285636e-06
3.27838765358058e-06
2.88890397581229e-06
1.67839158157676e-06
1.56272083203877e-06
3.3206458090112e-06
2.09342741663176e-06
4.23428797014608e-06
2.15472141257259e-06
1.61737672653308e-06
2.15472141257259e-06
1.53924746727643e-06
5.51664524868096e-06
4.67943100397887e-06
3.10592772527856e-06
2.58445837651702e-06
1.83186415408152e-06
4.03756678772301e-06
2.61181338898829e-06
3.98217407895569e-06
1.67839158157676e-06
1.65009844127707e-06
2.5785952605615e-06
4.28605627381059e-06
4.03756678772301e-06
3.87547738316519e-06
2.00063169641615e-06
2.38278368042527e-06
2.26909536619946e-06
1.56726381631088e-06
4.58738882179416e-06
1.53736608412358e-06
1.72441329353222e-06
2.686646756105e-06
2.26747574305181e-06
3.03325987675015e-06
1.56067898901025e-06
2.11662071164337e-06
2.12979590887141e-06
2.40956994380278e-06
1.64222847643343e-06
4.03756678772301e-06
3.71882409285425e-06
2.63517271967016e-06
1.59353219549105e-06
1.56726381631088e-06
2.12979590887141e-06
1.2837838807519e-06
2.27770441146362e-06
2.92290352234926e-06
2.49407940205888e-06
2.71105789467998e-06
4.58738882179416e-06
4.70607394944702e-06
4.1977140286451e-06
3.13595079430689e-06
2.19028919309883e-06
1.68516041590791e-06
4.27660398440787e-06
1.65396741363326e-06
3.0634760571403e-06
4.08499572079784e-06
2.07197447244436e-06
4.1556299628563e-06
3.90454543735042e-06
1.91424724654275e-06
3.45629802569599e-06
1.7425008819141e-06
2.14305875159373e-06
3.62872472105868e-06
2.51052320308416e-06
2.3825955352974e-06
2.73988623221472e-06
3.27803715390835e-06
1.86293894887652e-06
1.61777449484178e-06
1.67753314798674e-06
2.36053920109359e-06
4.08499572079784e-06
2.46264334860566e-06
2.2568662132328e-06
3.71939530285636e-06
2.58041310160456e-06
1.72538157110943e-06
4.97124298850193e-06
2.73523047444221e-06
2.26873742332909e-06
2.11242407118511e-06
2.41383945103407e-06
2.3362074839049e-06
3.66415351227894e-06
2.32516724443493e-06
2.53263995925805e-06
1.75303126033422e-06
1.51283372760671e-06
4.42082074289604e-06
2.65232886331339e-06
1.98885164397868e-06
2.75802377972113e-06
4.33038727025227e-06
2.38278368042527e-06
2.24698060433001e-06
3.00032953991623e-06
2.55645953644545e-06
5.08870031265017e-06
2.57560665145266e-06
2.46876956864103e-06
1.54319794755164e-06
3.89152329014207e-06
1.83942203553424e-06
2.15472141257259e-06
1.53276205208752e-06
2.1680606957885e-06
3.90454543735042e-06
3.97879906641094e-06
1.75678914637053e-06
2.3825955352974e-06
4.3350894757954e-06
2.13220343263161e-06
3.93909599313866e-06
2.4282029502184e-06
1.61777449484178e-06
2.13220343263161e-06
1.52762645077929e-06
3.8812127677995e-06
1.7938706975688e-06
2.33837972168606e-06
1.59664865487333e-06
4.00501695927515e-06
3.89152329014207e-06
3.03326505128315e-06
3.30633146546874e-06
1.64222847643343e-06
2.2124067230412e-06
2.63628517382983e-06
1.61416171002482e-06
1.55107380095612e-06
2.14497657892068e-06
1.76902464781061e-06
4.39189888216571e-06
5.53506041536871e-06
1.72538157110943e-06
3.98217407895569e-06
2.36088106889436e-06
4.24507809596704e-06
2.99270886076143e-06
1.73473817138417e-06
4.61262107313251e-06
2.71913950152399e-06
2.50258905843801e-06
3.22085124651907e-06
3.76383780837257e-06
1.42087341598121e-06
2.65232886331339e-06
2.47962296002377e-06
1.73313936904819e-06
2.19605239408441e-06
2.19163670967285e-06
1.65020858157393e-06
3.44208664018883e-06
4.80339385246442e-06
3.03087795881112e-06
3.02193458273114e-06
2.22326431573293e-06
2.57277357375969e-06
1.55806257021892e-06
2.3172990239581e-06
3.07459944097423e-06
2.24073775774533e-06
2.7866200135958e-06
5.41008943371445e-06
2.21202495628085e-06
2.20667858863384e-06
3.13595079430689e-06
2.57560665145266e-06
4.28605627381059e-06
1.54834465931069e-06
2.41579784954686e-06
4.88496705729988e-06
2.28181430500269e-06
2.55546350715866e-06
2.29500330420209e-06
3.83395293927356e-06
4.93527038025265e-06
2.24966315375611e-06
3.32833551378751e-06
1.56726381631088e-06
4.81198394026845e-06
1.74787435729087e-06
2.3337593243574e-06
2.27946615742335e-06
2.11242407118511e-06
3.07891282130292e-06
1.2837838807519e-06
2.36053920109359e-06
2.63575949388111e-06
2.51468936401931e-06
2.50749323635236e-06
2.41049420950154e-06
2.53129830232209e-06
2.26909536619946e-06
1.67839158157676e-06
4.27660398440787e-06
2.73988623221472e-06
1.55806257021892e-06
4.91222381603125e-06
1.6831168215317e-06
2.53263995925805e-06
1.2837838807519e-06
2.64595884999072e-06
2.63633127586189e-06
2.15650780983321e-06
2.32516724443493e-06
1.73753864931956e-06
1.64190537776834e-06
2.62396603246606e-06
3.05516551486531e-06
2.90888958624093e-06
4.91130785626448e-06
1.75303126033422e-06
2.69425404833974e-06
2.54054262279783e-06
1.51471826418949e-06
1.75303126033422e-06
2.63517271967016e-06
1.73189853090824e-06
5.41008943371445e-06
1.59353219549105e-06
3.31863240854905e-06
3.29692116175418e-06
1.73037992176633e-06
2.31404685199153e-06
4.33038727025227e-06
1.55690991114172e-06
2.7866200135958e-06
2.27946615742335e-06
2.10455767742298e-06
3.03853284797417e-06
2.59973906343858e-06
4.78467392792834e-06
2.30315961837127e-06
5.20180830819348e-06
2.41049420950154e-06
2.17413448202112e-06
2.86660033475543e-06
1.58580822911711e-06
3.71939530285636e-06
2.11242407118511e-06
2.0890348464024e-06
2.19269415935138e-06
2.71913950152399e-06
1.75303126033422e-06
2.32745260468384e-06
2.48193325132867e-06
3.44208664018883e-06
2.00578891278937e-06
2.18776569276499e-06
2.19274469893401e-06
2.0729206974772e-06
2.30494897660008e-06
2.59973906343858e-06
1.65009844127707e-06
1.63982835869477e-06
3.04545405512013e-06
2.28871194596773e-06
4.28605627381059e-06
2.80087104546564e-06
1.80211027206008e-06
4.23428797014608e-06
3.02193458273114e-06
2.71792990906921e-06
1.73980915997217e-06
1.74787435729087e-06
5.24555769797703e-06
4.1977140286451e-06
2.86145275401737e-06
2.0796836444846e-06
2.53364294018177e-06
1.59751184951166e-06
4.97124298850193e-06
2.53887855403473e-06
2.15650780983321e-06
1.15448258603704e-06
1.63982835869477e-06
3.76383780837257e-06
3.8812127677995e-06
2.30241174138398e-06
3.3206458090112e-06
1.76902464781061e-06
2.65232886331339e-06
4.33322764740593e-06
2.97093473926192e-06
3.32992226613772e-06
3.44208664018883e-06
2.11662071164337e-06
1.59664865487333e-06
2.15556981377025e-06
3.03716096206321e-06
1.52127499166746e-06
2.2882649052305e-06
2.38117183600824e-06
1.3714681929532e-06
2.27785911750138e-06
2.61693953189704e-06
2.13084131731503e-06
1.6831168215317e-06
5.20180830819348e-06
2.63575949388111e-06
2.3206606177944e-06
2.3172990239581e-06
2.53752014887545e-06
2.23105255892335e-06
2.30241174138398e-06
2.36053920109359e-06
1.81902104111778e-06
3.32992226613772e-06
1.55095114166368e-06
1.63982835869477e-06
1.55964765137812e-06
2.1680606957885e-06
2.28852868226555e-06
1.55507800845933e-06
2.32516724443493e-06
1.61152097512535e-06
2.30494897660008e-06
4.60195194783773e-06
3.10592772527856e-06
1.5387008012575e-06
4.72777895934785e-06
3.25698840187227e-06
1.53236121689564e-06
4.01371262526297e-06
2.34054930000003e-06
1.54272389696872e-06
2.63628517382983e-06
2.84922327436474e-06
2.20667858863384e-06
3.00032953991623e-06
3.44208664018883e-06
4.96070060000663e-06
2.3217376515253e-06
2.2023936049628e-06
2.62396603246606e-06
2.02943472578789e-06
3.44208664018883e-06
2.19075505384753e-06
1.7425008819141e-06
2.41179614751062e-06
2.32516724443493e-06
2.18209355832038e-06
3.01804476489724e-06
2.14851528685584e-06
2.60369708822339e-06
1.53229274964014e-06
2.3825955352974e-06
4.68822209804779e-06
3.92148478105513e-06
2.30153854992303e-06
2.59183525782191e-06
2.24974984062914e-06
2.80087104546564e-06
2.75802377972113e-06
3.9069580918452e-06
2.6299488397418e-06
1.65088650660826e-06
4.11019677791334e-06
2.28872232878714e-06
2.83101639753311e-06
1.5649924356371e-06
2.66552248480419e-06
2.31447920717291e-06
1.67861341066773e-06
4.78467392792834e-06
2.87051553784524e-06
1.53624485006789e-06
2.16942180928291e-06
4.31507324172111e-06
2.52814862713243e-06
2.7015452513012e-06
3.76383780837257e-06
2.87971119010849e-06
3.83395293927356e-06
1.3714681929532e-06
1.59664865487333e-06
2.78737545847323e-06
2.99270886076143e-06
2.5985630718192e-06
5.03264678565955e-06
1.61737672653308e-06
1.63482151288456e-06
2.3813839917021e-06
3.08037418901149e-06
2.32745260468384e-06
3.92148478105513e-06
1.61737672653308e-06
2.10552660216515e-06
2.51480025836121e-06
2.46718397912922e-06
2.22067490548715e-06
2.35499208866666e-06
2.12949582040131e-06
3.32679814865646e-06
1.74058820637302e-06
1.54319794755164e-06
2.71792990906921e-06
2.11242407118511e-06
1.72995652105811e-06
1.53542869127783e-06
2.18209355832038e-06
1.65009844127707e-06
3.45629802569599e-06
1.37249800053061e-06
2.3362074839049e-06
2.30627417442958e-06
2.58041310160456e-06
2.24974984062914e-06
1.94879344798059e-06
