4.72059514054457e-07
8.72034060111005e-08
3.8257869085428e-07
5.05409678575588e-07
4.4906055157159e-07
2.59150548052213e-07
3.24896929775181e-07
3.32970183006103e-08
3.83380513991344e-07
4.15029448666837e-07
8.20958363214809e-08
1.24671727780134e-07
2.46476668297496e-07
3.08165197168143e-07
3.63302636698998e-07
4.50955572791672e-07
2.81175706474455e-07
3.19508445872141e-07
2.36974925429954e-07
1.95041420739772e-07
1.60248603674316e-07
3.02838649517683e-07
1.51114147649187e-07
2.29549737525377e-07
2.54678627896758e-07
1.82844566822655e-07
2.99379785145067e-07
3.88913867719661e-07
1.89824565465815e-07
1.78504506300513e-07
1.25550730505015e-07
1.6526927882345e-07
9.63354006176298e-08
1.5359494347319e-07
4.65946412518462e-07
2.99397777913409e-07
2.77922333434183e-07
1.83812750030568e-07
6.26073160885516e-07
4.19311253538097e-07
3.54756427001807e-07
-2.04597454457328e-08
3.14948053324635e-07
2.47737824887023e-07
2.38919293402807e-07
1.87474954461833e-07
2.58685316637393e-07
5.27931992668285e-08
2.98263492856488e-07
4.40311652882061e-07
2.09936191407735e-07
1.70210782365741e-07
6.55848002516373e-07
2.61611065834901e-07
1.86857193155056e-07
2.61561697245705e-07
3.04431876256021e-08
4.4054781888273e-07
3.63059812331301e-07
2.98742612613692e-07
2.93351014979139e-07
1.45558422283019e-07
4.39048750705283e-07
2.9368263553609e-07
4.37754620725337e-07
2.63357692926044e-07
3.23197194403896e-07
2.45836520182206e-07
8.40531937272613e-08
4.11647674146522e-07
4.0056127868489e-07
1.83250739493382e-07
5.46660067772908e-07
1.83584023667145e-07
2.82858815818268e-07
2.80617866918622e-07
2.87797634434944e-07
3.71487205294669e-07
5.08423018555955e-07
2.52054559425245e-07
2.64409926569311e-07
3.56373323899898e-07
2.57226734658338e-07
4.25351222866146e-07
5.33133409938074e-07
2.69705217663907e-07
1.43429895070801e-07
1.66808833514163e-07
1.94055894153676e-07
3.71491767988841e-07
2.43839947254563e-07
6.42710782139903e-07
2.62260626885697e-07
1.89286657770237e-07
2.59745181518797e-07
5.16485965621511e-07
3.29946369104288e-07
3.95443226521176e-07
3.74046092450169e-07
1.54211713129334e-07
