15.6108022462577
-7.86215655448905
4.70694628536876
16.3378023023251
12.9648839823785
-1.38742080442898
0.116643582645338
-8.32388929932495
7.96697200802737
4.28911379066994
-7.81298942331341
-6.99808773580298
-1.94319954977254
1.11433945386671
0.481041345163248
6.99650606546493
-1.73466411864501
3.02500100983889
-3.55616515934526
-4.08936950561474
-5.12556561913516
0.75838223118626
-5.85314283153275
-1.98367167732795
-0.769548976837541
-5.46821206749883
0.0149235121352831
0.505921294650761
-4.49776545770874
-5.59590259249671
-6.19351186729909
-5.79390703715035
-7.43682164922939
-6.90922539844178
7.82408634065359
1.4292591476551
-2.58676914253738
-4.3084103561705
29.7379856036714
8.89710089076834
3.10984549226123
-8.37316961886245
0.883619670115877
-2.16978031874169
-2.76819722680375
-5.48909346261644
-1.965718647014
-8.10296274896245
0.497005427547265
8.89423793931201
-2.82334033028746
-5.53126084283576
26.4314519397303
-2.43092785221233
-3.81839953750023
0.275058453466045
-8.29696999753651
9.54616774417809
5.80774677902809
-0.853686293121427
-2.27001276946976
-6.19335651650908
10.3398659126542
0.400146542539005
8.38312011625385
-1.92331086804916
1.66118742551771
-4.13301619006961
-7.74254060385283
4.24226673311205
3.98440651057172
-5.73109227592067
11.6385911371908
-5.31108319381019
0.564940610536723
0.194035523411003
-1.55281582857424
1.57564596278826
7.08370225869294
-3.3995815768576
-1.69978975714184
1.18679410287587
-2.39880580520548
6.90512927905365
12.8524469650001
-1.53445376284071
-6.38988193057594
-6.37199144416081
-5.17106775630964
0.653123780095484
-2.31483197849593
29.3826566102362
-3.21470322269306
-5.47208547276387
-2.65983255779429
12.5328072245902
-0.503818444805802
10.1004800235532
3.65255815489218
-6.33981774574204
