9.62232879600432e-08
1.16489815737677e-07
1.05548858538234e-07
1.0148047122666e-07
9.70195286778541e-08
9.77168533900267e-08
1.11189354140501e-07
1.06217291453522e-07
9.46775776870418e-08
1.16397255323194e-07
1.06858929981583e-07
1.04634297706683e-07
9.6892729541407e-08
9.97627225076212e-08
1.21796387967607e-07
1.14774360681891e-07
1.08794651525996e-07
9.44273607735449e-08
1.07558661975643e-07
9.37038927804308e-08
8.83398545439804e-08
9.99225266629369e-08
9.42607716603953e-08
9.05145043315683e-08
9.20574480878635e-08
1.06366113906214e-07
1.03069166441423e-07
1.30193885003652e-07
9.58189300191809e-08
1.06243098726408e-07
8.41417021564167e-08
1.0212433698865e-07
9.72254975998602e-08
1.24855354724448e-07
1.15573766903141e-07
9.54113568106122e-08
1.15125035184819e-07
9.07602015827538e-08
1.01167847268548e-07
1.00721045764847e-07
1.04434636727355e-07
1.0855318391438e-07
1.03258542819433e-07
9.91976161171818e-08
1.00586648020375e-07
1.09475847663357e-07
1.01938347476644e-07
9.28273167069169e-08
9.98493857845283e-08
1.05759634695603e-07
8.87547680698117e-08
1.00154999306502e-07
1.10926396428242e-07
1.06972749245905e-07
8.71432857490739e-08
8.8697500801808e-08
8.86640929680685e-08
1.03880367888206e-07
9.62032161483458e-08
1.08585719028221e-07
1.18272546350723e-07
9.78005314490088e-08
1.01308193770637e-07
9.88989910056537e-08
1.06725576057485e-07
1.03433909289266e-07
1.01772993856656e-07
1.18866651372268e-07
1.01785872029129e-07
1.15646536777304e-07
1.13675311236654e-07
1.12069425292328e-07
1.21961679556576e-07
1.04257964921031e-07
9.43311834788657e-08
9.56053559637571e-08
1.09845235997043e-07
1.17484498200307e-07
1.29068218786069e-07
1.12459145737747e-07
1.020446238948e-07
1.14985677819096e-07
1.04809835886269e-07
1.08619698943059e-07
1.1551716079424e-07
1.02798986163099e-07
1.00642922237282e-07
1.16623490906074e-07
1.07647288058836e-07
1.23351557841536e-07
9.88240963081807e-08
1.04360162359948e-07
1.14974683702674e-07
1.10288873769e-07
1.08183433742284e-07
1.12744328648508e-07
1.17312781628997e-07
9.18286606924667e-08
1.07617695226666e-07
1.07098396957892e-07
